# GameN, gameLength, gameElo, minBase, dinBase
1.0,111.0,1000.0,6.2,14.8
2.0,137.0,1000.0,4.0,17.0
3.0,108.0,986.9,6.4,14.6
4.0,81.0,985.4,4.1,16.9
5.0,81.0,984.0,4.4,16.7
6.0,149.0,982.6,5.1,16.1
7.0,78.0,981.4,3.6,17.5
8.0,93.0,1013.7,4.1,17.3
9.0,281.0,1003.9,4.5,17.1
10.0,82.0,1052.4,6.3,15.0
11.0,157.0,1020.1,4.7,16.6
12.0,224.0,1065.6,3.0,18.7
13.0,300.0,1063.9,2.7,19.0
14.0,290.0,1085.5,2.5,19.1
15.0,300.0,1125.2,2.8,18.9
16.0,160.0,1162.0,2.0,19.4
17.0,163.0,1209.3,2.6,18.7
18.0,300.0,1205.9,2.2,19.3
19.0,198.0,1251.2,2.2,19.2
20.0,186.0,1294.9,2.2,19.2
21.0,293.0,1289.8,1.9,19.5
22.0,300.0,1313.4,2.1,19.4
23.0,300.0,1320.0,1.7,19.6
24.0,300.0,1341.1,2.4,19.2
25.0,239.0,1357.5,1.2,19.9
26.0,249.0,1362.5,1.7,19.5
27.0,215.0,1367.4,1.8,19.4
28.0,218.0,1384.8,1.4,19.7
29.0,300.0,1401.0,1.4,19.7
30.0,300.0,1436.2,1.7,19.5
31.0,230.0,1439.4,1.7,19.4
32.0,280.0,1442.5,1.9,19.3
33.0,88.0,1445.5,1.8,19.3
34.0,300.0,1457.8,1.7,19.4
35.0,185.0,1448.0,2.2,19.1
36.0,283.0,1479.8,1.8,19.3
37.0,164.0,1482.2,1.8,19.4
38.0,300.0,1484.6,1.4,19.7
39.0,300.0,1514.2,1.4,19.7
40.0,300.0,1516.1,1.7,19.4
41.0,207.0,1518.1,1.6,19.5
42.0,298.0,1545.5,1.3,19.8
43.0,179.0,1553.0,1.6,19.6
44.0,179.0,1539.3,1.2,19.9
45.0,300.0,1526.4,1.9,19.3
46.0,209.0,1528.2,1.7,19.5
47.0,200.0,1530.0,1.4,19.7
48.0,249.0,1517.7,1.4,19.6
49.0,266.0,1506.2,1.8,19.3
50.0,282.0,1495.2,1.7,19.3
51.0,292.0,1497.2,1.6,19.5
52.0,189.0,1499.2,2.2,19.0
53.0,169.0,1488.7,1.8,19.3
54.0,221.0,1490.8,1.7,19.4
55.0,282.0,1499.8,1.8,19.3
56.0,203.0,1501.7,2.1,19.0
57.0,241.0,1503.7,1.7,19.4
58.0,216.0,1512.0,1.6,19.5
59.0,218.0,1513.8,1.9,19.3
60.0,300.0,1539.1,1.6,19.5
61.0,255.0,1546.1,1.9,19.2
62.0,197.0,1517.1,1.5,19.6
63.0,180.0,1518.9,1.9,19.2
64.0,300.0,1526.5,1.8,19.3
65.0,291.0,1528.1,1.8,19.3
66.0,183.0,1529.7,1.9,19.2
67.0,201.0,1536.9,1.9,19.2
68.0,187.0,1543.8,1.9,19.3
69.0,268.0,1566.9,1.5,19.5
70.0,236.0,1588.8,1.8,19.4
71.0,193.0,1575.0,1.8,19.3
72.0,156.0,1576.3,1.8,19.3
73.0,168.0,1597.5,1.6,19.5
74.0,293.0,1598.6,1.5,19.6
75.0,191.0,1603.6,2.1,19.0
76.0,179.0,1608.5,2.2,18.9
77.0,139.0,1594.1,1.6,19.5
78.0,300.0,1580.4,1.8,19.4
79.0,156.0,1567.4,2.5,18.7
80.0,220.0,1571.8,1.6,19.6
81.0,257.0,1592.7,2.3,19.0
82.0,72.0,1579.3,2.4,18.7
83.0,152.0,1584.7,2.4,18.8
84.0,111.0,1604.8,2.6,18.6
85.0,144.0,1624.0,2.4,18.8
86.0,300.0,1624.9,1.6,19.5
87.0,189.0,1643.0,1.8,19.4
88.0,231.0,1643.8,1.4,19.7
89.0,179.0,1647.6,1.9,19.3
90.0,134.0,1631.9,2.0,19.2
91.0,94.0,1617.1,2.8,18.6
92.0,181.0,1602.9,2.0,19.2
93.0,207.0,1607.6,2.4,18.9
94.0,179.0,1626.1,2.0,19.2
95.0,126.0,1630.2,2.0,19.2
96.0,165.0,1615.6,2.6,18.7
97.0,241.0,1620.0,2.7,18.6
98.0,137.0,1605.9,3.9,17.4
99.0,181.0,1610.4,2.3,18.9
100.0,145.0,1611.3,2.2,19.0
101.0,199.0,1615.7,1.6,19.5
102.0,207.0,1620.0,2.3,18.9
103.0,252.0,1606.1,2.0,19.2
104.0,240.0,1607.0,2.4,18.9
105.0,177.0,1607.9,2.2,19.0
106.0,243.0,1608.9,2.0,19.2
107.0,192.0,1626.8,2.0,19.2
108.0,242.0,1627.6,3.3,18.1
109.0,159.0,1644.6,2.4,18.9
110.0,300.0,1648.2,2.2,19.0
111.0,185.0,1633.3,1.9,19.1
112.0,143.0,1634.5,2.5,18.8
113.0,131.0,1638.3,2.7,18.6
114.0,192.0,1654.6,2.2,19.0
115.0,121.0,1658.1,2.7,18.4
116.0,201.0,1642.9,2.4,18.8
117.0,153.0,1628.5,2.0,19.2
118.0,88.0,1629.2,1.2,20.0
119.0,217.0,1645.8,1.7,19.3
120.0,209.0,1661.6,1.9,19.3
121.0,230.0,1662.2,2.1,19.2
122.0,214.0,1662.9,1.4,19.7
123.0,159.0,1666.1,1.9,19.3
124.0,176.0,1680.9,1.7,19.4
125.0,172.0,1683.8,1.8,19.3
126.0,300.0,1697.8,1.9,19.2
127.0,103.0,1698.3,1.3,19.7
128.0,170.0,1671.2,1.8,19.3
129.0,210.0,1685.6,2.8,18.3
130.0,298.0,1686.1,2.0,19.1
131.0,161.0,1688.9,1.9,19.2
132.0,206.0,1689.5,1.3,19.8
133.0,139.0,1690.0,2.1,18.9
134.0,181.0,1690.6,1.8,19.3
135.0,185.0,1704.0,1.8,19.2
136.0,300.0,1704.5,1.7,19.4
137.0,181.0,1717.3,2.3,18.9
138.0,156.0,1717.8,1.8,19.4
139.0,116.0,1700.8,2.0,19.2
140.0,173.0,1684.6,2.1,19.0
141.0,78.0,1656.1,2.1,18.9
142.0,138.0,1641.8,1.3,19.8
143.0,151.0,1645.2,1.7,19.4
144.0,258.0,1660.3,1.9,19.1
145.0,162.0,1645.9,1.6,19.5
146.0,103.0,1646.6,3.6,17.7
147.0,269.0,1632.8,2.5,18.6
148.0,113.0,1633.5,1.7,19.4
149.0,98.0,1620.3,2.2,19.0
150.0,145.0,1636.3,2.0,19.1
151.0,188.0,1637.0,1.9,19.1
152.0,162.0,1640.5,1.9,19.1
153.0,155.0,1641.2,1.9,19.2
154.0,300.0,1656.2,1.6,19.5
155.0,206.0,1670.6,2.1,19.0
156.0,164.0,1673.5,1.9,19.2
157.0,300.0,1676.3,1.5,19.6
158.0,212.0,1676.9,2.9,18.2
159.0,110.0,1677.5,2.6,18.6
160.0,293.0,1678.0,1.8,19.3
161.0,186.0,1678.6,1.3,19.8
162.0,253.0,1681.3,2.6,18.6
163.0,138.0,1681.9,1.9,19.1
164.0,186.0,1682.4,2.0,19.1
165.0,125.0,1695.5,2.4,18.8
166.0,168.0,1680.2,1.5,19.5
167.0,265.0,1682.9,1.8,19.3
168.0,140.0,1695.9,2.2,18.9
169.0,249.0,1708.4,2.0,19.1
170.0,138.0,1692.7,2.9,18.4
171.0,226.0,1677.6,2.9,18.3
172.0,65.0,1690.7,3.3,17.9
173.0,99.0,1665.7,3.7,17.6
174.0,244.0,1679.3,2.0,19.1
175.0,145.0,1679.8,2.7,18.5
176.0,115.0,1652.8,3.4,17.7
177.0,284.0,1639.4,2.1,18.9
178.0,115.0,1642.7,3.3,18.0
179.0,150.0,1646.0,2.4,18.7
180.0,159.0,1649.1,2.4,18.7
181.0,197.0,1636.0,2.0,19.2
182.0,85.0,1639.3,1.8,19.3
183.0,157.0,1640.0,1.7,19.4
184.0,177.0,1643.2,1.9,19.2
185.0,129.0,1657.5,1.6,19.5
186.0,130.0,1658.1,2.4,18.8
187.0,298.0,1661.0,1.7,19.3
188.0,140.0,1674.6,3.1,18.1
189.0,93.0,1675.1,3.3,17.9
190.0,120.0,1675.6,2.1,19.0
191.0,300.0,1661.6,1.9,19.1
192.0,138.0,1675.0,2.9,18.4
193.0,184.0,1677.7,2.5,18.6
194.0,181.0,1678.2,2.5,18.6
195.0,254.0,1678.8,1.2,19.9
196.0,133.0,1691.5,1.8,19.4
197.0,170.0,1692.0,1.9,19.2
198.0,108.0,1694.4,2.2,19.0
199.0,123.0,1670.2,4.0,17.3
200.0,155.0,1683.1,3.8,17.7
201.0,132.0,1685.7,2.0,19.3
202.0,164.0,1688.2,1.9,19.3
203.0,152.0,1690.7,2.0,19.1
204.0,139.0,1691.2,1.6,19.7
205.0,199.0,1676.8,2.3,18.8
206.0,107.0,1679.4,2.6,18.6
207.0,146.0,1679.9,1.4,19.7
208.0,201.0,1692.4,2.2,19.1
209.0,102.0,1694.8,2.6,18.5
210.0,200.0,1680.4,2.9,18.2
211.0,223.0,1680.9,2.0,19.1
212.0,181.0,1681.4,2.1,19.1
213.0,110.0,1681.9,2.9,18.4
214.0,115.0,1684.4,3.0,18.2
215.0,139.0,1696.6,2.0,19.1
216.0,159.0,1698.9,2.5,18.6
217.0,165.0,1710.6,2.7,18.5
218.0,100.0,1711.0,2.7,18.4
219.0,252.0,1711.4,2.2,18.9
220.0,108.0,1722.5,3.0,18.1
221.0,153.0,1707.3,2.8,18.3
222.0,174.0,1707.7,2.4,18.8
223.0,134.0,1708.1,3.1,18.0
224.0,108.0,1719.3,2.9,18.2
225.0,243.0,1721.4,2.2,18.9
226.0,155.0,1723.4,1.6,19.5
227.0,80.0,1708.2,3.4,17.8
228.0,76.0,1693.6,3.1,18.0
229.0,89.0,1695.9,2.3,18.7
230.0,167.0,1698.2,2.6,18.5
231.0,142.0,1700.5,2.7,18.5
232.0,178.0,1677.1,2.9,18.3
233.0,257.0,1689.3,1.6,19.5
234.0,114.0,1701.1,3.3,18.0
235.0,107.0,1686.8,4.1,17.5
236.0,104.0,1689.2,2.9,18.3
237.0,135.0,1689.7,2.4,18.7
238.0,125.0,1692.1,2.4,18.7
239.0,141.0,1678.2,2.5,18.6
240.0,300.0,1680.7,2.3,18.8
241.0,133.0,1667.3,2.3,18.8
242.0,247.0,1669.9,2.5,18.7
243.0,125.0,1672.5,3.8,17.5
244.0,160.0,1684.8,2.5,18.8
245.0,126.0,1685.3,2.5,18.8
246.0,131.0,1671.7,1.9,19.2
247.0,180.0,1672.2,2.4,18.7
248.0,204.0,1672.8,2.0,19.1
249.0,118.0,1675.3,1.8,19.3
250.0,213.0,1677.8,2.5,18.6
251.0,216.0,1664.6,2.3,18.8
252.0,190.0,1665.2,2.6,18.5
253.0,148.0,1665.7,3.3,17.9
254.0,110.0,1668.4,2.9,18.3
255.0,144.0,1668.9,2.9,18.3
256.0,140.0,1671.5,2.5,18.7
257.0,300.0,1672.0,2.6,18.6
258.0,145.0,1674.5,1.9,19.2
259.0,162.0,1652.1,2.6,18.5
260.0,77.0,1664.9,1.7,19.3
261.0,186.0,1665.4,1.9,19.2
262.0,184.0,1668.0,2.1,19.0
263.0,127.0,1643.7,2.6,18.5
264.0,213.0,1644.3,1.8,19.3
265.0,163.0,1644.9,3.3,17.9
266.0,138.0,1623.0,3.2,18.0
267.0,105.0,1623.6,2.3,18.9
268.0,67.0,1626.9,3.0,18.2
269.0,123.0,1630.0,2.3,18.9
270.0,152.0,1643.5,2.0,19.1
271.0,137.0,1656.4,3.2,18.0
272.0,225.0,1668.9,3.3,17.8
273.0,166.0,1680.9,3.4,17.9
274.0,95.0,1683.3,2.1,19.1
275.0,140.0,1683.8,2.4,18.8
276.0,139.0,1695.3,2.4,18.7
277.0,182.0,1697.5,1.5,19.5
278.0,155.0,1708.4,2.8,18.3
279.0,115.0,1694.5,2.5,18.6
280.0,177.0,1696.7,2.2,18.8
281.0,158.0,1697.2,2.0,19.0
282.0,125.0,1697.6,2.2,18.9
283.0,111.0,1699.8,2.1,18.9
284.0,171.0,1710.6,2.0,19.1
285.0,87.0,1721.1,3.6,17.6
286.0,236.0,1723.0,2.2,18.9
287.0,176.0,1733.0,3.6,17.6
288.0,134.0,1734.8,2.4,18.7
289.0,77.0,1720.1,4.0,17.1
290.0,204.0,1730.2,2.2,18.8
291.0,179.0,1730.5,2.1,18.9
292.0,114.0,1730.9,2.7,18.3
293.0,222.0,1716.4,1.6,19.5
294.0,145.0,1718.3,2.9,18.2
295.0,209.0,1704.3,2.1,18.9
296.0,118.0,1706.4,2.8,18.4
297.0,90.0,1692.7,2.2,18.8
298.0,137.0,1703.7,2.1,19.0
299.0,152.0,1714.2,2.1,19.0
300.0,171.0,1716.2,1.9,19.2
301.0,162.0,1726.3,1.9,19.2
302.0,127.0,1736.1,3.8,17.4
303.0,162.0,1745.5,2.3,18.8
304.0,149.0,1747.2,1.8,19.3
305.0,120.0,1748.8,2.0,19.1
306.0,130.0,1750.4,3.5,17.6
307.0,104.0,1759.4,2.7,18.4
308.0,81.0,1768.0,2.9,18.1
309.0,172.0,1776.4,1.8,19.3
310.0,109.0,1784.5,2.6,18.5
311.0,160.0,1768.5,2.0,19.1
312.0,110.0,1768.8,1.9,19.1
313.0,179.0,1769.1,2.3,18.8
314.0,114.0,1769.3,2.3,18.7
315.0,197.0,1769.6,2.2,18.8
316.0,133.0,1769.9,2.0,19.1
317.0,90.0,1754.4,3.1,18.0
318.0,128.0,1739.5,1.8,19.3
319.0,175.0,1748.7,3.2,17.9
320.0,133.0,1757.6,2.1,18.9
321.0,82.0,1759.1,1.8,19.3
322.0,186.0,1767.7,1.7,19.4
323.0,88.0,1769.1,1.7,19.4
324.0,223.0,1770.5,2.1,19.0
325.0,138.0,1778.7,2.2,18.8
326.0,166.0,1780.1,2.7,18.4
327.0,300.0,1781.4,1.3,19.7
328.0,103.0,1781.7,3.3,17.9
329.0,132.0,1777.8,2.4,18.7
330.0,120.0,1778.0,1.9,19.1
331.0,124.0,1779.4,2.0,19.0
332.0,145.0,1763.8,2.6,18.4
333.0,88.0,1765.3,3.0,18.1
334.0,121.0,1765.6,1.8,19.3
335.0,120.0,1773.8,1.4,19.6
336.0,264.0,1775.2,1.7,19.3
337.0,102.0,1759.8,2.8,18.3
338.0,128.0,1761.3,2.2,18.9
339.0,187.0,1762.8,2.9,18.2
340.0,118.0,1771.1,2.7,18.4
341.0,165.0,1771.4,2.6,18.6
342.0,119.0,1779.5,3.4,17.8
343.0,140.0,1780.8,1.9,19.1
344.0,133.0,1781.1,2.5,18.5
345.0,161.0,1782.4,3.0,18.1
346.0,117.0,1783.7,2.4,18.7
347.0,134.0,1768.2,3.9,17.3
348.0,132.0,1769.6,1.5,19.5
349.0,270.0,1769.9,2.5,18.6
350.0,100.0,1754.8,3.2,17.8
351.0,168.0,1733.2,1.9,19.1
352.0,127.0,1733.5,2.7,18.4
353.0,68.0,1712.1,1.8,19.3
354.0,85.0,1712.5,2.2,18.9
355.0,115.0,1714.4,1.8,19.3
356.0,155.0,1716.3,2.2,18.8
357.0,152.0,1716.6,2.4,18.7
358.0,69.0,1717.0,2.1,19.0
359.0,79.0,1718.9,2.7,18.3
360.0,208.0,1720.7,1.8,19.2
361.0,164.0,1722.5,2.3,18.7
362.0,131.0,1709.0,2.9,18.2
363.0,174.0,1718.9,2.6,18.5
364.0,176.0,1719.3,3.9,17.5
365.0,149.0,1705.9,3.7,17.5
366.0,104.0,1706.3,3.4,17.9
367.0,75.0,1708.2,3.1,18.1
368.0,127.0,1718.1,2.9,18.3
369.0,168.0,1719.9,2.5,18.7
370.0,243.0,1721.7,2.7,18.4
371.0,109.0,1708.4,3.8,17.5
372.0,181.0,1710.3,2.7,18.5
373.0,133.0,1712.2,2.6,18.6
374.0,122.0,1721.9,2.1,19.2
375.0,103.0,1722.2,3.9,17.5
376.0,130.0,1722.6,3.0,18.3
377.0,114.0,1722.9,3.4,18.0
378.0,105.0,1723.3,2.7,18.6
379.0,161.0,1723.6,2.3,18.9
380.0,137.0,1725.4,2.9,18.4
381.0,183.0,1725.7,3.3,17.9
382.0,175.0,1727.5,3.0,18.2
383.0,110.0,1729.2,3.2,18.1
384.0,152.0,1738.3,3.3,18.0
385.0,238.0,1738.6,2.1,19.0
386.0,178.0,1740.2,2.6,18.5
387.0,96.0,1726.4,2.4,18.9
388.0,118.0,1726.8,1.8,19.4
389.0,110.0,1727.1,1.8,19.4
390.0,141.0,1728.8,2.2,19.0
391.0,248.0,1730.5,2.3,18.9
392.0,109.0,1717.0,2.3,18.9
393.0,131.0,1718.9,3.2,18.2
394.0,96.0,1720.6,2.9,18.5
395.0,147.0,1729.9,2.7,18.5
396.0,123.0,1730.3,3.9,17.4
397.0,122.0,1739.3,2.8,18.4
398.0,174.0,1739.6,2.1,19.0
399.0,98.0,1739.9,2.4,18.7
400.0,125.0,1741.5,1.7,19.4
401.0,101.0,1741.8,2.3,18.7
402.0,157.0,1750.4,2.3,18.9
403.0,143.0,1751.9,2.9,18.4
404.0,251.0,1753.4,1.2,19.8
405.0,300.0,1753.7,3.0,18.1
406.0,122.0,1732.9,4.0,17.1
407.0,111.0,1712.3,2.0,19.1
408.0,79.0,1712.6,4.9,16.2
409.0,89.0,1699.8,3.2,18.0
410.0,141.0,1709.7,2.9,18.2
411.0,98.0,1710.1,2.2,18.9
412.0,106.0,1710.5,2.2,18.8
413.0,125.0,1712.3,2.2,18.8
414.0,134.0,1712.7,2.3,18.8
415.0,280.0,1713.0,3.2,17.9
416.0,148.0,1714.8,4.1,17.0
417.0,270.0,1694.5,2.0,19.0
418.0,93.0,1694.9,3.5,17.6
419.0,50.0,1682.8,3.3,17.7
420.0,132.0,1693.1,1.9,19.2
421.0,128.0,1695.1,2.5,18.7
422.0,121.0,1695.5,2.4,18.7
423.0,134.0,1695.9,3.4,17.8
424.0,92.0,1697.9,3.4,17.8
425.0,158.0,1707.8,2.0,19.2
426.0,120.0,1708.1,2.8,18.5
427.0,133.0,1710.0,2.2,19.0
428.0,123.0,1711.8,3.5,17.8
429.0,153.0,1712.2,2.9,18.3
430.0,89.0,1699.6,3.2,18.3
431.0,294.0,1709.3,3.1,18.3
432.0,76.0,1709.7,4.3,17.3
433.0,203.0,1697.2,3.6,17.5
434.0,202.0,1707.0,3.3,18.0
435.0,79.0,1694.6,4.2,17.3
436.0,135.0,1695.0,3.5,17.9
437.0,163.0,1697.0,3.0,18.2
438.0,127.0,1706.8,2.2,18.8
439.0,129.0,1694.4,3.2,18.1
440.0,148.0,1704.3,2.5,18.8
441.0,105.0,1704.7,2.2,18.9
442.0,111.0,1706.5,2.6,18.5
443.0,132.0,1716.0,1.9,19.2
444.0,111.0,1716.4,1.6,19.5
445.0,140.0,1716.7,3.0,18.1
446.0,138.0,1704.1,2.3,18.8
447.0,161.0,1704.5,2.7,18.3
448.0,257.0,1704.8,1.6,19.5
449.0,93.0,1706.7,3.2,18.0
450.0,142.0,1694.4,2.7,18.5
451.0,178.0,1696.4,3.7,17.5
452.0,100.0,1696.8,4.3,17.1
453.0,148.0,1698.7,2.7,18.4
454.0,170.0,1699.1,2.5,18.7
455.0,91.0,1708.7,1.6,19.5
456.0,144.0,1710.5,1.8,19.3
457.0,144.0,1712.3,2.6,18.7
458.0,120.0,1712.7,1.7,19.4
459.0,69.0,1714.5,2.2,18.9
460.0,86.0,1716.2,2.4,18.7
461.0,111.0,1703.7,3.8,17.5
462.0,207.0,1713.2,2.4,18.7
463.0,112.0,1713.5,2.1,19.0
464.0,181.0,1701.1,2.8,18.3
465.0,53.0,1701.5,4.0,17.1
466.0,95.0,1711.0,3.0,18.1
467.0,207.0,1712.8,2.0,19.0
468.0,111.0,1713.2,2.6,18.5
469.0,114.0,1693.4,3.8,17.4
470.0,106.0,1693.8,2.5,18.7
471.0,154.0,1694.2,2.3,18.8
472.0,173.0,1696.2,2.7,18.4
473.0,187.0,1698.1,1.8,19.3
474.0,109.0,1700.0,2.6,18.6
475.0,170.0,1701.9,2.0,19.0
476.0,175.0,1702.2,2.2,18.9
477.0,165.0,1704.1,2.4,18.8
478.0,131.0,1692.1,3.7,17.6
479.0,137.0,1680.4,3.1,18.1
480.0,92.0,1682.5,3.6,17.4
481.0,228.0,1671.2,3.3,17.8
482.0,101.0,1671.6,4.2,16.9
483.0,300.0,1672.0,3.3,17.7
484.0,138.0,1672.5,4.4,16.7
485.0,122.0,1682.8,2.1,19.0
486.0,214.0,1684.8,2.9,18.2
487.0,142.0,1685.2,2.8,18.2
488.0,224.0,1673.8,3.2,18.0
489.0,192.0,1662.8,2.5,18.6
490.0,172.0,1665.1,4.3,16.9
491.0,127.0,1667.3,2.8,18.4
492.0,133.0,1667.8,1.9,19.2
493.0,157.0,1668.2,1.5,19.6
494.0,115.0,1668.7,1.0,20.1
495.0,193.0,1670.9,2.2,18.9
496.0,187.0,1681.1,2.3,18.9
497.0,178.0,1683.2,2.9,18.3
498.0,184.0,1685.2,2.4,18.7
499.0,96.0,1673.9,1.9,19.2
500.0,145.0,1676.0,2.1,19.0
501.0,160.0,1686.2,2.6,18.5
502.0,153.0,1696.0,2.9,18.2
503.0,114.0,1697.9,1.6,19.4
504.0,143.0,1698.2,2.2,19.0
505.0,191.0,1686.5,1.8,19.2
506.0,166.0,1696.3,1.9,19.2
507.0,170.0,1684.7,1.9,19.1
508.0,180.0,1685.1,2.4,18.7
509.0,146.0,1687.1,2.1,19.0
510.0,105.0,1689.1,2.6,18.5
511.0,126.0,1689.5,3.4,17.7
512.0,148.0,1691.4,1.9,19.1
513.0,75.0,1691.8,2.0,19.0
514.0,207.0,1692.2,2.0,19.1
515.0,92.0,1701.8,2.6,18.4
516.0,144.0,1690.0,2.3,18.8
517.0,73.0,1690.4,2.6,18.5
518.0,206.0,1679.0,2.5,18.6
519.0,180.0,1681.1,2.0,19.0
520.0,114.0,1670.0,3.4,17.7
521.0,151.0,1672.2,3.8,17.3
522.0,128.0,1674.3,2.8,18.5
523.0,95.0,1674.7,2.4,18.6
524.0,119.0,1675.1,2.2,18.8
525.0,97.0,1685.2,2.4,18.6
526.0,127.0,1687.1,2.7,18.5
527.0,148.0,1689.1,2.8,18.3
528.0,124.0,1689.5,3.0,18.1
529.0,176.0,1699.1,2.2,18.8
530.0,87.0,1700.9,2.2,18.9
531.0,129.0,1689.3,2.1,19.0
532.0,135.0,1698.9,2.3,18.7
533.0,129.0,1699.2,2.4,18.7
534.0,90.0,1708.5,1.9,19.1
535.0,171.0,1708.8,1.3,19.7
536.0,179.0,1710.6,2.1,19.0
537.0,192.0,1698.7,4.0,17.3
538.0,154.0,1687.2,3.5,17.6
539.0,104.0,1676.0,3.3,17.9
540.0,170.0,1676.4,2.7,18.5
541.0,172.0,1676.9,3.3,17.9
542.0,278.0,1666.0,2.7,18.4
543.0,86.0,1676.2,3.7,17.4
544.0,115.0,1665.4,3.1,18.0
545.0,140.0,1665.8,2.9,18.2
546.0,215.0,1668.0,2.3,18.8
547.0,205.0,1678.1,3.1,18.0
548.0,100.0,1680.2,2.9,18.4
549.0,93.0,1680.6,3.1,18.1
550.0,146.0,1682.6,2.4,18.6
551.0,137.0,1683.0,3.0,18.0
552.0,118.0,1683.4,3.0,18.2
553.0,131.0,1683.8,2.9,18.2
554.0,124.0,1684.2,4.4,16.8
555.0,143.0,1673.2,2.5,18.5
556.0,170.0,1673.6,2.1,18.9
557.0,164.0,1683.5,2.3,18.8
558.0,163.0,1683.9,3.2,17.9
559.0,119.0,1672.9,2.7,18.5
560.0,131.0,1675.0,2.6,18.5
561.0,156.0,1677.1,2.4,18.7
562.0,155.0,1677.5,3.4,17.7
563.0,113.0,1687.3,4.0,17.4
564.0,162.0,1687.7,3.2,18.1
565.0,117.0,1688.0,2.8,18.4
566.0,111.0,1690.0,3.0,18.1
567.0,126.0,1690.3,4.5,16.8
568.0,155.0,1692.2,2.7,18.5
569.0,148.0,1694.1,4.0,17.2
570.0,61.0,1682.9,2.9,18.2
571.0,99.0,1683.3,4.4,16.9
572.0,101.0,1692.9,2.6,18.4
573.0,84.0,1694.7,3.1,18.0
574.0,142.0,1683.5,2.6,18.6
575.0,120.0,1693.1,3.6,17.6
576.0,228.0,1694.9,3.2,18.1
577.0,86.0,1704.1,3.6,17.6
578.0,197.0,1692.7,4.0,17.3
579.0,124.0,1701.9,3.7,17.5
580.0,109.0,1710.9,3.0,18.1
581.0,160.0,1711.3,1.4,19.7
582.0,120.0,1711.6,6.3,14.7
583.0,120.0,1691.6,5.4,15.8
584.0,119.0,1700.8,6.0,15.1
585.0,83.0,1702.6,5.5,15.5
586.0,145.0,1711.6,3.5,17.6
587.0,128.0,1711.9,4.7,16.9
588.0,128.0,1720.6,3.7,17.8
589.0,125.0,1722.2,5.3,16.0
590.0,97.0,1722.5,3.6,17.6
591.0,96.0,1724.1,3.0,18.2
592.0,106.0,1725.7,3.1,18.0
593.0,108.0,1726.0,2.7,18.4
594.0,173.0,1734.2,2.6,18.5
595.0,95.0,1734.5,3.8,17.5
596.0,242.0,1742.5,4.4,17.2
597.0,130.0,1743.9,3.3,17.9
598.0,141.0,1745.4,4.0,17.3
599.0,79.0,1745.6,3.8,17.7
600.0,105.0,1753.3,3.2,18.0
601.0,132.0,1760.8,3.5,17.9
602.0,174.0,1761.0,4.3,17.1
603.0,133.0,1762.3,5.5,16.1
604.0,89.0,1763.6,4.0,17.5
605.0,195.0,1763.8,4.9,16.6
606.0,111.0,1765.1,4.4,17.1
607.0,107.0,1766.4,3.5,17.7
608.0,125.0,1766.6,2.3,18.8
609.0,151.0,1773.7,4.3,17.2
610.0,127.0,1780.6,4.7,16.8
611.0,155.0,1787.3,3.5,17.8
612.0,93.0,1788.4,4.1,17.3
613.0,101.0,1789.5,3.6,17.9
614.0,127.0,1789.7,4.5,17.0
615.0,105.0,1790.8,3.0,18.5
616.0,146.0,1791.9,3.2,18.3
617.0,150.0,1798.3,3.6,17.7
618.0,172.0,1798.5,3.6,17.9
619.0,192.0,1804.8,5.3,16.1
620.0,95.0,1805.8,3.5,18.0
621.0,109.0,1806.0,5.5,15.9
622.0,159.0,1792.0,4.0,17.3
623.0,113.0,1793.1,5.7,15.9
624.0,154.0,1793.3,3.4,18.3
625.0,99.0,1794.4,3.0,18.3
626.0,130.0,1774.6,4.7,16.8
627.0,92.0,1775.8,4.2,17.3
628.0,150.0,1776.9,4.6,16.7
629.0,103.0,1777.2,5.7,15.7
630.0,108.0,1777.4,4.5,16.9
631.0,79.0,1764.2,3.9,17.5
632.0,182.0,1764.4,3.3,18.0
633.0,107.0,1771.5,2.9,18.5
634.0,158.0,1772.7,6.6,14.8
635.0,125.0,1759.6,4.6,16.8
636.0,206.0,1760.9,3.7,18.0
637.0,151.0,1762.2,3.9,17.8
638.0,114.0,1749.4,4.9,17.0
639.0,102.0,1756.9,4.1,17.4
640.0,149.0,1764.1,3.6,18.0
641.0,107.0,1765.4,3.5,18.0
642.0,124.0,1766.6,3.4,17.9
643.0,114.0,1766.8,2.6,18.6
644.0,300.0,1773.8,3.1,18.4
645.0,103.0,1775.0,4.2,17.6
646.0,118.0,1756.3,4.2,17.6
647.0,157.0,1757.6,3.6,18.0
648.0,105.0,1757.9,2.6,18.9
649.0,140.0,1758.1,2.7,18.8
650.0,120.0,1759.4,4.7,16.6
651.0,214.0,1759.7,3.2,18.3
652.0,104.0,1760.9,4.8,16.9
653.0,177.0,1748.2,4.6,17.3
654.0,156.0,1755.7,4.8,16.9
655.0,145.0,1757.0,3.8,17.7
656.0,155.0,1757.2,4.0,17.6
657.0,252.0,1757.5,3.1,18.4
658.0,155.0,1758.8,4.3,17.4
659.0,126.0,1760.0,2.9,18.6
660.0,164.0,1761.3,2.7,18.7
661.0,124.0,1761.6,3.2,18.3
662.0,105.0,1762.8,3.7,17.5
663.0,114.0,1769.8,2.7,18.6
664.0,172.0,1771.0,2.2,19.0
665.0,119.0,1771.3,3.7,17.7
666.0,126.0,1772.5,2.7,18.5
667.0,161.0,1773.6,3.9,17.7
668.0,115.0,1780.4,3.8,17.7
669.0,99.0,1767.3,3.7,17.9
670.0,155.0,1768.5,2.8,18.6
671.0,75.0,1769.7,2.5,18.9
672.0,127.0,1776.5,3.1,18.2
673.0,166.0,1783.2,3.6,17.7
674.0,129.0,1783.4,3.2,18.2
675.0,107.0,1783.6,3.0,18.3
676.0,159.0,1783.8,2.5,18.7
677.0,126.0,1790.3,3.4,17.9
678.0,211.0,1796.6,2.6,18.6
679.0,180.0,1797.7,3.7,17.6
680.0,146.0,1784.2,3.3,18.1
681.0,89.0,1771.1,3.9,17.7
682.0,124.0,1777.8,3.2,18.1
683.0,86.0,1778.1,3.5,17.9
684.0,184.0,1778.3,3.6,17.8
685.0,112.0,1778.5,3.1,18.2
686.0,100.0,1778.7,2.4,19.0
687.0,154.0,1778.9,3.1,18.4
688.0,89.0,1785.5,2.9,18.3
689.0,88.0,1786.6,2.0,19.2
690.0,105.0,1793.0,1.9,19.3
691.0,146.0,1793.2,1.9,19.3
692.0,166.0,1793.4,2.1,19.0
693.0,173.0,1793.6,4.1,17.2
694.0,95.0,1780.3,2.0,19.3
695.0,86.0,1781.4,2.1,19.0
696.0,142.0,1787.9,1.8,19.3
697.0,153.0,1788.9,2.4,18.9
698.0,155.0,1790.0,2.8,18.5
699.0,220.0,1790.2,2.6,18.6
700.0,93.0,1796.5,4.4,17.2
701.0,157.0,1783.1,4.1,17.4
702.0,60.0,1783.4,3.2,18.5
703.0,173.0,1789.8,3.8,17.6
704.0,214.0,1776.6,3.6,17.9
705.0,161.0,1783.2,3.9,17.7
706.0,127.0,1770.2,3.5,18.0
707.0,182.0,1771.4,3.1,18.3
708.0,169.0,1778.1,3.4,18.0
709.0,203.0,1779.2,3.5,18.0
710.0,215.0,1779.4,3.4,18.0
711.0,171.0,1780.6,3.7,17.9
712.0,168.0,1781.7,2.5,18.7
713.0,141.0,1781.9,3.7,17.7
714.0,124.0,1782.1,3.0,18.3
715.0,216.0,1788.5,3.6,17.7
716.0,95.0,1789.6,2.9,18.4
717.0,99.0,1790.6,2.7,18.6
718.0,120.0,1796.8,3.4,18.0
719.0,251.0,1797.0,3.2,18.1
720.0,159.0,1803.1,3.1,18.2
721.0,73.0,1809.0,2.7,18.5
722.0,171.0,1809.2,3.9,17.6
723.0,154.0,1790.8,3.1,18.2
724.0,77.0,1791.0,3.3,17.9
725.0,98.0,1797.2,3.4,17.8
726.0,170.0,1803.3,2.5,18.6
727.0,70.0,1809.1,3.6,17.7
728.0,140.0,1814.9,2.9,18.3
729.0,139.0,1820.5,3.1,18.1
730.0,125.0,1806.8,2.8,18.3
731.0,110.0,1807.7,3.6,17.4
732.0,266.0,1813.5,3.1,18.0
733.0,165.0,1814.4,3.6,17.5
734.0,145.0,1800.8,2.6,18.5
735.0,187.0,1806.7,3.8,17.3
736.0,102.0,1807.7,3.2,18.0
737.0,157.0,1807.9,2.9,18.2
738.0,122.0,1808.8,2.6,18.4
739.0,210.0,1814.6,2.9,18.2
740.0,111.0,1814.7,2.8,18.3
741.0,121.0,1815.6,2.6,18.5
742.0,172.0,1816.5,2.5,18.6
743.0,127.0,1822.1,2.8,18.3
744.0,222.0,1822.3,2.6,18.4
745.0,106.0,1822.4,2.4,18.6
746.0,124.0,1808.7,4.9,16.5
747.0,131.0,1814.4,4.0,17.1
748.0,122.0,1815.3,4.3,16.8
749.0,202.0,1816.2,2.9,18.2
750.0,129.0,1817.1,4.1,17.1
751.0,151.0,1818.0,2.9,18.1
752.0,162.0,1818.2,2.6,18.5
753.0,130.0,1818.4,3.2,18.0
754.0,175.0,1818.5,3.0,18.1
755.0,176.0,1824.0,3.6,17.6
756.0,79.0,1829.4,5.2,16.2
757.0,189.0,1830.2,4.5,17.0
758.0,265.0,1835.5,3.5,17.7
759.0,122.0,1840.6,5.4,16.0
760.0,122.0,1841.3,3.8,17.5
761.0,167.0,1841.5,2.7,18.5
762.0,174.0,1846.5,4.8,16.6
763.0,175.0,1851.3,3.8,17.5
764.0,158.0,1851.5,5.0,16.2
765.0,134.0,1837.2,4.0,17.2
766.0,95.0,1837.4,2.8,18.5
767.0,141.0,1837.5,2.8,18.4
768.0,169.0,1838.3,3.0,18.2
769.0,139.0,1839.1,2.7,18.4
770.0,112.0,1839.3,3.1,18.3
771.0,163.0,1839.4,2.4,18.7
772.0,156.0,1844.4,3.6,17.6
773.0,194.0,1830.3,3.4,17.8
774.0,78.0,1812.2,3.1,18.2
775.0,215.0,1798.8,4.1,17.0
776.0,145.0,1785.8,3.6,17.6
777.0,126.0,1786.0,6.0,15.1
778.0,189.0,1786.2,2.9,18.1
779.0,136.0,1786.4,3.1,18.2
780.0,283.0,1792.6,3.4,17.9
781.0,94.0,1793.6,2.5,18.6
782.0,113.0,1794.6,2.9,18.3
783.0,185.0,1795.6,3.1,18.0
784.0,109.0,1801.5,2.9,18.1
785.0,73.0,1802.5,2.6,18.5
786.0,89.0,1803.5,3.7,17.5
787.0,139.0,1790.3,3.3,17.8
788.0,300.0,1790.5,2.6,18.5
789.0,155.0,1790.7,3.0,18.1
790.0,121.0,1772.1,3.2,18.0
791.0,116.0,1772.3,2.5,18.6
792.0,115.0,1773.4,4.4,16.7
793.0,234.0,1774.5,2.6,18.5
794.0,133.0,1781.0,2.6,18.5
795.0,72.0,1782.1,3.9,17.3
796.0,193.0,1782.3,2.8,18.3
797.0,118.0,1788.5,4.7,16.5
798.0,262.0,1788.7,3.1,18.0
799.0,186.0,1788.9,3.4,17.8
800.0,142.0,1776.2,3.7,17.6
801.0,124.0,1763.8,4.4,16.7
802.0,93.0,1765.0,5.6,15.5
803.0,95.0,1766.1,4.3,17.1
804.0,201.0,1767.3,3.0,18.1
805.0,150.0,1767.5,3.4,17.9
806.0,84.0,1755.3,4.9,16.3
807.0,113.0,1755.6,2.3,18.9
808.0,242.0,1755.8,3.2,18.0
809.0,114.0,1743.9,3.9,17.2
810.0,125.0,1744.2,4.3,17.0
811.0,112.0,1751.3,2.2,18.8
812.0,170.0,1752.6,2.8,18.3
813.0,107.0,1740.8,1.8,19.3
814.0,138.0,1741.1,4.0,17.0
815.0,108.0,1748.3,2.3,18.8
816.0,130.0,1748.6,2.7,18.4
817.0,254.0,1749.8,2.2,18.9
818.0,75.0,1750.1,3.0,18.3
819.0,223.0,1738.4,3.0,18.2
820.0,76.0,1738.6,3.1,18.2
821.0,109.0,1740.0,3.3,18.0
822.0,176.0,1747.2,2.3,18.7
823.0,150.0,1748.5,2.7,18.5
824.0,97.0,1748.8,2.9,18.4
825.0,169.0,1749.0,3.5,17.7
826.0,128.0,1756.0,4.1,17.1
827.0,141.0,1756.3,2.7,18.5
828.0,193.0,1756.5,1.4,19.8
829.0,165.0,1757.7,2.9,18.3
830.0,154.0,1757.9,3.1,18.2
831.0,137.0,1759.1,3.3,17.9
832.0,140.0,1759.4,2.3,18.8
833.0,213.0,1759.6,2.9,18.2
834.0,153.0,1747.7,2.5,18.6
835.0,137.0,1749.0,1.9,19.3
836.0,182.0,1749.2,1.9,19.2
837.0,156.0,1749.5,3.3,18.0
838.0,124.0,1750.7,3.0,18.2
839.0,116.0,1751.0,3.4,17.9
840.0,138.0,1752.2,2.6,18.5
841.0,126.0,1759.1,2.6,18.5
842.0,120.0,1759.4,2.6,18.6
843.0,113.0,1760.6,2.2,19.0
844.0,133.0,1761.7,3.7,17.7
845.0,131.0,1762.0,3.3,17.8
846.0,112.0,1763.1,2.9,18.3
847.0,107.0,1764.3,2.4,18.6
848.0,134.0,1765.5,2.1,19.0
849.0,124.0,1765.7,3.0,18.1
850.0,120.0,1753.7,2.7,18.5
851.0,207.0,1754.0,3.8,17.6
852.0,167.0,1742.3,3.4,18.0
853.0,209.0,1743.6,3.5,17.8
854.0,94.0,1744.9,3.1,18.1
855.0,114.0,1733.4,3.2,18.0
856.0,300.0,1740.8,3.4,17.8
857.0,183.0,1729.4,4.3,17.1
858.0,96.0,1730.8,3.6,18.0
859.0,135.0,1732.2,2.8,18.4
860.0,128.0,1732.5,2.8,18.4
861.0,154.0,1732.7,2.6,18.6
862.0,116.0,1734.1,2.4,18.8
863.0,134.0,1741.4,2.4,18.7
864.0,115.0,1748.5,2.3,18.9
865.0,140.0,1749.8,3.0,18.1
866.0,87.0,1750.0,2.3,18.9
867.0,132.0,1751.3,2.8,18.4
868.0,125.0,1758.1,3.2,18.2
869.0,92.0,1764.8,2.9,18.3
870.0,163.0,1771.4,2.8,18.4
871.0,208.0,1772.5,3.3,18.0
872.0,121.0,1772.7,3.7,17.7
873.0,175.0,1773.8,3.5,18.0
874.0,121.0,1780.1,3.1,18.3
875.0,178.0,1781.2,3.2,18.2
876.0,152.0,1787.3,3.3,18.1
877.0,214.0,1788.3,3.2,18.2
878.0,191.0,1794.3,4.1,17.5
879.0,129.0,1795.2,4.9,16.7
880.0,120.0,1796.2,5.3,16.4
881.0,152.0,1797.2,3.5,17.9
882.0,108.0,1797.4,3.3,18.1
883.0,142.0,1797.5,2.8,18.3
884.0,91.0,1797.7,2.7,18.7
885.0,79.0,1797.9,3.8,17.6
886.0,119.0,1803.6,2.2,19.0
887.0,127.0,1803.8,2.8,18.4
888.0,225.0,1804.0,4.2,17.2
889.0,102.0,1791.3,4.6,17.0
890.0,124.0,1778.8,4.0,17.3
891.0,134.0,1779.9,4.2,17.2
892.0,123.0,1780.9,3.4,17.9
893.0,88.0,1782.0,4.6,16.8
894.0,165.0,1782.2,3.3,17.9
895.0,126.0,1782.4,4.3,17.0
896.0,111.0,1782.6,5.3,16.3
897.0,85.0,1788.6,3.8,17.6
898.0,114.0,1788.8,2.9,18.5
899.0,139.0,1794.7,3.6,17.9
900.0,46.0,1794.9,2.3,19.1
901.0,112.0,1795.9,4.1,17.6
902.0,76.0,1783.4,4.5,17.3
903.0,144.0,1783.6,3.9,17.6
904.0,106.0,1789.6,4.2,17.2
905.0,80.0,1789.8,3.6,17.8
906.0,120.0,1795.7,2.9,18.5
907.0,72.0,1796.6,2.8,18.6
908.0,281.0,1797.6,3.2,18.1
909.0,110.0,1785.1,4.2,17.5
910.0,142.0,1772.8,4.6,16.7
911.0,168.0,1773.9,3.5,17.9
912.0,179.0,1774.1,3.1,18.3
913.0,102.0,1780.4,5.2,16.4
914.0,178.0,1786.5,3.8,17.6
915.0,153.0,1786.6,3.4,17.8
916.0,106.0,1792.6,3.3,18.1
917.0,212.0,1798.4,3.5,17.9
918.0,119.0,1798.6,4.4,17.1
919.0,89.0,1799.5,5.2,16.4
920.0,102.0,1800.4,4.3,17.2
921.0,96.0,1801.4,2.9,18.4
922.0,93.0,1802.3,4.5,16.7
923.0,71.0,1803.2,3.9,17.6
924.0,83.0,1808.8,2.4,18.8
925.0,180.0,1809.7,4.0,17.6
926.0,103.0,1815.1,3.3,18.2
927.0,143.0,1802.2,3.7,17.7
928.0,146.0,1803.1,3.0,18.4
929.0,110.0,1804.1,4.4,17.2
930.0,106.0,1805.0,3.5,17.9
931.0,127.0,1805.1,2.1,19.3
932.0,178.0,1805.3,3.1,18.3
933.0,167.0,1810.8,3.9,17.5
934.0,122.0,1816.2,2.6,18.6
935.0,66.0,1817.0,3.8,17.7
936.0,137.0,1817.9,3.3,18.0
937.0,99.0,1818.0,3.7,17.6
938.0,128.0,1818.2,3.2,18.1
939.0,163.0,1818.4,2.8,18.3
940.0,123.0,1819.2,2.3,18.9
941.0,181.0,1806.3,4.5,16.9
942.0,121.0,1806.5,3.7,17.8
943.0,119.0,1807.4,2.3,18.8
944.0,172.0,1812.8,4.3,17.1
945.0,208.0,1818.1,4.2,17.3
946.0,120.0,1805.3,4.1,17.5
947.0,140.0,1792.7,4.7,17.2
948.0,109.0,1792.9,4.7,17.1
949.0,142.0,1775.8,3.4,18.1
950.0,137.0,1776.9,4.7,16.7
951.0,64.0,1783.0,3.7,18.0
952.0,108.0,1789.0,4.9,16.9
953.0,102.0,1776.8,3.8,17.8
954.0,72.0,1777.8,4.3,17.3
955.0,119.0,1778.9,4.4,17.1
956.0,103.0,1779.1,4.3,17.2
957.0,98.0,1785.1,4.2,17.4
958.0,86.0,1785.3,4.3,17.2
959.0,104.0,1786.3,3.1,18.3
960.0,117.0,1786.5,4.9,16.6
961.0,91.0,1786.7,3.8,17.7
962.0,165.0,1786.9,4.0,17.5
963.0,115.0,1792.8,4.4,17.1
964.0,128.0,1793.7,4.9,16.6
965.0,114.0,1799.4,5.2,16.4
966.0,93.0,1805.0,4.2,17.1
967.0,121.0,1805.9,4.0,17.3
968.0,112.0,1793.4,5.0,16.7
969.0,300.0,1794.3,3.7,17.6
970.0,102.0,1800.0,5.3,16.4
971.0,102.0,1796.6,3.8,17.8
972.0,100.0,1796.8,4.7,16.9
973.0,86.0,1797.0,4.7,16.9
974.0,93.0,1802.6,4.8,16.9
975.0,96.0,1802.8,5.9,16.0
976.0,91.0,1803.7,4.5,17.0
977.0,85.0,1803.8,4.7,16.9
978.0,191.0,1804.7,4.5,17.2
979.0,124.0,1810.2,4.6,17.1
980.0,99.0,1793.2,5.3,16.1
981.0,133.0,1793.3,2.8,18.4
982.0,73.0,1793.5,5.0,16.5
983.0,97.0,1799.2,5.4,16.2
984.0,83.0,1800.1,4.2,17.2
985.0,95.0,1800.3,5.1,16.6
986.0,112.0,1805.8,4.9,16.7
987.0,65.0,1806.0,4.4,17.0
988.0,78.0,1806.9,4.3,17.0
989.0,135.0,1807.1,5.0,16.6
990.0,96.0,1794.6,3.9,17.4
991.0,108.0,1794.8,3.2,18.1
992.0,105.0,1795.0,3.7,17.6
993.0,193.0,1795.9,4.2,17.3
994.0,84.0,1801.5,4.1,17.3
995.0,90.0,1807.0,4.7,17.0
996.0,139.0,1807.2,4.8,16.5
997.0,98.0,1812.5,4.4,17.2
998.0,88.0,1812.7,4.4,17.0
999.0,131.0,1813.5,4.8,16.6
1000.0,153.0,1814.4,3.9,17.4
1001.0,125.0,1819.6,4.3,17.3
1002.0,122.0,1820.4,3.4,17.8
1003.0,83.0,1821.2,5.7,16.0
1004.0,91.0,1826.3,5.4,16.4
1005.0,102.0,1831.2,4.3,17.2
1006.0,142.0,1831.4,3.5,18.0
1007.0,107.0,1831.5,5.1,16.4
1008.0,72.0,1818.6,3.3,18.1
1009.0,66.0,1818.8,3.9,17.4
1010.0,111.0,1819.6,4.2,17.3
1011.0,145.0,1824.7,3.6,17.9
1012.0,137.0,1824.8,4.4,17.1
1013.0,132.0,1825.6,4.9,16.8
1014.0,70.0,1826.4,5.0,16.7
1015.0,101.0,1827.2,4.0,17.5
1016.0,103.0,1827.3,5.1,16.7
1017.0,88.0,1827.5,3.7,17.7
1018.0,121.0,1827.6,4.7,16.9
1019.0,68.0,1832.5,5.7,16.1
1020.0,88.0,1833.3,3.5,18.0
1021.0,100.0,1834.1,4.2,17.4
1022.0,136.0,1838.8,3.7,17.8
1023.0,88.0,1839.6,2.7,18.7
1024.0,113.0,1826.5,4.0,17.4
1025.0,56.0,1826.7,4.1,17.3
1026.0,116.0,1831.6,5.7,16.0
1027.0,70.0,1832.4,3.1,18.4
1028.0,87.0,1837.2,5.2,16.6
1029.0,174.0,1837.9,4.0,17.7
1030.0,129.0,1838.6,7.0,14.8
1031.0,134.0,1838.8,5.9,16.0
1032.0,118.0,1838.9,5.6,16.1
1033.0,152.0,1839.7,4.7,17.1
1034.0,126.0,1839.8,4.3,17.5
1035.0,85.0,1840.5,5.0,16.7
1036.0,159.0,1845.1,4.7,17.0
1037.0,179.0,1832.1,4.2,17.5
1038.0,133.0,1836.8,6.6,15.3
1039.0,182.0,1837.6,5.9,15.8
1040.0,114.0,1838.3,4.7,16.9
1041.0,116.0,1843.0,5.9,15.8
1042.0,71.0,1843.7,3.2,18.1
1043.0,95.0,1844.4,3.7,17.9
1044.0,106.0,1845.1,3.1,18.2
1045.0,149.0,1845.3,2.9,18.4
1046.0,147.0,1846.0,3.0,18.2
1047.0,201.0,1846.7,3.1,18.2
1048.0,133.0,1847.4,3.0,18.3
1049.0,126.0,1847.5,3.6,17.8
1050.0,124.0,1848.2,3.9,17.6
1051.0,141.0,1848.9,3.2,18.2
1052.0,111.0,1849.0,3.3,18.2
1053.0,140.0,1849.1,2.5,18.9
1054.0,102.0,1849.8,3.3,18.3
1055.0,166.0,1854.3,3.4,18.1
1056.0,116.0,1854.4,3.8,17.7
1057.0,88.0,1854.5,4.2,17.4
1058.0,107.0,1854.6,3.8,17.8
1059.0,153.0,1855.3,2.9,18.4
1060.0,104.0,1855.4,2.1,19.1
1061.0,108.0,1855.6,4.4,17.2
1062.0,138.0,1855.7,3.9,17.7
1063.0,142.0,1855.8,2.5,18.9
1064.0,278.0,1860.1,4.0,17.4
1065.0,111.0,1860.8,3.3,18.3
1066.0,95.0,1843.9,4.8,17.0
1067.0,183.0,1844.6,4.6,16.8
1068.0,152.0,1845.3,2.6,18.8
1069.0,178.0,1849.8,3.7,17.8
1070.0,129.0,1849.9,3.9,17.4
1071.0,95.0,1850.6,2.1,19.3
1072.0,172.0,1850.8,2.1,19.3
1073.0,137.0,1855.1,3.2,18.2
1074.0,116.0,1855.3,2.7,18.7
1075.0,129.0,1859.6,4.5,17.0
1076.0,112.0,1863.8,3.1,18.2
1077.0,135.0,1867.9,2.9,18.5
1078.0,170.0,1868.0,3.9,17.5
1079.0,71.0,1850.7,4.9,16.4
1080.0,131.0,1837.6,2.6,18.8
1081.0,149.0,1838.4,3.7,17.7
1082.0,133.0,1839.1,3.8,17.5
1083.0,101.0,1839.2,3.7,17.9
1084.0,125.0,1843.8,4.3,17.2
1085.0,100.0,1844.5,4.0,17.4
1086.0,133.0,1844.7,4.8,16.7
1087.0,202.0,1844.8,4.8,16.8
1088.0,118.0,1845.5,2.9,18.5
1089.0,93.0,1846.2,2.7,18.5
1090.0,90.0,1846.3,3.8,17.5
1091.0,140.0,1833.4,4.1,17.3
1092.0,147.0,1833.5,4.2,16.9
1093.0,118.0,1834.3,4.4,17.0
1094.0,125.0,1834.4,5.0,16.6
1095.0,116.0,1835.2,4.5,17.1
1096.0,100.0,1835.3,3.9,17.6
1097.0,91.0,1836.0,3.7,17.6
1098.0,106.0,1836.2,3.8,17.5
1099.0,92.0,1840.8,2.8,18.4
1100.0,125.0,1840.9,3.2,18.2
1101.0,137.0,1841.1,3.1,18.2
1102.0,169.0,1841.2,3.3,17.9
1103.0,96.0,1841.4,4.5,17.0
1104.0,77.0,1842.1,3.0,18.2
1105.0,95.0,1842.2,3.9,17.4
1106.0,102.0,1846.7,3.0,18.4
1107.0,174.0,1846.8,3.1,18.1
1108.0,121.0,1847.5,3.4,17.8
1109.0,119.0,1834.6,2.9,18.3
1110.0,61.0,1839.3,3.4,17.9
1111.0,114.0,1839.4,3.2,18.0
1112.0,141.0,1826.7,2.3,18.9
1113.0,87.0,1826.8,4.6,16.8
1114.0,106.0,1831.6,3.1,18.3
1115.0,81.0,1832.4,3.6,17.7
1116.0,135.0,1832.5,4.6,16.9
1117.0,97.0,1837.2,4.1,17.3
1118.0,73.0,1837.9,3.6,17.9
1119.0,117.0,1838.6,3.0,18.3
1120.0,116.0,1843.2,4.3,17.0
1121.0,75.0,1843.9,3.1,18.3
1122.0,114.0,1844.0,3.9,17.6
1123.0,124.0,1848.5,5.0,16.4
1124.0,74.0,1835.6,5.4,16.0
1125.0,109.0,1836.3,5.0,16.5
1126.0,116.0,1836.5,4.5,16.8
1127.0,132.0,1837.2,4.0,17.3
1128.0,52.0,1837.9,4.4,17.1
1129.0,76.0,1825.3,5.0,16.6
1130.0,125.0,1825.4,3.9,17.5
1131.0,188.0,1825.6,2.6,18.5
1132.0,56.0,1826.3,3.9,17.6
1133.0,75.0,1813.9,4.2,17.3
1134.0,77.0,1818.9,3.6,17.4
1135.0,101.0,1819.7,4.8,16.6
1136.0,106.0,1820.5,3.4,17.8
1137.0,98.0,1821.3,4.7,16.5
1138.0,100.0,1821.5,4.5,16.8
1139.0,136.0,1821.6,4.3,17.0
1140.0,88.0,1821.8,3.4,17.8
1141.0,80.0,1826.7,3.7,17.8
1142.0,90.0,1831.4,2.9,18.3
1143.0,91.0,1832.2,2.0,19.0
1144.0,74.0,1836.9,3.6,17.7
1145.0,250.0,1837.6,3.1,18.2
1146.0,133.0,1838.3,4.2,17.3
1147.0,115.0,1839.0,5.2,16.2
1148.0,105.0,1839.1,4.8,16.5
1149.0,96.0,1839.9,3.4,17.7
1150.0,149.0,1840.0,3.1,18.3
1151.0,166.0,1844.5,4.2,17.4
1152.0,171.0,1831.8,3.4,17.9
1153.0,93.0,1832.5,4.2,17.2
1154.0,68.0,1820.0,5.8,15.9
1155.0,162.0,1803.6,4.5,16.8
1156.0,180.0,1803.8,3.9,17.3
1157.0,129.0,1787.5,5.2,16.1
1158.0,168.0,1775.9,4.6,17.2
1159.0,134.0,1759.0,5.0,16.7
1160.0,54.0,1748.1,5.6,16.0
1161.0,100.0,1754.5,4.3,16.9
1162.0,66.0,1755.7,4.3,17.1
1163.0,155.0,1744.8,3.9,17.6
1164.0,180.0,1751.3,4.9,16.7
1165.0,119.0,1751.6,3.9,17.5
1166.0,204.0,1740.8,4.8,16.8
1167.0,103.0,1747.4,4.3,17.2
1168.0,130.0,1753.9,3.6,17.8
1169.0,176.0,1760.2,3.8,17.6
1170.0,147.0,1760.4,4.1,17.3
1171.0,89.0,1761.5,3.2,18.1
1172.0,110.0,1761.7,3.7,17.5
1173.0,104.0,1745.7,1.8,19.6
1174.0,81.0,1746.0,3.2,18.1
1175.0,117.0,1746.2,2.6,18.7
1176.0,112.0,1747.4,2.1,19.4
1177.0,300.0,1748.5,2.6,18.6
1178.0,105.0,1755.0,3.2,18.3
1179.0,142.0,1755.2,3.1,18.1
1180.0,120.0,1756.3,1.9,19.5
1181.0,171.0,1757.4,2.2,19.0
1182.0,145.0,1757.6,3.4,17.9
1183.0,96.0,1746.8,3.7,17.6
1184.0,119.0,1747.0,2.6,18.5
1185.0,113.0,1747.2,2.7,18.5
1186.0,122.0,1747.5,3.2,18.0
1187.0,110.0,1747.7,3.2,17.9
1188.0,198.0,1754.1,3.1,18.1
1189.0,184.0,1754.3,2.9,18.2
1190.0,184.0,1743.6,3.1,18.3
1191.0,212.0,1727.8,3.4,17.8
1192.0,125.0,1717.6,3.3,17.8
1193.0,122.0,1719.0,3.2,18.1
1194.0,106.0,1719.3,3.2,18.0
1195.0,85.0,1720.6,3.4,17.9
1196.0,88.0,1722.0,2.9,18.2
1197.0,111.0,1723.3,2.2,18.9
1198.0,111.0,1730.3,3.0,18.0
1199.0,79.0,1730.5,3.1,18.0
1200.0,109.0,1731.8,3.2,18.0
1201.0,110.0,1733.1,2.7,18.5
1202.0,127.0,1739.8,3.0,18.3
1203.0,124.0,1740.0,4.0,17.4
1204.0,89.0,1740.3,3.3,18.1
1205.0,64.0,1746.9,3.5,18.0
1206.0,129.0,1753.3,3.4,17.9
1207.0,91.0,1754.4,3.1,18.1
1208.0,71.0,1754.6,2.8,18.3
1209.0,99.0,1754.8,3.0,18.2
1210.0,124.0,1761.1,3.8,17.7
1211.0,138.0,1762.2,2.0,19.2
1212.0,217.0,1763.2,4.5,17.1
1213.0,131.0,1763.4,4.4,17.2
1214.0,142.0,1763.7,3.5,17.7
1215.0,111.0,1763.9,2.7,18.5
1216.0,162.0,1764.1,3.3,18.0
1217.0,189.0,1764.3,2.7,18.5
1218.0,85.0,1765.3,2.5,18.5
1219.0,91.0,1754.4,2.5,18.6
1220.0,106.0,1754.6,2.4,18.8
1221.0,160.0,1754.8,2.8,18.5
1222.0,159.0,1755.0,3.4,17.9
1223.0,109.0,1756.2,3.2,17.9
1224.0,172.0,1757.3,4.5,16.6
1225.0,129.0,1757.5,3.4,17.9
1226.0,78.0,1758.6,2.6,18.6
1227.0,88.0,1758.8,3.8,17.4
1228.0,139.0,1748.0,3.3,17.8
1229.0,195.0,1748.2,3.2,18.0
1230.0,156.0,1748.5,3.0,18.1
1231.0,136.0,1748.7,4.0,17.1
1232.0,165.0,1738.2,4.3,17.2
1233.0,148.0,1739.4,3.4,17.9
1234.0,108.0,1745.9,3.7,17.5
1235.0,128.0,1752.3,2.4,18.7
1236.0,116.0,1752.6,3.9,17.6
1237.0,183.0,1758.8,2.8,18.3
1238.0,98.0,1764.9,3.8,17.6
1239.0,133.0,1754.0,3.5,17.8
1240.0,135.0,1755.2,3.3,18.0
1241.0,142.0,1744.5,3.3,17.9
1242.0,125.0,1750.9,3.3,18.0
1243.0,144.0,1751.2,3.7,17.5
1244.0,124.0,1751.4,3.5,17.8
1245.0,145.0,1751.6,3.2,18.1
1246.0,134.0,1751.8,3.1,18.1
1247.0,165.0,1741.2,3.6,17.7
1248.0,72.0,1741.5,2.1,19.1
1249.0,167.0,1748.0,2.9,18.3
1250.0,147.0,1737.5,3.8,17.6
1251.0,147.0,1727.3,4.4,17.0
1252.0,100.0,1717.3,3.3,18.1
1253.0,95.0,1717.5,4.6,16.8
1254.0,101.0,1724.6,2.6,18.8
1255.0,133.0,1724.8,3.0,18.2
1256.0,142.0,1726.1,4.5,16.8
1257.0,101.0,1727.4,3.0,18.1
1258.0,79.0,1727.7,1.9,19.2
1259.0,233.0,1728.9,2.6,18.6
1260.0,110.0,1730.2,3.1,18.0
1261.0,122.0,1720.2,3.3,17.9
1262.0,109.0,1720.4,3.1,18.1
1263.0,115.0,1727.4,2.8,18.2
1264.0,131.0,1734.2,3.1,18.2
1265.0,136.0,1735.4,3.7,17.5
1266.0,225.0,1735.7,3.7,17.7
1267.0,136.0,1742.3,4.4,17.2
1268.0,115.0,1731.9,3.1,18.0
1269.0,121.0,1733.2,3.1,18.3
1270.0,95.0,1734.4,3.2,18.1
1271.0,173.0,1735.7,2.6,18.5
1272.0,128.0,1742.3,2.6,18.5
1273.0,144.0,1732.0,3.4,17.8
1274.0,145.0,1721.9,3.8,17.4
1275.0,122.0,1728.8,3.3,18.0
1276.0,104.0,1730.1,3.6,17.8
1277.0,148.0,1736.8,3.1,18.2
1278.0,125.0,1738.0,3.6,17.7
1279.0,142.0,1744.5,3.2,17.9
1280.0,124.0,1745.7,2.8,18.3
1281.0,130.0,1745.9,3.0,18.1
1282.0,136.0,1746.2,3.2,17.9
1283.0,91.0,1747.3,1.8,19.3
1284.0,115.0,1748.4,3.9,17.4
1285.0,140.0,1738.0,3.1,18.2
1286.0,158.0,1738.3,3.1,18.0
1287.0,131.0,1728.1,4.5,16.7
1288.0,138.0,1718.1,3.8,17.6
1289.0,168.0,1718.4,3.0,18.2
1290.0,125.0,1719.7,3.5,17.9
1291.0,149.0,1726.7,3.9,17.4
1292.0,133.0,1726.9,3.6,17.6
1293.0,300.0,1728.2,2.5,18.6
1294.0,130.0,1728.4,3.2,18.0
1295.0,121.0,1713.0,3.1,18.2
1296.0,111.0,1714.4,3.8,17.5
1297.0,92.0,1714.7,2.7,18.4
1298.0,101.0,1714.9,3.5,17.8
1299.0,195.0,1716.3,2.9,18.2
1300.0,98.0,1716.6,2.7,18.4
1301.0,117.0,1706.9,3.5,17.6
1302.0,111.0,1714.1,2.3,18.7
1303.0,120.0,1715.5,2.7,18.4
1304.0,142.0,1715.8,3.1,18.1
1305.0,100.0,1716.0,2.6,18.5
1306.0,100.0,1716.3,3.1,18.0
1307.0,107.0,1717.6,2.3,18.7
1308.0,177.0,1717.9,3.0,18.1
1309.0,88.0,1718.2,2.5,18.5
1310.0,93.0,1718.4,2.2,18.8
1311.0,137.0,1719.8,2.9,18.2
1312.0,74.0,1720.0,4.3,16.8
1313.0,99.0,1720.3,3.6,17.6
1314.0,141.0,1721.6,3.5,17.6
1315.0,110.0,1728.5,3.6,17.5
1316.0,109.0,1729.7,1.8,19.3
1317.0,151.0,1731.0,2.9,18.1
1318.0,128.0,1731.2,3.6,17.5
1319.0,119.0,1732.4,2.5,18.6
1320.0,105.0,1732.7,3.4,18.0
1321.0,128.0,1739.3,3.2,18.2
1322.0,209.0,1745.7,3.5,17.7
1323.0,83.0,1746.0,3.3,18.0
1324.0,94.0,1747.1,3.5,17.7
1325.0,158.0,1747.3,3.4,18.0
1326.0,129.0,1747.5,2.5,18.6
1327.0,129.0,1748.7,3.2,18.2
1328.0,130.0,1748.9,4.4,16.9
1329.0,162.0,1738.6,4.0,17.3
1330.0,79.0,1738.8,3.1,18.1
1331.0,173.0,1740.0,3.9,17.3
1332.0,100.0,1740.2,4.3,17.0
1333.0,151.0,1741.4,4.2,17.1
1334.0,126.0,1741.6,3.6,17.9
1335.0,77.0,1742.8,3.2,18.2
1336.0,102.0,1743.9,4.3,17.1
1337.0,126.0,1750.3,2.8,18.5
1338.0,98.0,1751.4,3.8,17.5
1339.0,139.0,1741.0,4.5,16.8
1340.0,104.0,1742.2,3.6,17.6
1341.0,141.0,1742.4,4.2,17.2
1342.0,115.0,1743.6,4.4,17.1
1343.0,235.0,1744.7,4.7,16.7
1344.0,209.0,1744.9,5.5,16.2
1345.0,67.0,1734.7,2.6,18.5
1346.0,132.0,1735.9,3.9,17.4
1347.0,174.0,1737.1,3.9,17.5
1348.0,126.0,1738.3,3.6,17.8
1349.0,133.0,1738.6,2.9,18.4
1350.0,151.0,1738.8,4.1,17.3
1351.0,125.0,1739.0,4.2,17.3
1352.0,95.0,1740.2,3.3,18.0
1353.0,127.0,1740.4,3.0,18.2
1354.0,107.0,1741.6,2.9,18.2
1355.0,126.0,1731.5,2.8,18.3
1356.0,107.0,1731.7,2.9,18.3
1357.0,109.0,1732.0,4.3,17.1
1358.0,190.0,1732.2,3.3,18.0
1359.0,112.0,1738.8,3.9,17.3
1360.0,97.0,1728.7,3.2,18.0
1361.0,122.0,1735.4,3.2,18.1
1362.0,66.0,1735.6,3.3,17.9
1363.0,124.0,1742.1,3.5,17.8
1364.0,170.0,1748.4,4.0,17.4
1365.0,119.0,1754.6,3.8,17.6
1366.0,124.0,1755.7,4.5,16.9
1367.0,137.0,1756.8,4.3,17.1
1368.0,99.0,1757.0,4.7,16.6
1369.0,150.0,1757.2,3.7,17.6
1370.0,157.0,1763.2,4.5,17.0
1371.0,95.0,1769.1,3.6,17.7
1372.0,118.0,1770.1,3.4,18.1
1373.0,122.0,1775.8,3.1,18.1
1374.0,130.0,1776.7,3.8,17.6
1375.0,99.0,1782.3,3.6,17.7
1376.0,93.0,1782.5,3.6,17.7
1377.0,144.0,1787.9,4.0,17.4
1378.0,144.0,1788.8,3.4,17.8
1379.0,98.0,1789.7,3.5,17.8
1380.0,144.0,1789.9,3.7,17.6
1381.0,104.0,1790.8,4.2,17.4
1382.0,100.0,1791.0,3.9,17.6
1383.0,56.0,1791.9,3.1,18.2
1384.0,125.0,1792.7,3.0,18.2
1385.0,90.0,1793.6,2.3,19.0
1386.0,137.0,1793.8,2.9,18.3
1387.0,225.0,1793.9,4.2,17.4
1388.0,108.0,1794.8,4.3,17.2
1389.0,169.0,1795.7,3.6,17.9
1390.0,172.0,1795.9,3.4,18.0
1391.0,116.0,1796.0,3.2,18.1
1392.0,205.0,1796.2,3.3,18.0
1393.0,239.0,1796.4,3.6,17.8
1394.0,127.0,1801.5,3.5,17.9
1395.0,124.0,1806.5,2.7,18.5
1396.0,89.0,1806.7,2.9,18.5
1397.0,151.0,1806.8,2.3,18.8
1398.0,103.0,1807.7,2.1,19.0
1399.0,164.0,1812.6,3.7,17.7
1400.0,136.0,1817.4,2.6,18.7
1401.0,111.0,1817.5,2.7,18.5
1402.0,138.0,1805.9,3.9,17.8
1403.0,100.0,1810.9,3.3,18.1
1404.0,128.0,1811.0,3.7,17.8
1405.0,141.0,1811.8,3.0,18.4
1406.0,104.0,1811.9,2.2,19.0
1407.0,100.0,1812.7,3.1,18.4
1408.0,165.0,1817.5,3.5,17.9
1409.0,101.0,1818.3,3.8,17.6
1410.0,140.0,1818.4,3.7,17.7
1411.0,137.0,1818.6,3.6,17.9
1412.0,134.0,1819.4,3.8,17.6
1413.0,300.0,1820.1,2.8,18.5
1414.0,115.0,1820.3,3.5,17.9
1415.0,147.0,1816.8,3.1,18.3
1416.0,101.0,1816.9,4.3,17.3
1417.0,139.0,1805.3,3.7,17.8
1418.0,114.0,1806.1,3.7,18.0
1419.0,108.0,1806.9,2.7,18.6
1420.0,86.0,1807.7,2.6,18.6
1421.0,136.0,1807.9,2.8,18.4
1422.0,160.0,1808.7,3.6,17.9
1423.0,177.0,1813.6,3.0,18.4
1424.0,141.0,1814.4,2.3,19.0
1425.0,170.0,1802.8,4.1,17.5
1426.0,129.0,1807.8,3.4,18.0
1427.0,109.0,1808.6,2.6,18.8
1428.0,110.0,1808.8,4.6,17.2
1429.0,179.0,1813.6,3.3,18.1
1430.0,124.0,1814.4,5.0,16.8
1431.0,89.0,1802.9,3.9,18.0
1432.0,161.0,1803.1,4.6,16.9
1433.0,133.0,1803.9,3.4,17.9
1434.0,113.0,1808.8,3.2,18.0
1435.0,122.0,1813.7,3.3,18.0
1436.0,99.0,1813.9,3.2,18.1
1437.0,124.0,1814.0,2.8,18.5
1438.0,124.0,1814.8,2.2,18.9
1439.0,92.0,1815.5,3.1,18.3
1440.0,147.0,1816.3,3.8,17.7
1441.0,159.0,1816.5,3.7,18.1
1442.0,158.0,1817.2,3.7,17.8
1443.0,112.0,1817.4,4.2,17.4
1444.0,106.0,1822.1,4.6,17.4
1445.0,103.0,1822.2,3.6,18.1
1446.0,105.0,1822.9,4.0,17.8
1447.0,129.0,1823.1,3.1,18.4
1448.0,282.0,1823.2,4.3,17.5
1449.0,112.0,1811.6,3.6,17.8
1450.0,87.0,1816.4,3.7,17.9
1451.0,111.0,1816.5,5.0,17.0
1452.0,107.0,1805.0,4.2,17.7
1453.0,142.0,1805.2,3.9,18.0
1454.0,129.0,1805.3,3.7,18.0
1455.0,91.0,1806.1,3.5,18.2
1456.0,105.0,1806.3,3.9,17.6
1457.0,81.0,1807.1,3.5,18.0
1458.0,127.0,1812.0,3.9,17.6
1459.0,88.0,1812.1,3.7,17.9
1460.0,79.0,1812.3,4.0,17.6
1461.0,153.0,1813.0,3.5,18.0
1462.0,108.0,1813.2,3.4,17.8
1463.0,194.0,1813.3,3.8,17.9
1464.0,133.0,1813.5,4.4,17.2
1465.0,144.0,1814.3,3.6,17.9
1466.0,88.0,1814.4,3.3,18.2
1467.0,89.0,1814.6,3.2,18.2
1468.0,89.0,1814.7,2.8,18.5
1469.0,106.0,1815.5,3.5,18.1
1470.0,124.0,1804.0,3.9,17.6
1471.0,119.0,1804.2,4.4,17.4
1472.0,137.0,1809.1,3.7,17.9
1473.0,128.0,1809.9,3.3,18.2
1474.0,94.0,1810.7,4.5,17.4
1475.0,124.0,1815.5,3.4,18.2
1476.0,119.0,1815.6,4.0,17.5
1477.0,102.0,1820.3,4.1,17.8
1478.0,75.0,1820.4,4.4,17.5
1479.0,153.0,1821.2,3.3,18.2
1480.0,84.0,1821.9,3.4,18.0
1481.0,67.0,1810.4,3.7,17.8
1482.0,115.0,1811.2,3.3,18.3
1483.0,185.0,1811.9,4.1,17.4
1484.0,100.0,1812.7,4.7,17.0
1485.0,117.0,1817.5,4.2,17.5
1486.0,107.0,1817.6,4.3,17.3
1487.0,132.0,1822.2,3.7,17.9
1488.0,112.0,1822.4,3.9,17.8
1489.0,121.0,1823.1,4.1,17.6
1490.0,112.0,1823.3,2.9,18.4
1491.0,67.0,1823.4,3.7,17.8
1492.0,145.0,1827.9,4.0,17.6
1493.0,122.0,1832.4,3.3,18.1
1494.0,61.0,1820.7,3.3,17.8
1495.0,107.0,1825.2,4.0,17.5
1496.0,102.0,1826.0,4.4,17.2
1497.0,129.0,1826.7,4.7,16.9
1498.0,102.0,1826.8,3.8,17.6
1499.0,158.0,1827.5,4.7,16.9
1500.0,79.0,1828.2,5.4,16.3
1501.0,90.0,1828.4,4.5,17.0
1502.0,170.0,1829.1,3.6,17.8
1503.0,151.0,1829.8,4.1,17.4
1504.0,121.0,1834.2,5.2,16.7
1505.0,141.0,1834.3,4.2,17.2
1506.0,135.0,1838.7,4.7,16.9
1507.0,148.0,1826.8,3.9,17.6
1508.0,98.0,1827.6,5.0,16.7
1509.0,100.0,1815.9,6.2,15.2
1510.0,91.0,1804.6,6.0,15.8
1511.0,114.0,1809.4,5.0,16.8
1512.0,259.0,1809.6,5.0,16.7
1513.0,63.0,1814.4,4.5,17.1
1514.0,127.0,1803.0,5.5,15.9
1515.0,85.0,1807.9,5.0,16.7
1516.0,76.0,1808.1,5.3,16.6
1517.0,140.0,1792.9,4.9,16.7
1518.0,187.0,1793.7,5.9,16.1
1519.0,74.0,1794.6,4.2,17.3
1520.0,100.0,1779.4,4.3,17.2
1521.0,101.0,1780.3,5.0,16.5
1522.0,115.0,1780.5,4.8,16.7
1523.0,96.0,1785.8,4.5,17.2
1524.0,113.0,1786.0,4.6,17.0
1525.0,91.0,1786.9,3.0,18.2
1526.0,139.0,1787.8,5.4,16.3
1527.0,109.0,1788.0,3.9,17.5
1528.0,145.0,1788.8,4.6,16.9
1529.0,115.0,1778.0,4.3,17.3
1530.0,83.0,1778.9,4.7,16.8
1531.0,155.0,1779.1,5.7,16.1
1532.0,177.0,1784.5,4.1,17.2
1533.0,140.0,1785.4,6.6,14.7
1534.0,100.0,1790.6,3.2,18.2
1535.0,111.0,1791.5,3.7,17.9
1536.0,136.0,1791.7,5.0,16.4
1537.0,157.0,1792.5,4.3,17.2
1538.0,82.0,1797.6,3.2,18.0
1539.0,115.0,1797.8,3.6,17.8
1540.0,141.0,1802.8,3.7,17.8
1541.0,133.0,1807.7,4.2,17.2
1542.0,107.0,1808.5,4.4,16.9
1543.0,143.0,1808.6,3.2,18.1
1544.0,119.0,1809.4,3.7,17.6
1545.0,108.0,1809.5,2.8,18.4
1546.0,113.0,1810.3,3.9,17.6
1547.0,98.0,1811.1,3.2,18.1
1548.0,107.0,1811.9,2.5,18.5
1549.0,91.0,1816.6,2.7,18.5
1550.0,176.0,1821.2,2.5,18.6
1551.0,140.0,1821.3,4.3,17.5
1552.0,172.0,1809.9,3.9,17.4
1553.0,104.0,1810.7,2.8,18.4
1554.0,119.0,1815.4,3.8,17.5
1555.0,85.0,1815.6,3.0,18.3
1556.0,186.0,1816.3,3.6,17.8
1557.0,125.0,1816.5,3.9,17.6
1558.0,141.0,1816.6,3.9,17.5
1559.0,108.0,1817.4,3.7,17.6
1560.0,130.0,1822.0,3.1,18.3
1561.0,151.0,1822.1,4.0,17.5
1562.0,175.0,1822.2,4.2,17.2
1563.0,109.0,1822.4,3.9,17.5
1564.0,111.0,1823.1,3.8,17.6
1565.0,132.0,1823.2,3.0,18.4
1566.0,92.0,1823.4,4.3,17.1
1567.0,91.0,1812.0,4.8,16.9
1568.0,126.0,1812.1,3.7,17.8
1569.0,83.0,1812.2,3.4,17.9
1570.0,123.0,1816.9,3.9,17.5
1571.0,64.0,1805.6,4.1,17.3
1572.0,163.0,1805.8,3.8,17.6
1573.0,112.0,1806.6,4.0,17.3
1574.0,191.0,1811.4,3.1,18.1
1575.0,98.0,1811.5,3.5,17.8
1576.0,109.0,1800.3,4.0,17.5
1577.0,137.0,1801.2,5.2,16.3
1578.0,129.0,1790.2,2.7,18.5
1579.0,124.0,1795.3,3.0,18.2
1580.0,89.0,1784.4,3.5,17.9
1581.0,138.0,1773.8,3.8,17.7
1582.0,116.0,1779.2,3.3,18.1
1583.0,132.0,1784.6,3.0,18.4
1584.0,138.0,1784.7,3.5,17.7
1585.0,123.0,1789.9,3.3,18.1
1586.0,139.0,1790.1,3.4,17.9
1587.0,90.0,1791.0,2.6,18.6
1588.0,120.0,1791.1,2.9,18.4
1589.0,89.0,1792.0,3.4,17.9
1590.0,100.0,1792.2,2.5,18.7
1591.0,92.0,1793.0,3.0,18.2
1592.0,99.0,1793.2,3.6,17.7
1593.0,166.0,1782.4,3.4,17.9
1594.0,241.0,1783.3,3.7,17.6
1595.0,87.0,1783.4,5.3,16.5
1596.0,88.0,1772.9,3.4,17.8
1597.0,140.0,1773.0,3.2,18.2
1598.0,86.0,1773.2,3.9,17.6
1599.0,84.0,1762.8,3.9,17.3
1600.0,149.0,1763.8,3.3,18.1
1601.0,93.0,1764.0,4.0,17.5
1602.0,216.0,1764.2,3.8,17.4
1603.0,91.0,1765.2,4.1,17.5
1604.0,74.0,1750.4,3.2,18.0
1605.0,72.0,1750.6,2.4,18.7
1606.0,109.0,1756.5,3.2,18.3
1607.0,149.0,1762.3,3.5,17.8
1608.0,108.0,1762.5,3.1,18.2
1609.0,109.0,1762.7,3.5,17.9
1610.0,120.0,1763.7,3.4,18.0
1611.0,130.0,1769.3,3.6,17.8
1612.0,111.0,1774.8,3.1,18.2
1613.0,178.0,1775.7,5.1,16.3
1614.0,105.0,1775.9,5.3,16.4
1615.0,148.0,1761.0,4.8,16.8
1616.0,134.0,1762.0,5.2,16.3
1617.0,108.0,1751.9,5.1,16.8
1618.0,83.0,1753.0,4.1,17.2
1619.0,213.0,1754.0,3.6,17.8
1620.0,85.0,1759.8,3.7,17.7
1621.0,90.0,1744.3,4.3,17.2
1622.0,113.0,1750.3,3.8,17.6
1623.0,108.0,1751.4,5.1,16.4
1624.0,150.0,1751.6,5.0,16.5
1625.0,230.0,1752.6,4.1,17.3
1626.0,133.0,1742.7,2.9,18.3
1627.0,92.0,1733.0,3.5,17.6
1628.0,79.0,1723.5,3.9,17.5
1629.0,111.0,1714.3,4.5,16.8
1630.0,167.0,1715.5,5.7,15.7
1631.0,74.0,1722.2,4.1,17.5
1632.0,156.0,1722.4,3.8,17.7
1633.0,97.0,1723.6,3.7,17.7
1634.0,109.0,1730.1,3.4,18.0
1635.0,148.0,1736.4,4.0,17.4
1636.0,131.0,1737.6,3.3,18.0
1637.0,87.0,1738.7,2.5,18.7
1638.0,134.0,1738.9,3.3,17.9
1639.0,209.0,1745.0,2.6,18.5
1640.0,107.0,1746.1,3.7,17.9
1641.0,98.0,1731.5,3.5,18.0
1642.0,105.0,1731.7,3.4,17.9
1643.0,79.0,1732.0,3.4,17.7
1644.0,125.0,1733.1,3.3,17.9
1645.0,112.0,1734.3,3.5,17.7
1646.0,99.0,1734.5,2.7,18.5
1647.0,145.0,1735.7,3.0,18.2
1648.0,184.0,1736.8,4.2,17.1
1649.0,101.0,1737.0,4.5,17.1
1650.0,118.0,1737.2,3.6,17.7
1651.0,83.0,1743.4,3.0,18.2
1652.0,93.0,1743.6,3.4,17.8
1653.0,118.0,1743.8,3.1,18.2
1654.0,102.0,1744.9,3.1,18.2
1655.0,157.0,1746.0,4.5,16.9
1656.0,106.0,1747.1,4.1,17.4
1657.0,235.0,1737.3,3.9,17.4
1658.0,115.0,1737.6,4.3,17.0
1659.0,121.0,1738.7,3.7,17.7
1660.0,97.0,1738.9,3.7,17.6
1661.0,135.0,1739.1,3.2,18.2
1662.0,127.0,1745.2,3.7,17.7
1663.0,60.0,1735.5,4.1,17.4
1664.0,101.0,1735.8,4.2,17.0
1665.0,189.0,1736.9,4.6,17.0
1666.0,212.0,1743.0,4.7,16.8
1667.0,87.0,1733.4,4.6,16.8
1668.0,155.0,1724.0,3.8,17.7
1669.0,122.0,1724.2,4.7,16.8
1670.0,133.0,1730.6,4.3,17.1
1671.0,124.0,1730.8,3.6,17.9
1672.0,114.0,1731.1,3.7,17.9
1673.0,109.0,1732.2,3.7,17.8
1674.0,117.0,1733.4,2.8,18.5
1675.0,188.0,1724.0,4.7,16.9
1676.0,99.0,1730.4,5.5,15.7
1677.0,107.0,1721.0,4.1,17.5
1678.0,101.0,1721.3,4.6,17.3
1679.0,103.0,1721.5,3.2,18.3
1680.0,109.0,1721.7,4.6,16.7
1681.0,111.0,1722.0,3.9,17.7
1682.0,122.0,1723.2,3.6,17.9
1683.0,89.0,1723.4,2.3,19.3
1684.0,154.0,1723.7,3.4,18.0
1685.0,59.0,1714.5,3.5,17.9
1686.0,91.0,1715.8,4.8,16.7
1687.0,108.0,1717.0,3.4,17.9
1688.0,108.0,1723.6,3.6,17.9
1689.0,193.0,1723.8,4.8,16.8
1690.0,119.0,1730.2,3.0,18.2
1691.0,86.0,1731.4,3.4,17.9
1692.0,131.0,1731.6,4.8,16.8
1693.0,71.0,1737.8,3.3,18.2
1694.0,87.0,1743.9,5.2,16.4
1695.0,111.0,1728.6,5.1,16.1
1696.0,92.0,1728.8,6.0,15.4
1697.0,73.0,1735.1,5.4,16.1
1698.0,109.0,1735.3,4.9,16.3
1699.0,129.0,1736.4,3.6,17.7
1700.0,132.0,1736.7,4.1,17.3
1701.0,116.0,1736.9,4.5,16.9
1702.0,105.0,1738.0,4.3,17.4
1703.0,128.0,1738.2,5.1,16.5
1704.0,135.0,1744.3,4.7,16.8
1705.0,154.0,1750.2,4.8,16.7
1706.0,164.0,1751.3,5.2,16.2
1707.0,97.0,1751.5,4.2,17.2
1708.0,90.0,1752.5,4.8,16.5
1709.0,70.0,1753.6,4.1,17.4
1710.0,262.0,1753.8,3.4,18.0
1711.0,71.0,1754.0,3.6,17.5
1712.0,79.0,1744.2,3.6,17.7
1713.0,84.0,1745.2,2.4,18.7
1714.0,113.0,1745.5,4.0,17.3
1715.0,111.0,1746.5,3.5,17.8
1716.0,103.0,1746.7,3.8,17.6
1717.0,100.0,1747.8,3.9,17.4
1718.0,138.0,1748.0,3.8,17.5
1719.0,149.0,1753.9,3.5,17.8
1720.0,149.0,1754.9,3.9,17.4
1721.0,100.0,1755.1,3.5,17.7
1722.0,105.0,1755.3,3.4,17.9
1723.0,136.0,1756.3,3.1,18.2
1724.0,110.0,1756.5,3.7,17.5
1725.0,92.0,1762.2,3.0,18.1
1726.0,83.0,1763.2,3.3,17.8
1727.0,137.0,1768.7,3.6,17.6
1728.0,74.0,1768.9,3.3,17.8
1729.0,95.0,1758.8,3.5,17.6
1730.0,100.0,1764.4,3.0,18.1
1731.0,163.0,1765.4,3.5,17.7
1732.0,136.0,1766.3,3.2,18.0
1733.0,126.0,1771.8,4.7,16.6
1734.0,119.0,1756.5,3.8,17.4
1735.0,119.0,1757.5,3.4,17.9
1736.0,121.0,1757.7,4.4,16.8
1737.0,122.0,1758.7,3.6,17.6
1738.0,223.0,1758.9,4.5,16.7
1739.0,126.0,1749.0,3.8,17.4
1740.0,134.0,1750.1,3.7,17.4
1741.0,120.0,1750.3,3.2,17.9
1742.0,136.0,1750.5,5.2,16.1
1743.0,126.0,1750.7,3.7,17.6
1744.0,124.0,1751.7,3.3,17.9
1745.0,130.0,1751.9,2.8,18.5
1746.0,101.0,1752.1,3.6,17.8
1747.0,131.0,1752.3,2.9,18.2
1748.0,115.0,1758.1,3.7,17.7
1749.0,119.0,1763.7,3.8,17.3
1750.0,129.0,1763.9,3.0,18.1
1751.0,103.0,1764.1,3.9,17.3
1752.0,129.0,1769.6,3.0,18.1
1753.0,134.0,1775.0,3.8,17.4
1754.0,300.0,1775.9,3.5,17.8
1755.0,105.0,1781.1,3.5,17.8
1756.0,117.0,1766.6,3.9,17.3
1757.0,99.0,1767.5,3.4,17.7
1758.0,102.0,1768.5,2.6,18.5
1759.0,110.0,1769.4,2.4,18.7
1760.0,145.0,1774.8,3.1,18.1
1761.0,96.0,1780.1,2.4,18.7
1762.0,83.0,1780.9,4.2,17.1
1763.0,134.0,1781.8,3.1,18.0
1764.0,91.0,1787.0,3.9,17.5
1765.0,93.0,1792.0,3.0,18.2
1766.0,81.0,1792.8,4.0,17.6
1767.0,119.0,1782.3,4.4,16.8
1768.0,89.0,1772.0,5.0,16.4
1769.0,110.0,1761.9,4.7,16.8
1770.0,171.0,1752.0,5.9,15.7
1771.0,97.0,1752.2,3.8,17.6
1772.0,96.0,1742.5,4.0,17.1
1773.0,123.0,1742.7,4.3,17.1
1774.0,93.0,1748.7,4.0,17.3
1775.0,84.0,1748.9,5.3,16.1
1776.0,94.0,1749.9,3.2,18.0
1777.0,108.0,1750.9,4.3,17.1
1778.0,95.0,1756.7,3.4,17.9
1779.0,124.0,1762.3,3.5,18.1
1780.0,128.0,1763.3,3.0,18.3
1781.0,106.0,1763.5,4.3,17.0
1782.0,93.0,1764.4,2.5,18.7
1783.0,115.0,1765.4,3.9,17.3
1784.0,116.0,1770.9,3.0,18.1
1785.0,129.0,1771.8,3.8,17.5
1786.0,138.0,1772.0,3.9,17.4
1787.0,114.0,1772.9,4.0,17.3
1788.0,140.0,1773.8,2.7,18.3
1789.0,88.0,1774.0,4.5,16.8
1790.0,117.0,1779.2,3.5,17.7
1791.0,74.0,1779.4,4.4,16.9
1792.0,90.0,1784.6,3.4,17.8
1793.0,157.0,1785.4,3.7,17.7
1794.0,89.0,1785.6,2.7,18.5
1795.0,171.0,1785.8,5.3,16.2
1796.0,121.0,1786.6,4.3,17.1
1797.0,127.0,1776.3,4.1,17.2
1798.0,119.0,1777.2,4.2,17.5
1799.0,72.0,1777.3,2.7,18.5
1800.0,152.0,1782.5,3.2,18.1
1801.0,96.0,1782.7,4.1,17.3
1802.0,228.0,1782.9,3.7,17.8
1803.0,103.0,1788.0,2.2,19.1
1804.0,225.0,1788.8,2.6,18.7
1805.0,153.0,1789.0,3.2,18.2
1806.0,103.0,1778.6,3.3,18.2
1807.0,92.0,1779.5,3.8,17.6
1808.0,114.0,1780.4,2.5,18.7
1809.0,109.0,1781.2,2.8,18.5
1810.0,175.0,1782.1,2.8,18.4
1811.0,126.0,1783.0,3.6,17.9
1812.0,75.0,1788.1,1.6,19.5
1813.0,121.0,1788.2,2.6,18.6
1814.0,127.0,1789.1,2.4,18.7
1815.0,110.0,1789.2,2.9,18.4
1816.0,99.0,1794.2,2.4,18.6
1817.0,106.0,1794.3,3.1,18.2
1818.0,100.0,1799.2,2.4,18.8
1819.0,182.0,1784.7,2.2,18.9
1820.0,182.0,1789.7,2.2,19.0
1821.0,200.0,1794.6,3.9,17.7
1822.0,134.0,1799.5,4.0,17.6
1823.0,166.0,1788.9,3.5,17.8
1824.0,128.0,1789.1,3.2,18.1
1825.0,146.0,1794.0,3.2,18.1
1826.0,180.0,1798.9,4.0,17.4
1827.0,300.0,1799.0,3.3,18.1
1828.0,115.0,1799.8,2.1,19.1
1829.0,135.0,1789.3,3.2,18.2
1830.0,112.0,1778.9,3.2,18.2
1831.0,120.0,1784.1,3.2,18.1
1832.0,192.0,1773.8,3.0,18.3
1833.0,195.0,1774.0,2.9,18.2
1834.0,115.0,1774.9,3.0,18.1
1835.0,200.0,1775.8,3.7,17.4
1836.0,131.0,1781.0,2.7,18.5
1837.0,144.0,1781.2,2.3,18.8
1838.0,160.0,1782.0,2.5,18.7
1839.0,113.0,1771.8,2.6,18.6
1840.0,120.0,1772.0,2.8,18.4
1841.0,105.0,1762.0,2.8,18.5
1842.0,101.0,1762.2,1.9,19.2
1843.0,179.0,1763.2,2.9,18.4
1844.0,126.0,1768.6,2.3,18.8
1845.0,140.0,1768.8,3.2,18.1
1846.0,93.0,1769.7,1.9,19.2
1847.0,192.0,1770.7,2.8,18.4
1848.0,101.0,1776.0,3.6,17.7
1849.0,64.0,1765.9,3.5,17.8
1850.0,126.0,1771.3,3.9,17.4
1851.0,119.0,1772.2,2.8,18.4
1852.0,155.0,1777.5,3.6,17.7
1853.0,184.0,1777.6,4.0,17.2
1854.0,163.0,1782.8,2.9,18.3
1855.0,119.0,1787.8,3.3,17.9
1856.0,146.0,1792.8,2.8,18.5
1857.0,112.0,1797.6,3.1,18.2
1858.0,109.0,1798.4,2.8,18.4
1859.0,138.0,1798.6,2.6,18.7
1860.0,148.0,1798.7,2.9,18.3
1861.0,120.0,1803.5,2.2,18.9
1862.0,137.0,1803.6,2.7,18.5
1863.0,151.0,1803.8,2.9,18.3
1864.0,142.0,1803.9,3.0,18.2
1865.0,85.0,1804.7,2.8,18.5
1866.0,85.0,1805.4,3.0,18.2
1867.0,111.0,1806.2,2.7,18.4
1868.0,73.0,1807.0,2.3,18.9
1869.0,262.0,1807.7,3.8,17.4
1870.0,144.0,1797.1,1.9,19.1
1871.0,113.0,1786.6,2.7,18.4
1872.0,119.0,1786.8,2.4,18.7
1873.0,155.0,1787.0,2.4,18.7
1874.0,107.0,1787.8,2.7,18.4
1875.0,201.0,1788.0,3.2,18.0
1876.0,194.0,1788.1,2.9,18.3
1877.0,202.0,1789.0,3.6,17.6
1878.0,139.0,1778.7,3.1,18.0
1879.0,108.0,1779.6,2.6,18.6
1880.0,189.0,1779.7,3.0,18.2
1881.0,145.0,1779.9,2.8,18.5
1882.0,135.0,1780.1,3.2,18.1
1883.0,185.0,1780.9,2.9,18.3
1884.0,117.0,1781.1,2.5,18.6
1885.0,110.0,1781.3,3.2,18.0
1886.0,134.0,1782.1,2.5,18.7
1887.0,138.0,1782.3,3.3,17.8
1888.0,111.0,1782.5,4.0,17.4
1889.0,81.0,1787.5,3.6,17.7
1890.0,171.0,1787.7,3.8,17.4
1891.0,98.0,1787.8,3.1,18.3
1892.0,172.0,1788.0,2.9,18.3
1893.0,153.0,1788.1,3.7,17.8
1894.0,89.0,1788.3,4.5,17.0
1895.0,70.0,1778.1,4.7,16.8
1896.0,90.0,1783.2,4.6,16.9
1897.0,102.0,1784.0,4.5,17.0
1898.0,176.0,1784.2,5.2,16.2
1899.0,122.0,1785.0,4.3,17.3
1900.0,116.0,1774.9,3.3,18.2
1901.0,108.0,1775.8,3.8,17.8
1902.0,120.0,1775.9,3.0,18.4
1903.0,84.0,1776.8,3.6,17.8
1904.0,149.0,1782.0,3.2,18.4
1905.0,176.0,1787.0,3.5,18.0
1906.0,105.0,1787.1,3.1,18.1
1907.0,95.0,1787.3,2.7,18.6
1908.0,104.0,1787.5,3.0,18.2
1909.0,119.0,1792.4,1.9,19.2
1910.0,104.0,1792.6,3.3,18.0
1911.0,116.0,1797.4,2.8,18.5
1912.0,131.0,1798.2,3.8,17.5
1913.0,132.0,1802.9,3.1,18.3
1914.0,95.0,1803.0,3.3,18.0
1915.0,95.0,1803.8,3.1,18.3
1916.0,81.0,1808.4,2.6,18.5
1917.0,97.0,1808.6,4.1,17.4
1918.0,138.0,1809.3,3.2,18.0
1919.0,115.0,1810.0,4.1,17.4
1920.0,121.0,1814.5,3.1,18.1
1921.0,116.0,1818.9,3.9,17.4
1922.0,108.0,1823.3,3.5,17.8
1923.0,115.0,1823.4,3.5,17.5
1924.0,96.0,1827.7,3.2,18.3
1925.0,121.0,1827.8,4.0,17.3
1926.0,127.0,1828.5,3.8,17.6
1927.0,119.0,1829.1,3.3,17.9
1928.0,110.0,1829.8,2.9,18.5
1929.0,98.0,1829.9,2.7,18.5
1930.0,88.0,1830.6,3.9,17.3
1931.0,90.0,1831.2,4.0,17.5
1932.0,70.0,1831.4,2.8,18.4
1933.0,137.0,1835.5,3.8,17.7
1934.0,118.0,1839.5,3.5,17.8
1935.0,136.0,1840.1,4.9,16.7
1936.0,118.0,1840.2,4.1,17.2
1937.0,91.0,1840.9,3.6,17.7
1938.0,137.0,1841.5,3.7,17.8
1939.0,103.0,1841.6,4.4,16.9
1940.0,159.0,1830.5,6.0,15.5
1941.0,106.0,1830.6,4.5,17.0
1942.0,119.0,1819.6,4.3,17.0
1943.0,107.0,1820.3,4.4,17.3
1944.0,119.0,1821.0,3.4,17.7
1945.0,124.0,1821.2,4.2,17.2
1946.0,138.0,1810.4,5.1,16.1
1947.0,86.0,1799.8,4.5,16.9
1948.0,121.0,1800.6,4.4,16.8
1949.0,123.0,1790.2,4.6,16.6
1950.0,219.0,1790.3,4.0,17.1
1951.0,136.0,1790.5,3.9,17.4
1952.0,137.0,1780.3,3.4,17.9
1953.0,122.0,1781.2,3.0,18.2
1954.0,108.0,1782.0,2.9,18.5
1955.0,173.0,1782.2,2.8,18.4
1956.0,112.0,1783.0,3.0,18.2
1957.0,82.0,1773.0,3.3,18.0
1958.0,100.0,1773.1,3.2,18.0
1959.0,109.0,1773.3,3.3,18.1
1960.0,106.0,1778.5,3.6,17.7
1961.0,87.0,1779.4,3.3,18.0
1962.0,123.0,1780.2,3.1,18.2
1963.0,131.0,1785.2,3.9,17.4
1964.0,127.0,1785.4,3.5,17.8
1965.0,154.0,1786.2,3.5,17.7
1966.0,95.0,1786.4,4.8,16.8
1967.0,133.0,1776.3,3.7,17.7
1968.0,117.0,1781.4,3.7,17.5
1969.0,74.0,1781.6,3.0,18.2
1970.0,94.0,1782.4,2.4,18.7
1971.0,136.0,1782.6,2.7,18.5
1972.0,123.0,1783.4,4.1,17.2
1973.0,107.0,1783.6,3.4,17.9
1974.0,109.0,1788.5,2.7,18.6
1975.0,164.0,1789.4,2.9,18.2
1976.0,127.0,1794.2,3.7,17.6
1977.0,149.0,1794.4,3.6,17.7
1978.0,92.0,1799.1,3.4,18.0
1979.0,107.0,1799.3,3.3,17.9
1980.0,114.0,1803.9,3.1,18.2
1981.0,59.0,1804.7,3.0,18.4
1982.0,114.0,1809.2,3.2,18.0
1983.0,80.0,1798.7,3.1,18.0
1984.0,140.0,1798.9,3.4,17.8
1985.0,90.0,1799.0,2.7,18.4
1986.0,125.0,1799.8,3.4,17.8
1987.0,206.0,1800.6,4.1,17.1
1988.0,136.0,1800.7,2.7,18.5
1989.0,97.0,1786.5,4.8,16.5
1990.0,147.0,1776.4,3.1,18.0
1991.0,154.0,1777.3,3.0,18.2
1992.0,131.0,1777.5,4.7,16.8
1993.0,78.0,1778.3,3.1,18.1
1994.0,154.0,1783.4,3.1,18.1
1995.0,105.0,1788.3,2.1,19.0
1996.0,93.0,1793.2,3.1,18.2
1997.0,188.0,1794.0,2.4,18.6
1998.0,152.0,1794.1,3.8,17.5
1999.0,117.0,1783.9,2.2,19.0
2000.0,113.0,1773.9,4.1,17.3
2001.0,168.0,1779.0,4.2,17.1
2002.0,114.0,1779.2,3.7,17.5
2003.0,100.0,1780.1,3.3,18.0
2004.0,241.0,1785.1,2.8,18.4
2005.0,105.0,1790.0,3.5,17.9
2006.0,123.0,1775.8,3.1,18.1
2007.0,133.0,1766.0,2.9,18.4
2008.0,168.0,1766.2,2.7,18.5
2009.0,144.0,1767.1,2.9,18.3
2010.0,119.0,1757.4,3.0,18.2
2011.0,122.0,1762.8,2.6,18.6
2012.0,139.0,1763.8,4.0,17.2
2013.0,83.0,1764.0,3.1,18.0
2014.0,135.0,1764.9,2.9,18.3
2015.0,160.0,1765.1,2.3,18.8
2016.0,134.0,1766.0,3.8,17.4
2017.0,100.0,1766.2,2.9,18.2
2018.0,107.0,1766.4,3.2,17.9
2019.0,87.0,1766.5,2.4,18.7
2020.0,138.0,1767.5,3.0,18.2
2021.0,124.0,1767.6,3.0,18.1
2022.0,81.0,1767.8,2.4,18.7
2023.0,93.0,1768.7,2.6,18.5
2024.0,138.0,1773.9,3.4,17.7
2025.0,110.0,1774.1,3.5,17.7
2026.0,121.0,1774.3,2.8,18.4
2027.0,174.0,1775.2,3.6,17.6
2028.0,126.0,1775.3,2.8,18.4
2029.0,106.0,1776.2,3.2,17.9
2030.0,139.0,1776.4,2.9,18.3
2031.0,146.0,1777.3,3.7,17.5
2032.0,104.0,1778.1,2.3,18.8
2033.0,121.0,1779.0,3.2,18.0
2034.0,102.0,1784.0,2.8,18.4
2035.0,98.0,1784.8,2.6,18.5
2036.0,107.0,1785.7,2.8,18.3
2037.0,96.0,1785.8,3.3,17.8
2038.0,120.0,1786.0,3.5,17.8
2039.0,104.0,1786.8,2.0,19.0
2040.0,133.0,1791.7,3.2,18.0
2041.0,111.0,1796.4,3.0,18.3
2042.0,124.0,1796.6,2.5,18.5
2043.0,149.0,1797.4,2.5,18.7
2044.0,135.0,1797.5,2.8,18.3
2045.0,137.0,1797.7,2.8,18.4
2046.0,127.0,1798.4,3.0,18.2
2047.0,167.0,1798.6,3.4,17.8
2048.0,143.0,1799.4,3.6,17.7
2049.0,80.0,1799.5,3.1,18.1
2050.0,178.0,1799.6,3.1,18.0
2051.0,126.0,1804.3,3.0,18.2
2052.0,117.0,1793.9,2.7,18.5
2053.0,118.0,1794.7,2.7,18.5
2054.0,76.0,1799.4,2.2,18.9
2055.0,104.0,1800.2,3.6,17.5
2056.0,133.0,1800.9,2.6,18.5
2057.0,139.0,1801.1,2.3,18.8
2058.0,115.0,1801.8,3.0,18.1
2059.0,108.0,1802.0,3.1,18.1
2060.0,97.0,1802.7,3.8,17.6
2061.0,142.0,1802.9,3.1,18.3
2062.0,123.0,1803.6,2.6,18.6
2063.0,122.0,1803.8,2.8,18.5
2064.0,127.0,1808.3,3.5,17.7
2065.0,160.0,1812.8,4.0,17.6
2066.0,151.0,1812.9,4.4,17.0
2067.0,123.0,1813.0,3.0,18.0
2068.0,129.0,1813.7,3.6,17.8
2069.0,116.0,1818.1,3.4,17.8
2070.0,99.0,1818.2,2.4,18.7
2071.0,105.0,1818.4,3.4,17.9
2072.0,152.0,1822.6,3.6,17.8
2073.0,110.0,1822.8,3.3,18.2
2074.0,158.0,1822.9,3.8,17.5
2075.0,199.0,1823.6,3.5,17.9
2076.0,122.0,1809.4,3.1,18.3
2077.0,151.0,1799.0,3.3,17.9
2078.0,195.0,1799.8,3.2,18.2
2079.0,144.0,1800.5,4.6,16.7
2080.0,189.0,1805.1,3.6,17.5
2081.0,152.0,1805.9,3.2,18.0
2082.0,129.0,1791.8,4.8,16.6
2083.0,126.0,1792.6,2.9,18.3
2084.0,136.0,1793.4,4.6,16.8
2085.0,87.0,1793.5,3.8,17.7
2086.0,128.0,1798.2,3.4,17.8
2087.0,69.0,1799.0,3.7,17.4
2088.0,119.0,1788.8,2.7,18.4
2089.0,85.0,1789.0,3.1,18.2
2090.0,93.0,1793.8,1.9,19.2
2091.0,124.0,1793.9,3.2,18.0
2092.0,110.0,1798.6,3.5,17.7
2093.0,97.0,1799.4,2.7,18.5
2094.0,142.0,1800.1,2.4,18.8
2095.0,125.0,1800.9,3.1,18.1
2096.0,109.0,1790.7,2.5,18.7
2097.0,113.0,1776.7,3.0,18.3
2098.0,102.0,1776.9,2.6,18.5
2099.0,84.0,1777.0,1.9,19.1
2100.0,142.0,1777.2,4.8,16.3
2101.0,76.0,1778.1,3.2,18.1
2102.0,119.0,1778.9,3.3,17.8
2103.0,179.0,1779.8,3.1,18.2
2104.0,102.0,1780.6,3.8,17.5
2105.0,92.0,1766.0,2.7,18.4
2106.0,125.0,1766.9,4.3,17.0
2107.0,254.0,1767.8,3.9,17.4
2108.0,84.0,1768.7,2.2,19.0
2109.0,135.0,1759.1,2.4,18.7
2110.0,258.0,1764.5,4.6,16.6
2111.0,203.0,1755.0,4.1,17.1
2112.0,110.0,1755.9,2.8,18.5
2113.0,120.0,1756.1,1.9,19.2
2114.0,147.0,1756.3,2.2,19.0
2115.0,182.0,1761.7,2.8,18.5
2116.0,183.0,1761.9,1.9,19.2
2117.0,110.0,1762.1,2.5,18.8
2118.0,174.0,1762.2,2.8,18.5
2119.0,108.0,1767.5,2.2,19.0
2120.0,118.0,1767.7,2.3,18.9
2121.0,142.0,1772.9,2.7,18.5
2122.0,125.0,1777.9,2.8,18.5
2123.0,154.0,1778.1,2.9,18.4
2124.0,132.0,1779.0,2.5,18.7
2125.0,119.0,1779.1,2.6,18.6
2126.0,129.0,1780.0,2.1,19.0
2127.0,112.0,1780.1,2.3,18.9
2128.0,81.0,1785.1,1.8,19.2
2129.0,84.0,1785.2,2.9,18.3
2130.0,170.0,1790.1,2.7,18.4
2131.0,115.0,1794.8,2.8,18.3
2132.0,139.0,1795.0,2.9,18.3
2133.0,113.0,1795.1,2.5,18.8
2134.0,156.0,1785.0,3.4,17.8
2135.0,115.0,1785.2,2.5,18.7
2136.0,162.0,1785.4,3.0,18.3
2137.0,135.0,1786.2,2.5,18.7
2138.0,220.0,1786.3,3.7,17.7
2139.0,155.0,1786.5,2.8,18.5
2140.0,142.0,1776.6,2.4,18.7
2141.0,259.0,1781.6,4.0,17.6
2142.0,104.0,1786.5,3.0,18.4
2143.0,152.0,1772.6,3.3,18.0
2144.0,151.0,1772.8,3.0,18.3
2145.0,147.0,1772.9,3.7,17.5
2146.0,126.0,1773.1,3.3,18.1
2147.0,101.0,1774.0,3.0,18.2
2148.0,166.0,1779.0,2.7,18.5
2149.0,121.0,1779.2,1.9,19.3
2150.0,149.0,1784.1,3.3,18.1
2151.0,176.0,1788.9,2.7,18.5
2152.0,129.0,1793.7,4.4,16.8
2153.0,103.0,1794.5,2.4,18.7
2154.0,297.0,1795.3,2.4,18.8
2155.0,174.0,1796.0,2.4,18.8
2156.0,146.0,1786.0,3.3,17.9
2157.0,229.0,1790.8,3.5,17.9
2158.0,118.0,1791.6,3.4,18.0
2159.0,100.0,1781.6,2.4,18.8
2160.0,190.0,1786.5,2.9,18.4
2161.0,160.0,1786.6,2.9,18.2
2162.0,126.0,1786.8,3.3,18.0
2163.0,117.0,1787.6,3.3,17.9
2164.0,141.0,1792.4,3.3,18.1
2165.0,158.0,1797.1,2.7,18.4
2166.0,143.0,1797.8,2.8,18.4
2167.0,115.0,1798.6,2.7,18.5
2168.0,119.0,1799.3,4.2,17.2
2169.0,135.0,1800.1,4.2,17.1
2170.0,126.0,1800.2,3.4,18.0
2171.0,175.0,1804.8,3.2,18.2
2172.0,181.0,1804.9,2.7,18.7
2173.0,104.0,1805.1,2.5,18.8
2174.0,135.0,1805.2,2.6,18.7
2175.0,177.0,1805.3,3.6,17.7
2176.0,98.0,1806.1,3.1,18.2
2177.0,127.0,1792.2,3.1,18.2
2178.0,136.0,1792.3,3.5,17.8
2179.0,106.0,1793.1,2.6,18.7
2180.0,148.0,1793.9,2.5,18.8
2181.0,148.0,1798.5,2.4,18.8
2182.0,96.0,1799.3,2.6,18.6
2183.0,148.0,1799.4,3.0,18.2
2184.0,156.0,1800.2,2.5,18.8
2185.0,136.0,1800.9,3.0,18.3
2186.0,183.0,1786.5,2.8,18.5
2187.0,189.0,1786.6,3.1,18.1
2188.0,161.0,1786.8,3.9,17.5
2189.0,137.0,1786.9,2.9,18.5
2190.0,90.0,1787.7,2.5,18.7
2191.0,127.0,1787.9,2.9,18.3
2192.0,160.0,1788.0,2.9,18.3
2193.0,175.0,1788.8,2.7,18.5
2194.0,151.0,1789.6,4.7,16.5
2195.0,159.0,1789.8,3.0,18.3
2196.0,109.0,1779.9,3.3,17.9
2197.0,148.0,1780.7,2.6,18.6
2198.0,189.0,1781.6,2.9,18.3
2199.0,231.0,1781.7,3.2,18.1
2200.0,134.0,1772.0,2.5,18.6
2201.0,163.0,1772.2,2.5,18.7
2202.0,143.0,1773.0,2.1,19.0
2203.0,230.0,1778.0,2.6,18.5
2204.0,194.0,1778.9,2.9,18.4
2205.0,111.0,1779.1,2.8,18.4
2206.0,143.0,1779.9,2.2,19.0
2207.0,153.0,1780.7,2.7,18.4
2208.0,134.0,1780.9,2.6,18.6
2209.0,131.0,1785.8,1.9,19.1
2210.0,135.0,1785.9,2.9,18.4
2211.0,103.0,1790.7,2.7,18.5
2212.0,124.0,1791.5,2.8,18.4
2213.0,174.0,1796.2,2.6,18.5
2214.0,90.0,1796.3,3.1,18.3
2215.0,173.0,1800.9,3.7,17.5
2216.0,101.0,1801.0,2.5,18.6
2217.0,242.0,1791.0,3.6,17.7
2218.0,164.0,1791.1,3.5,17.7
2219.0,104.0,1791.9,2.1,19.1
2220.0,162.0,1796.6,2.1,19.0
2221.0,113.0,1797.3,2.2,18.9
2222.0,154.0,1797.5,2.0,19.2
2223.0,127.0,1802.0,2.8,18.5
2224.0,101.0,1802.2,2.5,18.6
2225.0,170.0,1802.3,3.1,18.0
2226.0,155.0,1802.4,3.4,17.8
2227.0,154.0,1802.6,2.1,19.1
2228.0,133.0,1807.1,2.3,19.0
2229.0,101.0,1807.2,2.0,19.2
2230.0,149.0,1807.3,1.9,19.2
2231.0,137.0,1807.5,2.2,18.9
2232.0,170.0,1808.2,2.4,18.8
2233.0,139.0,1808.9,3.6,17.9
2234.0,187.0,1813.3,3.0,18.4
2235.0,128.0,1817.5,2.6,18.6
2236.0,125.0,1821.7,2.5,18.7
2237.0,280.0,1822.4,2.8,18.5
2238.0,126.0,1823.0,2.8,18.5
2239.0,187.0,1812.6,2.8,18.5
2240.0,178.0,1812.7,2.7,18.6
2241.0,156.0,1812.9,3.5,18.0
2242.0,114.0,1799.0,2.8,18.7
2243.0,130.0,1799.2,2.6,18.6
2244.0,97.0,1799.9,2.1,19.1
2245.0,132.0,1800.7,2.3,18.8
2246.0,187.0,1805.2,3.0,18.2
2247.0,251.0,1805.3,2.4,18.8
2248.0,148.0,1806.0,2.8,18.4
2249.0,170.0,1795.9,2.7,18.5
2250.0,161.0,1796.7,2.2,18.9
2251.0,147.0,1796.8,2.7,18.5
2252.0,138.0,1797.0,1.8,19.3
2253.0,222.0,1797.1,2.4,18.8
2254.0,133.0,1797.3,3.0,18.2
2255.0,84.0,1787.3,3.0,18.2
2256.0,138.0,1787.4,2.2,19.0
2257.0,123.0,1792.2,2.9,18.2
2258.0,98.0,1792.3,2.9,18.4
2259.0,167.0,1792.5,2.5,18.7
2260.0,117.0,1793.2,2.6,18.6
2261.0,175.0,1797.9,2.7,18.6
2262.0,134.0,1802.4,3.2,18.0
2263.0,122.0,1802.5,2.6,18.6
2264.0,138.0,1802.7,3.0,18.3
2265.0,124.0,1803.4,3.1,18.1
2266.0,181.0,1803.5,3.0,18.2
2267.0,106.0,1803.7,2.8,18.4
2268.0,149.0,1803.8,2.6,18.5
2269.0,108.0,1808.2,3.0,18.2
2270.0,129.0,1808.4,2.5,18.8
2271.0,179.0,1812.7,3.3,18.0
2272.0,83.0,1812.9,2.3,19.1
2273.0,114.0,1802.6,2.2,18.9
2274.0,171.0,1803.4,3.0,18.3
2275.0,103.0,1793.3,2.8,18.4
2276.0,165.0,1797.9,2.6,18.5
2277.0,209.0,1802.4,3.8,17.7
2278.0,147.0,1802.6,3.6,17.6
2279.0,90.0,1792.5,3.5,17.9
2280.0,128.0,1792.7,3.4,18.1
2281.0,118.0,1797.3,3.6,17.7
2282.0,121.0,1787.4,3.7,17.6
2283.0,135.0,1787.5,5.5,15.9
2284.0,148.0,1787.7,3.2,18.1
2285.0,127.0,1787.8,3.4,17.9
2286.0,74.0,1778.1,2.5,18.6
2287.0,140.0,1778.2,3.5,18.0
2288.0,128.0,1783.1,4.5,16.8
2289.0,118.0,1773.4,3.4,17.8
2290.0,128.0,1773.6,2.4,18.7
2291.0,117.0,1773.8,4.2,17.5
2292.0,90.0,1773.9,2.0,19.2
2293.0,168.0,1778.9,2.7,18.6
2294.0,96.0,1779.7,2.8,18.5
2295.0,118.0,1779.9,3.0,18.1
2296.0,93.0,1770.3,2.9,18.4
2297.0,108.0,1770.4,2.9,18.4
2298.0,160.0,1771.3,3.2,18.1
2299.0,154.0,1771.5,2.7,18.5
2300.0,124.0,1776.5,3.0,18.2
2301.0,107.0,1776.6,2.2,19.0
2302.0,68.0,1777.5,2.6,18.6
2303.0,124.0,1767.9,4.3,17.0
2304.0,144.0,1758.6,4.0,17.4
2305.0,90.0,1758.7,3.7,17.7
2306.0,203.0,1759.7,3.8,17.6
2307.0,158.0,1759.8,3.7,17.7
2308.0,145.0,1750.6,2.8,18.4
2309.0,131.0,1751.6,2.9,18.3
2310.0,149.0,1751.8,2.9,18.4
2311.0,174.0,1752.0,2.6,18.7
2312.0,133.0,1757.3,3.5,18.0
2313.0,112.0,1757.5,2.4,18.8
2314.0,92.0,1758.5,2.2,18.9
2315.0,127.0,1758.6,1.9,19.3
2316.0,134.0,1759.6,2.2,19.0
2317.0,246.0,1759.7,2.0,19.1
2318.0,131.0,1765.0,2.5,18.6
2319.0,191.0,1755.6,3.1,18.2
2320.0,149.0,1755.8,2.9,18.5
2321.0,131.0,1746.7,3.8,17.7
2322.0,149.0,1737.8,3.3,18.2
2323.0,103.0,1738.0,3.1,18.5
2324.0,89.0,1743.6,2.4,18.9
2325.0,144.0,1744.6,2.7,18.6
2326.0,75.0,1745.6,2.4,18.8
2327.0,127.0,1745.8,2.5,18.8
2328.0,101.0,1751.3,2.4,18.8
2329.0,189.0,1756.6,3.0,18.2
2330.0,117.0,1757.6,2.4,18.8
2331.0,129.0,1748.4,2.5,18.6
2332.0,125.0,1749.4,3.0,18.2
2333.0,111.0,1754.8,2.4,18.9
2334.0,145.0,1755.0,2.7,18.4
2335.0,152.0,1755.9,3.2,18.1
2336.0,146.0,1756.1,2.9,18.3
2337.0,93.0,1756.3,4.0,17.6
2338.0,174.0,1757.2,3.7,17.5
2339.0,152.0,1758.2,3.1,18.2
2340.0,121.0,1749.0,2.5,18.8
2341.0,98.0,1754.4,2.3,18.9
2342.0,114.0,1759.7,2.8,18.5
2343.0,135.0,1764.9,2.8,18.5
2344.0,132.0,1765.1,2.9,18.4
2345.0,133.0,1765.2,3.0,18.1
2346.0,83.0,1770.3,1.8,19.3
2347.0,132.0,1770.5,2.4,18.9
2348.0,140.0,1771.4,2.8,18.4
2349.0,151.0,1771.5,2.8,18.6
2350.0,105.0,1771.7,2.8,18.4
2351.0,120.0,1776.7,2.3,19.0
2352.0,131.0,1781.5,2.8,18.7
2353.0,103.0,1782.4,2.6,18.7
2354.0,111.0,1772.8,2.5,18.7
2355.0,124.0,1772.9,2.0,19.1
2356.0,160.0,1773.1,2.5,18.8
2357.0,117.0,1774.0,1.9,19.2
2358.0,207.0,1774.1,2.7,18.5
2359.0,153.0,1779.0,3.0,18.6
2360.0,112.0,1769.5,2.3,19.0
2361.0,124.0,1769.7,3.3,18.0
2362.0,180.0,1769.8,2.6,18.7
2363.0,84.0,1770.0,3.0,18.4
2364.0,125.0,1770.2,2.2,18.9
2365.0,173.0,1775.2,2.9,18.4
2366.0,135.0,1776.0,2.3,18.9
2367.0,151.0,1780.9,2.8,18.6
2368.0,122.0,1785.7,2.4,18.9
2369.0,114.0,1790.4,1.7,19.5
2370.0,155.0,1795.0,1.8,19.3
2371.0,124.0,1799.5,3.4,17.9
2372.0,117.0,1804.0,3.1,18.3
2373.0,118.0,1804.7,2.4,18.9
2374.0,159.0,1805.4,3.1,18.1
2375.0,128.0,1806.1,2.1,19.0
2376.0,137.0,1806.8,3.5,18.1
2377.0,95.0,1811.1,2.8,18.6
2378.0,184.0,1811.3,3.2,18.1
2379.0,101.0,1811.4,3.4,17.9
2380.0,137.0,1812.1,2.3,19.0
2381.0,111.0,1812.8,2.1,19.0
2382.0,137.0,1813.5,2.1,19.1
2383.0,131.0,1817.7,2.6,18.6
2384.0,147.0,1817.8,3.1,18.2
2385.0,257.0,1818.5,4.4,17.1
2386.0,135.0,1819.1,2.3,19.0
2387.0,111.0,1819.8,2.3,19.0
2388.0,104.0,1823.9,2.0,19.2
2389.0,166.0,1827.9,2.3,18.9
2390.0,126.0,1828.5,2.8,18.4
2391.0,119.0,1828.7,2.3,19.0
2392.0,93.0,1829.3,1.7,19.3
2393.0,125.0,1829.9,3.1,18.2
2394.0,182.0,1830.0,2.9,18.3
2395.0,97.0,1834.0,2.2,19.0
2396.0,197.0,1837.8,2.4,18.8
2397.0,160.0,1838.4,1.7,19.4
2398.0,147.0,1827.9,2.4,18.8
2399.0,133.0,1828.0,2.0,19.2
2400.0,137.0,1828.1,2.2,19.0
2401.0,118.0,1832.1,1.9,19.1
2402.0,130.0,1832.2,2.0,19.2
2403.0,136.0,1832.3,1.9,19.3
2404.0,116.0,1832.9,2.2,18.9
2405.0,138.0,1833.6,2.1,19.1
2406.0,141.0,1834.2,2.4,18.7
2407.0,169.0,1834.3,2.9,18.3
2408.0,123.0,1834.4,3.4,17.8
2409.0,142.0,1834.5,4.0,17.5
2410.0,124.0,1835.1,3.6,17.9
2411.0,97.0,1835.2,2.3,18.8
2412.0,105.0,1835.8,2.3,18.9
2413.0,112.0,1836.4,3.0,18.3
2414.0,145.0,1840.3,2.5,18.7
2415.0,147.0,1840.8,2.5,18.7
2416.0,145.0,1841.0,2.5,18.6
2417.0,125.0,1841.1,2.2,19.0
2418.0,120.0,1841.2,2.5,18.5
2419.0,168.0,1841.3,2.4,18.9
2420.0,132.0,1841.9,2.5,18.8
2421.0,132.0,1842.0,2.1,19.0
2422.0,121.0,1842.1,2.4,18.8
2423.0,165.0,1842.2,2.7,18.5
2424.0,191.0,1845.9,2.8,18.4
2425.0,147.0,1849.6,3.5,17.9
2426.0,136.0,1838.9,2.8,18.4
2427.0,76.0,1842.7,1.9,19.3
2428.0,205.0,1842.8,2.7,18.6
2429.0,186.0,1846.5,3.0,18.3
2430.0,130.0,1846.6,3.2,18.1
2431.0,82.0,1832.5,1.6,19.4
2432.0,182.0,1832.6,4.1,17.6
2433.0,129.0,1833.2,3.2,18.1
2434.0,115.0,1833.8,2.9,18.2
2435.0,133.0,1833.9,2.9,18.3
2436.0,127.0,1834.0,3.1,18.2
2437.0,150.0,1834.2,3.5,17.8
2438.0,112.0,1823.8,2.6,18.5
2439.0,205.0,1827.8,3.5,17.8
2440.0,120.0,1831.7,2.4,18.8
2441.0,101.0,1831.8,2.0,19.0
2442.0,128.0,1835.7,3.4,17.7
2443.0,121.0,1839.5,2.6,18.6
2444.0,124.0,1840.1,2.6,18.7
2445.0,106.0,1840.2,2.5,18.5
2446.0,300.0,1843.9,4.8,16.4
2447.0,115.0,1844.5,2.4,18.7
2448.0,130.0,1841.1,2.8,18.5
2449.0,119.0,1844.8,1.8,19.3
2450.0,99.0,1845.3,1.7,19.4
2451.0,117.0,1845.9,2.2,18.9
2452.0,153.0,1846.5,2.4,18.7
2453.0,81.0,1846.6,1.9,19.1
2454.0,202.0,1850.2,3.9,17.3
2455.0,201.0,1850.8,2.8,18.3
2456.0,120.0,1851.3,2.1,19.0
2457.0,153.0,1851.9,2.9,18.2
2458.0,174.0,1852.0,3.6,17.7
2459.0,90.0,1852.5,2.8,18.5
2460.0,110.0,1841.9,4.1,17.3
2461.0,80.0,1842.5,2.9,18.4
2462.0,119.0,1843.0,4.2,17.4
2463.0,115.0,1846.7,3.2,18.0
2464.0,88.0,1846.8,3.4,18.0
2465.0,110.0,1850.4,2.7,18.4
2466.0,124.0,1851.0,2.3,19.0
2467.0,115.0,1851.6,3.4,18.1
2468.0,103.0,1851.7,2.6,18.6
2469.0,103.0,1855.2,3.1,18.4
2470.0,134.0,1858.7,2.5,18.6
2471.0,95.0,1858.8,5.0,16.5
2472.0,80.0,1848.0,4.2,17.3
2473.0,166.0,1851.7,3.7,17.7
2474.0,130.0,1851.8,3.3,18.0
2475.0,170.0,1841.1,6.9,14.7
2476.0,107.0,1841.7,3.9,17.4
2477.0,96.0,1845.4,2.7,18.5
2478.0,148.0,1849.0,3.4,18.2
2479.0,117.0,1849.1,3.0,18.5
2480.0,125.0,1849.7,3.1,18.2
2481.0,97.0,1849.8,2.6,18.6
2482.0,133.0,1849.9,3.1,18.1
2483.0,135.0,1853.5,3.2,18.3
2484.0,125.0,1857.0,2.3,18.9
2485.0,122.0,1860.5,2.2,19.0
2486.0,142.0,1863.9,2.6,18.7
2487.0,170.0,1864.0,2.8,18.4
2488.0,112.0,1867.3,3.9,17.6
2489.0,125.0,1867.4,3.4,18.1
2490.0,109.0,1867.5,2.8,18.7
2491.0,88.0,1867.6,4.2,17.2
2492.0,91.0,1867.7,1.9,19.2
2493.0,96.0,1868.2,2.9,18.3
2494.0,135.0,1868.7,2.5,18.7
2495.0,110.0,1872.0,2.5,18.7
2496.0,107.0,1872.5,3.7,17.9
2497.0,112.0,1872.6,2.6,18.7
2498.0,89.0,1875.8,3.7,17.5
2499.0,93.0,1879.0,2.2,19.0
2500.0,166.0,1879.4,3.1,18.1
2501.0,103.0,1879.5,1.8,19.4
2502.0,152.0,1882.7,2.8,18.4
2503.0,140.0,1885.7,3.8,17.6
2504.0,131.0,1888.8,5.1,16.5
2505.0,123.0,1877.6,3.6,17.7
2506.0,92.0,1880.8,3.5,17.7
2507.0,103.0,1880.9,2.9,18.5
2508.0,157.0,1881.0,3.0,18.2
2509.0,134.0,1881.1,2.2,19.0
2510.0,242.0,1881.5,6.7,14.9
2511.0,108.0,1870.5,3.6,17.8
2512.0,107.0,1856.9,2.9,18.4
2513.0,118.0,1857.4,3.1,18.0
2514.0,110.0,1860.8,3.5,17.8
2515.0,91.0,1864.2,2.7,18.5
2516.0,142.0,1864.3,4.1,17.0
2517.0,102.0,1864.8,4.1,17.2
2518.0,99.0,1854.1,2.1,19.1
2519.0,116.0,1854.2,2.6,18.7
2520.0,138.0,1857.6,3.9,17.5
2521.0,131.0,1857.7,2.4,19.0
2522.0,87.0,1858.3,2.4,18.7
2523.0,127.0,1858.4,3.2,18.3
2524.0,84.0,1858.9,2.3,18.9
2525.0,82.0,1859.4,1.5,19.5
2526.0,136.0,1859.5,3.5,17.9
2527.0,128.0,1862.9,3.8,17.4
2528.0,128.0,1863.0,3.2,18.2
2529.0,113.0,1863.1,2.8,18.4
2530.0,94.0,1863.2,2.8,18.5
2531.0,119.0,1863.3,3.3,18.0
2532.0,114.0,1866.7,3.5,17.9
2533.0,132.0,1870.0,3.1,18.1
2534.0,159.0,1870.1,3.3,18.3
2535.0,131.0,1870.2,3.0,18.3
2536.0,190.0,1870.3,2.9,18.5
2537.0,155.0,1870.4,4.9,16.6
2538.0,116.0,1859.5,3.3,18.0
2539.0,132.0,1860.0,3.2,18.1
2540.0,158.0,1863.4,3.3,18.0
2541.0,125.0,1863.9,3.4,18.0
2542.0,245.0,1867.3,2.6,18.7
2543.0,102.0,1867.4,2.4,18.9
2544.0,143.0,1856.6,2.7,18.6
2545.0,108.0,1857.1,2.9,18.2
2546.0,111.0,1857.6,2.4,18.7
2547.0,175.0,1858.2,4.1,17.2
2548.0,80.0,1858.3,2.5,18.7
2549.0,137.0,1858.8,2.2,19.0
2550.0,90.0,1859.3,3.9,17.4
2551.0,215.0,1862.7,8.4,13.0
2552.0,152.0,1863.2,3.8,17.8
2553.0,125.0,1863.7,3.4,18.0
2554.0,117.0,1864.2,3.4,17.8
2555.0,113.0,1864.8,2.6,18.6
2556.0,105.0,1865.3,2.6,18.7
2557.0,89.0,1865.8,2.9,18.2
2558.0,114.0,1855.0,2.9,18.3
2559.0,105.0,1855.5,2.8,18.4
2560.0,146.0,1856.1,3.1,18.2
2561.0,91.0,1859.5,2.5,18.7
2562.0,133.0,1862.9,2.7,18.5
2563.0,196.0,1863.0,2.9,18.2
2564.0,171.0,1863.5,3.0,18.3
2565.0,147.0,1864.0,2.7,18.6
2566.0,110.0,1867.4,3.1,18.2
2567.0,126.0,1870.7,3.0,18.2
2568.0,181.0,1873.9,3.6,17.6
2569.0,138.0,1874.0,2.9,18.4
2570.0,114.0,1860.4,3.1,18.2
2571.0,149.0,1860.9,2.8,18.5
2572.0,130.0,1861.4,3.2,18.2
2573.0,142.0,1850.8,2.4,18.8
2574.0,147.0,1854.3,2.8,18.4
2575.0,148.0,1854.4,3.0,18.3
2576.0,116.0,1857.9,2.9,18.3
2577.0,110.0,1861.3,2.9,18.5
2578.0,110.0,1864.6,2.2,19.1
2579.0,104.0,1865.1,2.6,18.6
2580.0,116.0,1865.2,2.6,18.6
2581.0,82.0,1868.6,2.6,18.7
2582.0,135.0,1869.0,2.3,18.9
2583.0,164.0,1869.5,2.8,18.7
2584.0,109.0,1869.6,2.2,19.0
2585.0,179.0,1858.8,3.9,17.5
2586.0,108.0,1862.2,4.0,17.5
2587.0,106.0,1862.8,4.2,17.4
2588.0,145.0,1863.3,3.6,17.7
2589.0,113.0,1866.6,3.2,18.2
2590.0,170.0,1867.1,3.3,17.9
2591.0,151.0,1856.4,4.3,17.3
2592.0,124.0,1859.8,2.5,18.8
2593.0,115.0,1859.9,3.3,18.3
2594.0,135.0,1849.3,3.9,17.6
2595.0,113.0,1852.8,3.0,18.2
2596.0,160.0,1856.3,3.4,17.9
2597.0,104.0,1859.7,3.5,17.9
2598.0,159.0,1849.1,4.0,17.5
2599.0,145.0,1849.6,3.2,18.2
2600.0,126.0,1850.2,3.6,17.7
2601.0,99.0,1850.3,3.5,18.0
2602.0,104.0,1850.4,2.8,18.5
2603.0,140.0,1850.5,3.7,17.6
2604.0,89.0,1850.6,2.9,18.2
2605.0,211.0,1854.1,4.3,17.3
2606.0,152.0,1857.6,2.5,18.6
2607.0,91.0,1858.1,3.6,17.6
2608.0,91.0,1861.5,3.6,17.7
2609.0,100.0,1864.9,2.8,18.6
2610.0,158.0,1865.0,3.8,17.5
2611.0,130.0,1854.3,4.4,17.2
2612.0,113.0,1843.7,3.9,17.4
2613.0,93.0,1833.4,3.8,17.6
2614.0,150.0,1837.1,3.2,17.9
2615.0,122.0,1837.3,4.5,17.2
2616.0,123.0,1841.0,3.5,17.8
2617.0,149.0,1841.1,3.8,17.8
2618.0,141.0,1841.7,3.4,18.1
2619.0,118.0,1842.2,3.6,17.9
2620.0,105.0,1842.3,3.0,18.4
2621.0,112.0,1842.5,3.6,17.9
2622.0,109.0,1843.0,3.0,18.5
2623.0,104.0,1843.6,3.4,18.1
2624.0,113.0,1844.2,3.6,17.6
2625.0,114.0,1847.8,2.9,18.5
2626.0,129.0,1851.3,3.3,18.1
2627.0,229.0,1854.8,3.1,18.3
2628.0,82.0,1858.3,3.0,18.4
2629.0,92.0,1847.7,2.8,18.5
2630.0,152.0,1848.2,3.0,18.4
2631.0,107.0,1848.8,2.8,18.5
2632.0,139.0,1848.9,2.6,18.7
2633.0,134.0,1849.4,2.5,18.7
2634.0,146.0,1853.0,2.8,18.5
2635.0,148.0,1856.4,2.6,18.6
2636.0,109.0,1856.5,3.6,17.9
2637.0,124.0,1856.6,4.3,17.4
2638.0,88.0,1857.2,3.2,18.0
2639.0,115.0,1857.7,3.6,17.8
2640.0,102.0,1861.1,3.3,18.1
2641.0,168.0,1861.6,4.1,17.4
2642.0,135.0,1861.7,3.6,18.0
2643.0,84.0,1861.8,2.6,18.7
2644.0,114.0,1862.3,3.3,18.0
2645.0,129.0,1851.7,3.2,18.1
2646.0,101.0,1855.2,3.4,18.1
2647.0,119.0,1855.3,3.3,18.0
2648.0,153.0,1855.8,4.0,17.7
2649.0,142.0,1855.9,2.2,19.0
2650.0,106.0,1856.4,2.6,18.7
2651.0,138.0,1859.8,2.7,18.5
2652.0,124.0,1860.4,2.3,19.0
2653.0,116.0,1860.9,2.6,18.6
2654.0,137.0,1864.2,4.3,17.2
2655.0,126.0,1864.7,4.2,17.2
2656.0,176.0,1865.2,3.5,17.8
2657.0,119.0,1865.7,3.0,18.2
2658.0,112.0,1855.1,2.5,18.7
2659.0,117.0,1858.5,3.0,18.3
2660.0,105.0,1859.0,2.9,18.7
2661.0,183.0,1859.1,3.3,18.1
2662.0,124.0,1859.2,2.1,19.1
2663.0,158.0,1859.7,2.6,18.8
2664.0,67.0,1863.1,2.9,18.5
2665.0,178.0,1863.6,2.2,19.1
2666.0,161.0,1866.9,2.8,18.6
2667.0,117.0,1870.2,2.9,18.5
2668.0,112.0,1870.3,3.1,18.4
2669.0,133.0,1856.8,3.0,18.5
2670.0,115.0,1860.2,3.4,17.8
2671.0,156.0,1849.7,4.5,17.2
2672.0,107.0,1849.8,2.8,18.5
2673.0,137.0,1850.3,3.4,18.0
2674.0,111.0,1850.4,3.2,18.1
2675.0,111.0,1851.0,2.8,18.7
2676.0,145.0,1851.5,3.7,17.7
2677.0,92.0,1851.6,2.8,18.5
2678.0,103.0,1855.1,3.4,18.2
2679.0,243.0,1858.5,3.6,17.7
2680.0,118.0,1858.6,4.3,17.5
2681.0,104.0,1848.1,3.4,18.1
2682.0,116.0,1851.6,3.6,18.1
2683.0,120.0,1852.1,3.6,18.1
2684.0,115.0,1852.2,3.1,18.5
2685.0,105.0,1852.8,3.6,18.1
2686.0,148.0,1853.3,3.0,18.5
2687.0,120.0,1853.8,3.9,17.9
2688.0,118.0,1843.4,3.7,18.1
2689.0,111.0,1843.5,2.6,18.9
2690.0,120.0,1844.1,2.1,19.2
2691.0,148.0,1847.7,3.0,18.6
2692.0,130.0,1851.2,2.9,18.7
2693.0,139.0,1840.8,4.0,18.0
2694.0,132.0,1840.9,3.1,18.6
2695.0,131.0,1841.5,3.1,18.3
2696.0,246.0,1845.1,2.4,18.8
2697.0,107.0,1848.7,2.2,19.1
2698.0,161.0,1838.3,2.3,19.2
2699.0,88.0,1842.0,2.7,18.7
2700.0,102.0,1831.7,3.9,17.8
2701.0,112.0,1835.5,3.2,18.6
2702.0,124.0,1835.6,3.7,17.6
2703.0,60.0,1825.4,4.1,17.7
2704.0,92.0,1826.1,4.3,17.8
2705.0,93.0,1829.9,3.4,18.5
2706.0,300.0,1830.5,4.0,17.6
2707.0,156.0,1830.6,3.6,18.0
2708.0,118.0,1820.6,3.1,18.7
2709.0,128.0,1820.7,2.8,18.7
2710.0,102.0,1820.8,2.8,18.7
2711.0,134.0,1821.5,2.6,18.9
2712.0,78.0,1821.6,2.8,18.6
2713.0,167.0,1821.7,3.4,18.4
2714.0,126.0,1825.6,4.1,17.4
2715.0,114.0,1815.6,4.4,17.3
2716.0,91.0,1816.3,3.1,18.3
2717.0,86.0,1816.9,4.4,17.5
2718.0,149.0,1817.1,3.2,18.1
2719.0,128.0,1821.1,4.9,16.8
2720.0,174.0,1825.0,5.5,16.1
2721.0,95.0,1828.9,4.9,16.6
2722.0,83.0,1829.5,2.7,18.4
2723.0,113.0,1830.1,4.3,17.2
2724.0,62.0,1833.9,3.2,18.3
2725.0,122.0,1834.5,3.1,18.4
2726.0,72.0,1835.1,3.1,18.5
2727.0,96.0,1835.7,3.7,18.0
2728.0,136.0,1839.4,4.5,17.2
2729.0,164.0,1839.9,3.9,17.8
2730.0,111.0,1840.1,2.8,18.6
2731.0,123.0,1840.2,3.8,18.0
2732.0,122.0,1840.3,3.5,18.2
2733.0,102.0,1840.8,2.9,18.6
2734.0,93.0,1840.9,2.9,18.5
2735.0,161.0,1841.5,3.0,18.6
2736.0,109.0,1841.6,2.6,18.8
2737.0,127.0,1831.4,3.3,18.0
2738.0,104.0,1835.2,2.5,18.9
2739.0,98.0,1835.8,2.8,18.7
2740.0,92.0,1835.9,2.5,19.0
2741.0,111.0,1836.5,2.4,19.0
2742.0,111.0,1840.1,2.7,18.6
2743.0,128.0,1840.7,2.3,19.1
2744.0,91.0,1841.3,2.4,18.9
2745.0,103.0,1831.1,3.5,18.0
2746.0,87.0,1834.8,2.7,18.7
2747.0,100.0,1835.0,3.1,18.4
2748.0,125.0,1835.1,2.3,19.1
2749.0,126.0,1838.8,3.6,17.9
2750.0,90.0,1828.6,3.5,17.8
2751.0,96.0,1829.2,3.9,17.5
2752.0,87.0,1829.8,2.7,18.7
2753.0,142.0,1830.4,3.4,18.0
2754.0,95.0,1831.0,4.0,17.7
2755.0,117.0,1834.8,2.5,18.9
2756.0,115.0,1838.5,2.7,18.9
2757.0,160.0,1839.1,3.0,18.4
2758.0,125.0,1839.2,2.8,18.7
2759.0,222.0,1839.3,3.9,17.7
2760.0,105.0,1829.1,3.4,17.9
2761.0,121.0,1819.1,3.4,18.0
2762.0,129.0,1823.1,3.6,18.0
2763.0,90.0,1823.2,3.6,17.8
2764.0,137.0,1827.1,4.0,17.6
2765.0,131.0,1827.7,3.1,18.4
2766.0,155.0,1828.3,3.1,18.5
2767.0,165.0,1828.4,4.1,17.3
2768.0,94.0,1828.6,3.4,18.0
2769.0,158.0,1832.4,4.0,17.6
2770.0,133.0,1836.1,4.3,17.6
2771.0,96.0,1836.2,3.1,18.4
2772.0,92.0,1839.9,3.0,18.6
2773.0,167.0,1840.5,3.3,18.1
2774.0,117.0,1841.0,4.3,17.5
2775.0,105.0,1844.6,2.5,18.7
2776.0,107.0,1845.2,3.0,18.3
2777.0,113.0,1848.7,2.6,18.8
2778.0,213.0,1852.2,3.1,18.7
2779.0,100.0,1852.8,3.6,17.7
2780.0,91.0,1842.4,2.1,19.2
2781.0,143.0,1846.0,2.8,18.7
2782.0,119.0,1849.5,3.5,18.1
2783.0,139.0,1849.6,4.2,17.3
2784.0,127.0,1850.2,3.0,18.5
2785.0,78.0,1853.6,2.8,18.7
2786.0,123.0,1854.1,3.3,18.2
2787.0,97.0,1854.7,3.2,18.4
2788.0,101.0,1855.2,1.4,19.7
2789.0,128.0,1858.6,3.1,18.3
2790.0,121.0,1859.1,2.9,18.4
2791.0,145.0,1859.2,2.5,18.9
2792.0,109.0,1862.5,2.6,18.7
2793.0,81.0,1862.6,3.4,18.4
2794.0,121.0,1862.7,2.5,18.9
2795.0,181.0,1866.0,3.6,18.1
2796.0,112.0,1869.2,3.0,18.4
2797.0,157.0,1869.3,2.9,18.6
2798.0,85.0,1872.5,2.7,18.8
2799.0,111.0,1872.6,2.9,18.5
2800.0,133.0,1875.7,2.4,18.7
2801.0,124.0,1878.8,2.9,18.4
2802.0,105.0,1868.1,2.1,19.2
2803.0,98.0,1868.6,2.1,19.1
2804.0,96.0,1868.7,1.8,19.4
2805.0,137.0,1868.8,2.3,19.1
2806.0,145.0,1869.3,2.8,18.6
2807.0,133.0,1869.4,2.3,19.1
2808.0,149.0,1869.8,3.1,18.4
2809.0,132.0,1869.9,2.8,18.5
2810.0,117.0,1870.4,2.7,18.6
2811.0,89.0,1870.5,2.6,18.7
2812.0,66.0,1871.0,2.5,18.7
2813.0,107.0,1874.1,3.8,18.0
2814.0,184.0,1863.5,5.1,16.3
2815.0,156.0,1863.6,3.7,17.9
2816.0,122.0,1866.9,4.8,17.2
2817.0,138.0,1870.1,4.8,17.2
2818.0,114.0,1870.6,3.9,17.9
2819.0,131.0,1871.0,3.6,18.0
2820.0,130.0,1871.5,3.4,18.1
2821.0,132.0,1860.9,3.6,18.0
2822.0,89.0,1861.5,3.3,18.0
2823.0,121.0,1862.0,3.7,17.8
2824.0,142.0,1862.5,3.0,18.4
2825.0,119.0,1863.0,2.9,18.5
2826.0,89.0,1863.1,3.5,18.1
2827.0,139.0,1866.3,3.2,18.3
2828.0,116.0,1866.8,3.2,18.4
2829.0,166.0,1870.0,2.8,18.5
2830.0,101.0,1870.5,3.5,17.9
2831.0,148.0,1859.9,2.7,18.6
2832.0,127.0,1860.0,3.4,18.2
2833.0,143.0,1860.1,2.9,18.6
2834.0,144.0,1860.2,2.7,18.6
2835.0,118.0,1863.5,2.9,18.5
2836.0,115.0,1866.8,2.9,18.5
2837.0,136.0,1870.0,3.3,18.1
2838.0,88.0,1859.5,3.4,18.1
2839.0,204.0,1862.8,3.8,17.9
2840.0,108.0,1863.3,3.9,17.6
2841.0,77.0,1863.8,2.6,18.7
2842.0,104.0,1863.9,3.0,18.4
2843.0,105.0,1867.1,3.7,17.8
2844.0,113.0,1870.3,3.3,18.1
2845.0,101.0,1873.5,3.3,18.2
2846.0,102.0,1873.5,2.8,18.7
2847.0,112.0,1873.6,3.3,18.1
2848.0,129.0,1876.7,3.8,17.9
2849.0,149.0,1876.8,3.9,17.7
2850.0,210.0,1879.9,3.4,18.0
2851.0,143.0,1880.3,4.0,17.7
2852.0,107.0,1867.1,4.1,17.5
2853.0,67.0,1867.2,3.3,18.4
2854.0,203.0,1867.7,3.4,18.0
2855.0,123.0,1868.2,3.1,18.4
2856.0,100.0,1868.3,3.5,18.0
2857.0,114.0,1868.4,2.5,19.0
2858.0,115.0,1868.5,2.2,19.1
2859.0,97.0,1871.6,2.9,18.6
2860.0,203.0,1871.7,3.9,17.6
2861.0,115.0,1874.9,3.1,18.3
2862.0,142.0,1861.6,3.0,18.4
2863.0,121.0,1864.9,4.3,17.4
2864.0,94.0,1854.5,3.7,17.9
2865.0,128.0,1854.6,3.1,18.4
2866.0,142.0,1854.7,2.8,18.5
2867.0,178.0,1858.0,4.0,17.5
2868.0,105.0,1858.1,3.6,18.0
2869.0,103.0,1858.2,2.7,18.6
2870.0,138.0,1858.7,2.1,19.2
2871.0,114.0,1862.1,4.6,17.0
2872.0,101.0,1865.3,3.3,18.0
2873.0,184.0,1865.4,4.0,17.5
2874.0,106.0,1868.6,3.2,18.2
2875.0,117.0,1871.8,3.1,18.2
2876.0,118.0,1874.9,3.0,18.3
2877.0,125.0,1875.4,4.1,17.5
2878.0,137.0,1875.5,3.4,18.1
2879.0,121.0,1875.6,4.0,17.5
2880.0,112.0,1875.7,3.3,18.1
2881.0,126.0,1876.1,3.6,17.8
2882.0,115.0,1876.2,3.4,18.1
2883.0,125.0,1879.3,3.5,17.9
2884.0,156.0,1879.4,4.3,17.1
2885.0,132.0,1882.4,3.1,18.4
2886.0,123.0,1871.7,3.5,18.0
2887.0,136.0,1871.8,3.7,17.9
2888.0,202.0,1872.3,3.7,17.8
2889.0,81.0,1872.7,3.2,18.2
2890.0,128.0,1872.8,2.5,19.0
2891.0,160.0,1873.3,2.9,18.5
2892.0,87.0,1876.4,3.9,17.7
2893.0,119.0,1879.5,3.1,18.4
2894.0,117.0,1882.5,2.5,19.0
2895.0,102.0,1882.6,3.4,18.0
2896.0,111.0,1869.0,3.2,18.5
2897.0,107.0,1869.5,4.4,17.3
2898.0,104.0,1859.0,3.4,18.2
2899.0,101.0,1859.1,3.0,18.4
2900.0,84.0,1859.2,2.0,19.3
2901.0,144.0,1862.5,4.0,17.5
2902.0,91.0,1865.8,4.3,17.4
2903.0,99.0,1866.2,3.7,17.8
2904.0,112.0,1866.7,2.9,18.5
2905.0,104.0,1869.9,2.5,18.8
2906.0,97.0,1870.4,3.5,18.0
2907.0,129.0,1870.5,3.3,18.1
2908.0,120.0,1871.0,3.2,18.3
2909.0,101.0,1860.5,5.0,16.9
2910.0,144.0,1863.8,4.5,16.9
2911.0,153.0,1864.2,4.4,17.1
2912.0,92.0,1864.7,3.0,18.4
2913.0,78.0,1854.3,3.6,17.6
2914.0,108.0,1857.7,2.6,18.6
2915.0,202.0,1857.8,3.7,17.8
2916.0,108.0,1861.1,3.5,18.0
2917.0,105.0,1864.4,3.3,18.0
2918.0,102.0,1867.6,3.0,18.4
2919.0,133.0,1870.8,3.2,18.3
2920.0,140.0,1873.9,3.6,17.8
2921.0,91.0,1874.0,3.4,17.9
2922.0,103.0,1863.5,3.2,18.1
2923.0,114.0,1864.0,2.9,18.5
2924.0,85.0,1864.1,3.7,17.9
2925.0,112.0,1867.3,3.2,18.3
2926.0,128.0,1867.4,3.1,18.3
2927.0,82.0,1867.5,3.3,18.1
2928.0,123.0,1867.9,3.5,18.0
2929.0,98.0,1868.0,2.2,19.1
2930.0,113.0,1868.5,3.2,18.0
2931.0,100.0,1871.7,2.7,18.5
2932.0,79.0,1874.8,3.0,18.3
2933.0,157.0,1874.9,3.3,17.9
2934.0,157.0,1875.0,3.0,18.3
2935.0,127.0,1875.4,4.0,17.5
2936.0,107.0,1878.5,3.7,17.7
2937.0,92.0,1878.6,2.6,18.5
2938.0,144.0,1881.6,3.4,17.9
2939.0,118.0,1884.6,4.4,17.3
2940.0,85.0,1884.6,3.0,18.5
2941.0,71.0,1884.7,2.2,19.0
2942.0,143.0,1885.2,3.0,18.4
2943.0,93.0,1885.6,4.1,17.3
2944.0,122.0,1885.7,4.0,17.5
2945.0,100.0,1886.1,2.6,18.7
2946.0,112.0,1886.2,2.9,18.5
2947.0,105.0,1886.3,2.4,18.8
2948.0,139.0,1886.4,3.5,17.9
2949.0,101.0,1889.3,2.5,18.7
2950.0,95.0,1889.7,3.3,18.1
2951.0,142.0,1879.0,3.2,18.1
2952.0,106.0,1879.1,2.8,18.4
2953.0,300.0,1868.5,2.4,18.8
2954.0,72.0,1868.6,2.1,19.0
2955.0,121.0,1858.2,2.3,18.9
2956.0,137.0,1861.5,2.3,18.9
2957.0,179.0,1862.0,2.4,18.7
2958.0,202.0,1865.2,2.9,18.3
2959.0,135.0,1865.7,2.6,18.7
2960.0,129.0,1855.4,1.9,19.3
2961.0,101.0,1855.4,1.6,19.4
2962.0,101.0,1858.8,2.4,18.8
2963.0,127.0,1858.9,2.1,19.0
2964.0,102.0,1862.2,2.4,18.7
2965.0,119.0,1865.4,2.6,18.6
2966.0,142.0,1865.5,2.6,18.6
2967.0,159.0,1865.6,2.8,18.3
2968.0,158.0,1868.8,2.9,18.3
2969.0,97.0,1871.9,2.0,19.1
2970.0,119.0,1872.4,2.3,18.8
2971.0,118.0,1872.9,2.5,18.8
2972.0,146.0,1873.3,2.5,18.7
2973.0,138.0,1873.4,3.0,18.2
2974.0,108.0,1873.9,2.8,18.4
2975.0,115.0,1874.0,2.8,18.5
2976.0,87.0,1874.4,2.4,18.9
2977.0,190.0,1874.9,2.5,18.7
2978.0,126.0,1877.9,2.4,18.8
2979.0,133.0,1881.0,2.6,18.6
2980.0,104.0,1881.4,2.2,19.0
2981.0,142.0,1884.4,2.6,18.7
2982.0,153.0,1884.5,2.6,18.7
2983.0,114.0,1884.5,3.3,18.0
2984.0,117.0,1884.6,2.4,18.8
2985.0,127.0,1884.7,3.2,18.2
2986.0,137.0,1887.6,2.7,18.6
2987.0,115.0,1887.7,2.6,18.7
2988.0,148.0,1890.6,3.9,17.5
2989.0,119.0,1893.4,3.5,17.9
2990.0,121.0,1882.7,3.8,17.9
2991.0,114.0,1882.8,3.3,18.2
2992.0,180.0,1882.9,3.1,18.2
2993.0,150.0,1883.3,3.3,18.3
2994.0,132.0,1872.7,2.7,18.5
2995.0,98.0,1872.8,2.7,18.7
2996.0,100.0,1872.9,2.8,18.6
2997.0,148.0,1873.4,2.8,18.7
2998.0,110.0,1876.5,1.9,19.3
2999.0,133.0,1879.5,3.8,17.7
3000.0,88.0,1882.5,3.5,18.2
3001.0,134.0,1885.4,2.7,18.7
3002.0,114.0,1888.3,3.3,18.1
3003.0,100.0,1888.4,3.3,18.0
3004.0,157.0,1877.8,4.2,17.5
3005.0,106.0,1877.9,4.8,17.2
3006.0,226.0,1878.0,4.2,17.5
3007.0,100.0,1878.0,3.1,18.3
3008.0,151.0,1867.5,3.2,18.2
3009.0,101.0,1868.0,3.5,17.9
3010.0,140.0,1868.5,3.2,18.2
3011.0,106.0,1869.0,1.9,19.4
3012.0,131.0,1869.4,2.6,18.8
3013.0,135.0,1869.5,2.6,18.8
3014.0,127.0,1869.6,2.7,18.5
3015.0,99.0,1859.2,3.2,18.3
3016.0,65.0,1862.5,2.1,19.2
3017.0,130.0,1865.7,2.7,18.7
3018.0,133.0,1866.2,2.9,18.6
3019.0,113.0,1869.4,2.7,18.6
3020.0,169.0,1872.5,3.1,18.3
3021.0,133.0,1875.6,2.9,18.3
3022.0,142.0,1876.0,2.8,18.5
3023.0,134.0,1876.1,3.7,18.0
3024.0,136.0,1876.2,3.1,18.2
3025.0,93.0,1879.2,2.6,18.7
3026.0,180.0,1879.3,2.8,18.6
3027.0,123.0,1882.3,3.2,18.2
3028.0,120.0,1871.8,3.0,18.4
3029.0,129.0,1872.2,2.5,18.9
3030.0,111.0,1872.3,2.5,18.9
3031.0,167.0,1872.8,2.9,18.5
3032.0,123.0,1873.3,2.7,18.6
3033.0,130.0,1873.7,3.2,18.1
3034.0,146.0,1874.2,3.4,18.1
3035.0,137.0,1874.3,3.2,18.2
3036.0,119.0,1874.4,2.8,18.6
3037.0,140.0,1874.4,2.4,18.8
3038.0,147.0,1874.5,2.4,19.0
3039.0,91.0,1874.6,2.6,18.8
3040.0,107.0,1875.1,2.8,18.5
3041.0,102.0,1875.2,3.4,18.1
3042.0,165.0,1878.2,3.3,18.1
3043.0,176.0,1878.3,2.9,18.5
3044.0,195.0,1878.7,3.2,18.2
3045.0,132.0,1879.2,3.5,18.0
3046.0,164.0,1879.6,3.0,18.5
3047.0,115.0,1879.7,2.9,18.5
3048.0,125.0,1879.8,3.3,18.3
3049.0,125.0,1882.8,2.1,19.2
3050.0,155.0,1883.2,2.2,19.0
3051.0,156.0,1886.1,2.3,19.0
3052.0,279.0,1889.0,2.9,18.4
3053.0,117.0,1889.1,3.5,17.9
3054.0,112.0,1889.5,2.4,19.1
3055.0,134.0,1890.0,2.6,18.8
3056.0,118.0,1890.4,2.7,18.6
3057.0,94.0,1893.2,2.4,18.9
3058.0,123.0,1896.0,2.6,18.7
3059.0,112.0,1896.4,2.6,18.7
3060.0,139.0,1896.5,2.6,18.6
3061.0,136.0,1896.9,2.4,18.9
3062.0,73.0,1899.6,3.4,18.0
3063.0,135.0,1899.7,2.7,18.5
3064.0,151.0,1886.3,2.3,18.9
3065.0,97.0,1886.4,2.2,18.9
3066.0,110.0,1886.9,3.1,18.4
3067.0,96.0,1889.7,3.1,18.4
3068.0,126.0,1889.8,2.6,18.7
3069.0,105.0,1890.2,3.3,18.2
3070.0,160.0,1890.7,3.3,18.2
3071.0,154.0,1890.7,2.4,18.8
3072.0,85.0,1890.8,3.1,18.3
3073.0,119.0,1891.2,2.4,18.8
3074.0,148.0,1891.3,3.5,17.8
3075.0,199.0,1891.7,4.2,17.2
3076.0,99.0,1894.5,3.0,18.5
3077.0,155.0,1894.9,3.0,18.4
3078.0,117.0,1895.4,2.8,18.6
3079.0,201.0,1884.7,2.6,18.7
3080.0,101.0,1884.8,2.7,18.5
3081.0,110.0,1884.9,2.2,19.0
3082.0,123.0,1884.9,3.5,17.9
3083.0,133.0,1874.4,2.7,18.5
3084.0,122.0,1874.5,3.0,18.4
3085.0,95.0,1874.6,2.5,18.8
3086.0,93.0,1874.7,2.9,18.5
3087.0,116.0,1875.1,2.9,18.5
3088.0,137.0,1875.6,2.7,18.5
3089.0,210.0,1865.2,3.0,18.4
3090.0,125.0,1865.3,2.6,18.7
3091.0,149.0,1852.0,3.4,17.9
3092.0,122.0,1852.5,2.9,18.5
3093.0,127.0,1853.0,3.5,18.0
3094.0,152.0,1853.1,2.6,18.9
3095.0,94.0,1853.6,2.2,19.0
3096.0,97.0,1853.7,3.6,18.0
3097.0,98.0,1854.2,2.5,18.8
3098.0,182.0,1854.7,2.6,18.8
3099.0,93.0,1855.2,2.8,18.7
3100.0,136.0,1855.3,3.6,18.0
3101.0,85.0,1855.9,2.4,19.1
3102.0,133.0,1856.4,1.6,19.6
3103.0,143.0,1856.5,2.6,18.8
3104.0,99.0,1859.7,2.5,18.9
3105.0,143.0,1863.0,3.1,18.3
3106.0,102.0,1863.1,2.8,18.5
3107.0,113.0,1863.6,3.0,18.4
3108.0,139.0,1866.7,3.1,18.3
3109.0,118.0,1866.8,3.1,18.5
3110.0,124.0,1866.9,2.5,18.9
3111.0,112.0,1867.4,3.3,18.1
3112.0,124.0,1867.9,2.9,18.3
3113.0,107.0,1857.6,3.7,17.9
3114.0,173.0,1857.7,3.4,18.0
3115.0,118.0,1844.4,3.1,18.4
3116.0,119.0,1844.9,2.8,18.5
3117.0,153.0,1845.0,2.5,18.8
3118.0,133.0,1845.6,3.4,18.0
3119.0,124.0,1835.6,4.0,17.6
3120.0,134.0,1835.7,2.9,18.5
3121.0,137.0,1836.3,4.3,17.5
3122.0,81.0,1839.9,3.5,17.9
3123.0,95.0,1840.4,2.8,18.4
3124.0,116.0,1841.0,3.2,18.3
3125.0,139.0,1841.1,2.3,19.0
3126.0,107.0,1844.6,3.1,18.5
3127.0,132.0,1845.1,2.7,18.8
3128.0,134.0,1845.7,2.8,18.6
3129.0,125.0,1849.1,1.8,19.4
3130.0,122.0,1852.5,2.4,18.9
3131.0,99.0,1852.6,3.0,18.4
3132.0,109.0,1855.9,3.8,17.8
3133.0,170.0,1856.4,2.8,18.7
3134.0,116.0,1856.9,4.0,17.6
3135.0,131.0,1846.8,3.2,18.4
3136.0,163.0,1850.2,5.6,16.4
3137.0,79.0,1853.6,2.7,18.6
3138.0,143.0,1854.1,2.4,18.9
3139.0,121.0,1857.4,3.5,18.3
3140.0,153.0,1860.7,2.7,18.7
3141.0,90.0,1860.8,2.8,18.7
3142.0,79.0,1860.8,2.4,18.9
3143.0,170.0,1864.1,2.6,18.8
3144.0,83.0,1864.1,1.4,19.7
3145.0,129.0,1864.2,2.6,18.7
3146.0,79.0,1867.4,2.4,18.9
3147.0,116.0,1867.5,2.4,18.8
3148.0,143.0,1868.0,3.1,18.3
3149.0,132.0,1868.4,2.4,18.9
3150.0,99.0,1868.5,2.5,18.8
3151.0,105.0,1868.6,2.9,18.6
3152.0,91.0,1869.1,2.5,18.6
3153.0,101.0,1869.2,2.4,18.8
3154.0,113.0,1872.3,2.5,18.7
3155.0,129.0,1872.3,2.7,18.6
3156.0,98.0,1872.4,2.7,18.7
3157.0,181.0,1875.5,3.0,18.4
3158.0,144.0,1878.5,2.2,19.0
3159.0,135.0,1878.9,3.0,18.3
3160.0,139.0,1881.9,2.6,18.7
3161.0,133.0,1882.3,2.5,18.7
3162.0,116.0,1882.4,2.1,19.0
3163.0,178.0,1885.3,3.5,18.0
3164.0,130.0,1885.7,2.8,18.7
3165.0,137.0,1872.8,2.9,18.4
3166.0,134.0,1873.3,2.2,19.1
3167.0,149.0,1873.8,3.6,18.0
3168.0,139.0,1874.2,3.2,18.2
3169.0,109.0,1874.7,3.3,18.2
3170.0,83.0,1874.8,3.1,18.2
3171.0,157.0,1874.8,3.9,17.8
3172.0,103.0,1877.9,2.3,19.1
3173.0,123.0,1877.9,3.0,18.4
3174.0,157.0,1878.0,2.8,18.7
3175.0,146.0,1878.1,6.0,16.0
3176.0,115.0,1881.1,6.0,16.0
3177.0,86.0,1881.5,4.2,17.2
3178.0,122.0,1881.9,3.7,18.1
3179.0,106.0,1882.4,4.0,17.9
3180.0,126.0,1882.8,2.7,18.6
3181.0,111.0,1885.7,3.3,18.4
3182.0,104.0,1885.8,2.4,19.0
3183.0,100.0,1886.2,2.4,18.8
3184.0,107.0,1886.7,2.5,18.8
3185.0,207.0,1886.7,3.1,18.3
3186.0,101.0,1889.6,3.0,18.5
3187.0,97.0,1879.1,2.6,18.6
3188.0,116.0,1882.0,4.0,17.9
3189.0,106.0,1882.1,3.8,18.0
3190.0,103.0,1882.2,4.2,17.5
3191.0,128.0,1882.6,4.1,17.7
3192.0,95.0,1883.1,3.0,18.3
3193.0,112.0,1883.2,3.1,18.3
3194.0,138.0,1886.0,3.9,17.6
3195.0,129.0,1886.5,3.7,17.9
3196.0,88.0,1886.6,4.6,17.4
3197.0,111.0,1889.4,4.0,17.5
3198.0,108.0,1889.8,3.8,17.8
3199.0,134.0,1892.6,4.1,17.2
3200.0,118.0,1892.7,3.7,18.0
3201.0,115.0,1895.5,3.2,18.3
3202.0,140.0,1895.6,3.8,17.9
3203.0,88.0,1898.3,2.0,19.3
3204.0,141.0,1898.4,3.3,18.3
3205.0,161.0,1898.4,3.2,18.3
3206.0,127.0,1898.5,2.9,18.8
3207.0,136.0,1901.2,3.2,18.5
3208.0,91.0,1901.3,2.9,18.6
3209.0,175.0,1901.7,3.7,18.1
3210.0,129.0,1902.1,2.9,18.8
3211.0,119.0,1902.1,2.8,18.7
3212.0,115.0,1904.8,4.6,16.9
3213.0,216.0,1907.4,2.8,18.6
3214.0,168.0,1907.5,3.8,17.6
3215.0,79.0,1896.8,2.8,18.6
3216.0,92.0,1899.5,3.2,18.0
3217.0,111.0,1902.2,3.5,18.3
3218.0,138.0,1904.8,3.9,17.8
3219.0,114.0,1904.9,3.0,18.7
3220.0,112.0,1907.5,3.0,18.6
3221.0,123.0,1896.8,3.7,18.0
3222.0,117.0,1896.9,3.2,18.4
3223.0,118.0,1899.6,2.8,18.9
3224.0,129.0,1899.7,2.6,18.9
3225.0,104.0,1899.8,2.3,19.0
3226.0,114.0,1900.2,3.2,18.4
3227.0,110.0,1900.2,2.4,19.0
3228.0,126.0,1900.3,2.7,18.8
3229.0,116.0,1900.4,3.3,18.1
3230.0,87.0,1900.4,2.9,18.6
3231.0,108.0,1900.8,4.3,17.2
3232.0,106.0,1901.2,3.0,18.4
3233.0,112.0,1901.6,2.7,18.8
3234.0,103.0,1901.7,3.2,18.1
3235.0,150.0,1902.1,3.3,18.1
3236.0,102.0,1902.2,4.2,17.1
3237.0,78.0,1904.8,4.1,17.3
3238.0,131.0,1905.2,3.0,18.5
3239.0,121.0,1905.6,3.6,17.9
3240.0,109.0,1905.6,2.1,19.2
3241.0,106.0,1905.7,3.8,17.8
3242.0,116.0,1908.3,3.6,17.9
3243.0,131.0,1908.4,3.5,18.2
3244.0,151.0,1908.8,3.6,17.9
3245.0,149.0,1911.3,3.5,18.0
3246.0,160.0,1911.4,3.6,17.9
3247.0,103.0,1911.8,3.1,18.4
3248.0,134.0,1914.3,3.0,18.4
3249.0,112.0,1916.8,3.7,17.9
3250.0,147.0,1917.1,2.7,18.7
3251.0,114.0,1917.5,3.0,18.5
3252.0,145.0,1920.0,2.9,18.5
3253.0,106.0,1920.0,3.0,18.4
3254.0,112.0,1920.1,2.3,19.1
3255.0,119.0,1920.2,3.2,18.3
3256.0,120.0,1922.6,2.6,18.7
3257.0,108.0,1922.7,2.7,18.7
3258.0,124.0,1923.0,2.9,18.6
3259.0,134.0,1923.3,3.7,17.8
3260.0,191.0,1923.7,2.8,18.7
3261.0,139.0,1926.1,3.1,18.4
3262.0,134.0,1928.4,3.6,17.9
3263.0,140.0,1930.8,3.1,18.5
3264.0,132.0,1931.1,3.2,18.3
3265.0,106.0,1931.4,3.1,18.5
3266.0,135.0,1931.8,3.8,17.8
3267.0,119.0,1932.1,3.2,18.5
3268.0,117.0,1932.1,2.5,18.9
3269.0,128.0,1934.4,2.8,18.6
3270.0,155.0,1934.5,2.9,18.6
3271.0,125.0,1934.6,2.0,19.1
3272.0,114.0,1936.8,3.3,18.1
3273.0,97.0,1939.1,3.2,18.3
3274.0,166.0,1939.1,4.0,17.5
3275.0,131.0,1939.4,3.6,18.0
3276.0,144.0,1939.5,2.6,18.7
3277.0,157.0,1939.8,2.7,18.8
3278.0,125.0,1928.8,2.6,18.7
3279.0,128.0,1929.1,2.6,18.8
3280.0,98.0,1929.5,3.1,18.4
3281.0,182.0,1931.8,3.4,18.2
3282.0,94.0,1932.1,2.1,19.2
3283.0,126.0,1932.4,2.3,19.1
3284.0,145.0,1934.7,2.1,19.1
3285.0,122.0,1937.0,2.2,19.1
3286.0,112.0,1937.3,2.6,18.7
3287.0,117.0,1939.5,2.9,18.6
3288.0,104.0,1941.8,2.0,19.3
3289.0,133.0,1941.8,2.5,18.8
3290.0,168.0,1941.9,2.6,18.8
3291.0,159.0,1942.2,2.7,18.8
3292.0,145.0,1942.2,2.9,18.7
3293.0,116.0,1942.5,2.1,19.1
3294.0,120.0,1942.9,2.4,18.9
3295.0,125.0,1943.2,2.6,18.8
3296.0,149.0,1945.3,2.1,19.1
3297.0,175.0,1945.6,2.6,18.6
3298.0,125.0,1947.8,2.1,19.2
3299.0,170.0,1947.8,2.1,19.2
3300.0,106.0,1947.9,2.5,18.9
3301.0,143.0,1948.0,2.4,18.9
3302.0,145.0,1948.3,2.0,19.3
3303.0,102.0,1948.5,1.9,19.2
3304.0,95.0,1948.6,1.5,19.7
3305.0,137.0,1948.9,2.5,18.9
3306.0,110.0,1951.0,2.8,18.8
3307.0,93.0,1951.1,1.8,19.5
3308.0,101.0,1951.4,2.0,19.2
3309.0,149.0,1951.4,2.1,19.2
3310.0,128.0,1951.7,2.6,18.6
3311.0,107.0,1951.8,2.3,18.9
3312.0,145.0,1952.1,2.6,18.7
3313.0,140.0,1954.1,2.5,18.8
3314.0,144.0,1954.4,2.9,18.4
3315.0,91.0,1954.7,2.0,19.3
3316.0,142.0,1954.8,2.9,18.4
3317.0,141.0,1956.8,2.3,18.8
3318.0,146.0,1956.9,2.0,19.1
3319.0,112.0,1958.9,2.1,19.1
3320.0,97.0,1959.2,2.1,19.1
3321.0,103.0,1959.2,1.9,19.1
3322.0,102.0,1961.2,2.0,19.2
3323.0,128.0,1961.3,1.7,19.4
3324.0,134.0,1961.6,1.9,19.2
3325.0,116.0,1961.8,2.2,19.1
3326.0,112.0,1963.8,1.8,19.4
3327.0,126.0,1965.8,2.8,18.5
3328.0,144.0,1966.0,2.9,18.6
3329.0,139.0,1966.1,2.5,19.0
3330.0,117.0,1968.0,2.9,18.4
3331.0,123.0,1968.3,3.0,18.5
3332.0,149.0,1968.6,2.7,18.7
3333.0,108.0,1968.8,2.6,18.7
3334.0,115.0,1968.9,2.8,18.6
3335.0,133.0,1968.9,2.6,18.8
3336.0,140.0,1969.2,3.5,17.9
3337.0,144.0,1969.5,3.0,18.5
3338.0,127.0,1971.4,3.8,17.7
3339.0,105.0,1973.2,3.3,18.0
3340.0,106.0,1973.3,4.1,17.4
3341.0,121.0,1975.2,2.7,18.7
3342.0,147.0,1975.4,3.1,18.4
3343.0,162.0,1975.7,3.4,18.2
3344.0,139.0,1975.7,4.9,16.7
3345.0,137.0,1976.0,3.8,17.7
3346.0,88.0,1977.8,2.8,18.5
3347.0,104.0,1979.6,2.7,18.5
3348.0,156.0,1968.3,2.6,18.7
3349.0,82.0,1968.4,1.7,19.5
3350.0,117.0,1968.6,2.6,18.7
3351.0,151.0,1968.9,2.3,19.0
3352.0,189.0,1968.9,3.1,18.4
3353.0,125.0,1970.8,2.6,18.7
3354.0,158.0,1972.7,2.8,18.4
3355.0,204.0,1972.8,3.7,17.8
3356.0,131.0,1972.8,3.4,18.0
3357.0,135.0,1973.1,3.0,18.3
3358.0,109.0,1973.3,2.4,18.8
3359.0,172.0,1973.4,2.7,18.6
3360.0,138.0,1975.3,2.4,18.9
3361.0,102.0,1975.3,3.5,17.8
3362.0,154.0,1977.1,3.1,18.1
3363.0,124.0,1977.4,3.2,18.2
3364.0,124.0,1977.6,2.7,18.5
3365.0,118.0,1977.9,3.4,18.0
3366.0,300.0,1979.7,4.3,17.3
3367.0,149.0,1980.0,2.9,18.3
3368.0,112.0,1968.6,2.1,19.0
3369.0,142.0,1968.7,2.9,18.3
3370.0,130.0,1969.0,2.5,18.6
3371.0,137.0,1970.9,2.6,18.5
3372.0,93.0,1970.9,2.8,18.4
3373.0,149.0,1972.8,2.5,18.7
3374.0,134.0,1973.1,2.6,18.6
3375.0,105.0,1974.9,2.3,19.0
3376.0,132.0,1975.0,2.5,18.9
3377.0,96.0,1975.2,2.3,18.8
3378.0,184.0,1975.5,3.0,18.2
3379.0,136.0,1975.7,2.5,18.7
3380.0,135.0,1964.5,2.1,19.0
3381.0,114.0,1964.5,2.1,19.1
3382.0,120.0,1966.5,2.5,18.7
3383.0,121.0,1968.4,2.3,18.8
3384.0,106.0,1968.6,2.2,18.9
3385.0,139.0,1968.9,3.2,18.1
3386.0,106.0,1970.8,2.5,18.6
3387.0,105.0,1971.1,2.7,18.5
3388.0,155.0,1973.0,2.3,18.9
3389.0,125.0,1973.2,2.3,18.9
3390.0,96.0,1975.1,2.4,18.8
3391.0,138.0,1975.3,3.1,18.3
3392.0,96.0,1977.2,1.9,19.2
3393.0,144.0,1977.2,2.3,18.9
3394.0,160.0,1977.3,3.1,18.3
3395.0,115.0,1977.3,3.0,18.2
3396.0,114.0,1966.0,2.1,18.9
3397.0,111.0,1968.0,2.2,18.9
3398.0,130.0,1968.0,2.3,18.9
3399.0,119.0,1968.3,2.0,19.0
3400.0,143.0,1968.3,2.1,19.0
3401.0,153.0,1970.2,2.0,19.1
3402.0,161.0,1972.1,2.1,19.0
3403.0,134.0,1960.9,2.5,18.8
3404.0,228.0,1961.2,2.2,18.8
3405.0,123.0,1961.4,2.4,18.7
3406.0,166.0,1963.4,2.3,18.8
3407.0,180.0,1965.4,2.1,19.1
3408.0,157.0,1965.4,2.0,19.1
3409.0,132.0,1965.7,1.9,19.2
3410.0,111.0,1965.7,2.6,18.5
3411.0,119.0,1967.7,2.4,18.8
3412.0,92.0,1969.6,2.3,18.8
3413.0,136.0,1969.8,2.3,18.9
3414.0,128.0,1971.7,2.0,19.1
3415.0,122.0,1971.8,2.1,18.9
3416.0,149.0,1973.6,2.2,18.8
3417.0,121.0,1973.9,1.9,19.1
3418.0,139.0,1975.8,2.4,18.7
3419.0,176.0,1976.0,1.9,19.1
3420.0,155.0,1976.3,2.4,18.6
3421.0,218.0,1978.1,2.3,18.7
3422.0,144.0,1978.3,2.5,18.7
3423.0,116.0,1967.1,2.4,18.9
3424.0,255.0,1967.1,3.0,18.2
3425.0,120.0,1967.4,2.3,18.8
3426.0,157.0,1956.2,2.5,18.7
3427.0,105.0,1958.2,2.5,18.5
3428.0,153.0,1958.3,2.2,18.9
3429.0,117.0,1958.6,2.6,18.5
3430.0,116.0,1958.9,2.6,18.6
3431.0,73.0,1960.9,2.0,19.1
3432.0,170.0,1961.1,3.8,17.6
3433.0,131.0,1948.3,2.8,18.5
3434.0,167.0,1948.6,2.9,18.4
3435.0,101.0,1950.7,2.6,18.7
3436.0,151.0,1951.0,2.4,18.8
3437.0,125.0,1951.3,2.8,18.4
3438.0,134.0,1951.6,2.0,19.0
3439.0,109.0,1951.9,2.5,18.7
3440.0,100.0,1951.9,3.5,17.7
3441.0,100.0,1952.2,2.0,19.1
3442.0,126.0,1954.3,2.4,18.8
3443.0,135.0,1956.3,2.2,18.9
3444.0,137.0,1958.3,1.6,19.5
3445.0,104.0,1960.3,2.1,19.1
3446.0,147.0,1962.3,2.4,18.8
3447.0,116.0,1962.6,2.7,18.6
3448.0,171.0,1962.6,3.0,18.2
3449.0,117.0,1962.9,2.7,18.5
3450.0,163.0,1951.8,2.5,18.6
3451.0,134.0,1951.9,2.3,19.0
3452.0,142.0,1952.1,2.9,18.3
3453.0,155.0,1941.2,2.5,18.7
3454.0,99.0,1941.2,2.9,18.5
3455.0,151.0,1941.5,2.8,18.3
3456.0,165.0,1941.8,3.0,18.3
3457.0,152.0,1942.1,2.0,19.1
3458.0,159.0,1944.3,2.9,18.3
3459.0,154.0,1944.3,3.3,17.9
3460.0,159.0,1944.4,2.9,18.4
3461.0,173.0,1944.7,3.9,17.3
3462.0,122.0,1933.8,3.2,18.2
3463.0,100.0,1934.1,2.5,18.8
3464.0,137.0,1934.4,2.2,18.9
3465.0,125.0,1936.7,2.0,19.2
3466.0,151.0,1936.7,2.4,18.9
3467.0,96.0,1938.9,2.1,19.1
3468.0,126.0,1939.0,2.5,18.6
3469.0,242.0,1939.0,2.9,18.3
3470.0,157.0,1939.4,2.5,18.6
3471.0,100.0,1939.7,1.8,19.3
3472.0,105.0,1939.7,2.4,18.7
3473.0,171.0,1941.9,2.3,19.0
3474.0,100.0,1942.2,2.0,19.1
3475.0,110.0,1931.3,1.9,19.3
3476.0,115.0,1933.6,2.4,18.8
3477.0,105.0,1933.7,2.3,19.0
3478.0,132.0,1934.0,2.2,18.8
3479.0,123.0,1936.2,2.6,18.7
3480.0,129.0,1936.3,1.9,19.2
3481.0,136.0,1936.6,2.3,18.9
3482.0,108.0,1936.7,2.4,18.7
3483.0,153.0,1937.0,2.5,18.7
3484.0,119.0,1937.0,1.9,19.2
3485.0,259.0,1939.2,2.7,18.7
3486.0,119.0,1939.3,3.0,18.3
3487.0,121.0,1941.5,2.5,18.8
3488.0,125.0,1941.8,2.2,19.0
3489.0,155.0,1942.1,2.9,18.5
3490.0,134.0,1944.2,2.6,18.8
3491.0,114.0,1944.5,2.5,18.8
3492.0,146.0,1931.6,2.4,18.9
3493.0,135.0,1931.9,3.3,17.9
3494.0,161.0,1932.0,2.1,19.0
3495.0,174.0,1934.2,2.1,19.0
3496.0,138.0,1934.3,2.7,18.4
3497.0,104.0,1936.5,2.1,19.0
3498.0,104.0,1938.7,2.2,19.0
3499.0,161.0,1939.0,1.7,19.4
3500.0,114.0,1939.3,1.9,19.2
3501.0,138.0,1939.4,2.0,19.1
3502.0,111.0,1941.6,2.6,18.6
3503.0,149.0,1941.6,2.7,18.6
3504.0,142.0,1941.7,3.1,18.1
3505.0,136.0,1942.0,2.0,19.1
3506.0,165.0,1942.3,2.2,18.9
3507.0,147.0,1942.6,3.7,17.7
3508.0,162.0,1944.7,2.7,18.6
3509.0,112.0,1945.0,3.1,18.2
3510.0,192.0,1934.2,3.2,18.1
3511.0,147.0,1934.5,2.7,18.5
3512.0,139.0,1923.7,2.5,18.7
3513.0,138.0,1926.1,2.3,18.9
3514.0,192.0,1928.4,2.8,18.5
3515.0,153.0,1930.7,2.8,18.4
3516.0,167.0,1920.0,2.9,18.4
3517.0,113.0,1920.0,2.4,18.8
3518.0,120.0,1922.4,2.2,19.0
3519.0,126.0,1922.5,2.5,18.7
3520.0,135.0,1924.8,2.2,19.1
3521.0,97.0,1924.9,2.1,19.0
3522.0,252.0,1924.9,2.5,18.7
3523.0,111.0,1925.3,2.6,18.8
3524.0,111.0,1912.6,2.5,18.8
3525.0,156.0,1913.0,3.0,18.5
3526.0,125.0,1913.4,2.6,18.7
3527.0,201.0,1913.7,4.0,17.3
3528.0,202.0,1914.1,2.7,18.6
3529.0,87.0,1903.5,1.8,19.3
3530.0,167.0,1903.9,2.1,19.0
3531.0,144.0,1906.5,2.7,18.6
3532.0,165.0,1909.0,2.6,18.7
3533.0,149.0,1909.1,2.4,18.8
3534.0,100.0,1909.5,2.1,19.1
3535.0,151.0,1909.5,2.8,18.4
3536.0,134.0,1912.0,2.5,18.7
3537.0,168.0,1912.4,2.2,19.0
3538.0,130.0,1912.5,2.1,19.1
3539.0,133.0,1912.8,2.2,18.9
3540.0,114.0,1912.9,2.5,18.9
3541.0,83.0,1913.2,1.7,19.5
3542.0,161.0,1915.7,2.1,19.1
3543.0,170.0,1915.8,2.0,19.2
3544.0,90.0,1916.1,2.2,19.1
3545.0,109.0,1918.5,2.1,19.1
3546.0,123.0,1918.6,2.4,18.8
3547.0,161.0,1918.9,1.9,19.3
3548.0,106.0,1919.0,2.7,18.4
3549.0,166.0,1921.4,2.0,19.1
3550.0,161.0,1921.7,2.4,18.8
3551.0,148.0,1921.8,1.8,19.3
3552.0,126.0,1924.2,2.0,19.3
3553.0,247.0,1924.5,2.7,18.6
3554.0,115.0,1924.8,2.4,18.9
3555.0,113.0,1914.2,2.5,18.7
3556.0,110.0,1916.6,2.8,18.6
3557.0,113.0,1917.0,1.6,19.7
3558.0,114.0,1917.3,3.1,18.2
3559.0,143.0,1917.4,2.3,18.8
3560.0,170.0,1917.8,3.3,18.2
3561.0,93.0,1917.8,2.9,18.5
3562.0,170.0,1918.2,3.4,17.9
3563.0,120.0,1920.6,2.9,18.3
3564.0,121.0,1910.0,2.3,18.9
3565.0,209.0,1910.1,3.4,18.1
3566.0,145.0,1912.6,2.7,18.8
3567.0,123.0,1902.1,2.5,18.7
3568.0,148.0,1902.1,2.8,18.6
3569.0,95.0,1902.5,2.0,19.2
3570.0,150.0,1902.6,3.2,18.2
3571.0,120.0,1902.7,2.1,19.1
3572.0,129.0,1902.7,3.1,18.2
3573.0,125.0,1905.3,2.0,19.3
3574.0,121.0,1905.4,2.4,19.0
3575.0,135.0,1905.5,2.4,18.9
3576.0,107.0,1905.8,3.2,18.4
3577.0,169.0,1908.4,3.1,18.5
3578.0,122.0,1908.7,2.8,18.7
3579.0,168.0,1911.2,3.0,18.5
3580.0,84.0,1911.3,2.1,19.2
3581.0,114.0,1911.7,2.2,19.2
3582.0,124.0,1914.1,2.7,18.6
3583.0,128.0,1916.6,2.7,18.6
3584.0,85.0,1916.6,3.5,18.0
3585.0,111.0,1919.0,3.0,18.4
3586.0,90.0,1919.1,2.6,18.8
3587.0,181.0,1919.2,3.1,18.4
3588.0,109.0,1919.2,2.7,18.7
3589.0,77.0,1908.7,2.1,19.1
3590.0,140.0,1911.2,3.2,18.2
3591.0,203.0,1911.6,3.3,18.3
3592.0,123.0,1914.0,2.1,19.3
3593.0,137.0,1914.1,2.7,18.6
3594.0,132.0,1916.5,2.5,18.8
3595.0,145.0,1916.9,3.3,18.4
3596.0,129.0,1919.3,3.2,18.3
3597.0,137.0,1908.7,3.1,18.3
3598.0,122.0,1909.1,2.7,18.6
3599.0,88.0,1909.2,2.8,18.7
3600.0,161.0,1909.2,3.0,18.4
3601.0,113.0,1909.6,2.8,18.7
3602.0,68.0,1899.2,2.6,18.8
3603.0,142.0,1899.6,2.8,18.6
3604.0,124.0,1900.0,3.0,18.4
3605.0,143.0,1900.0,3.0,18.4
3606.0,86.0,1900.1,2.2,19.0
3607.0,97.0,1902.7,2.8,18.5
3608.0,127.0,1902.8,2.4,18.9
3609.0,141.0,1903.1,2.6,18.7
3610.0,144.0,1903.5,3.2,18.1
3611.0,111.0,1903.6,2.3,18.9
3612.0,123.0,1903.7,2.4,18.8
3613.0,101.0,1906.2,3.3,18.1
3614.0,108.0,1906.6,3.2,18.3
3615.0,93.0,1909.1,3.7,17.9
3616.0,108.0,1909.5,3.5,18.0
3617.0,61.0,1912.0,2.4,18.9
3618.0,152.0,1912.0,2.2,19.0
3619.0,120.0,1914.5,3.0,18.2
3620.0,148.0,1914.6,2.4,18.8
3621.0,110.0,1917.0,3.0,18.5
3622.0,116.0,1917.0,3.3,17.9
3623.0,143.0,1917.1,3.1,18.3
3624.0,69.0,1919.5,1.8,19.4
3625.0,93.0,1919.9,2.4,18.9
3626.0,130.0,1920.2,2.5,18.8
3627.0,104.0,1920.3,2.2,19.1
3628.0,116.0,1920.3,2.9,18.5
3629.0,116.0,1920.7,2.4,19.0
3630.0,128.0,1921.0,3.0,18.5
3631.0,121.0,1921.1,2.6,18.8
3632.0,164.0,1921.1,2.3,19.0
3633.0,110.0,1921.5,2.9,18.5
3634.0,136.0,1923.8,3.1,18.2
3635.0,105.0,1924.2,2.4,18.9
3636.0,123.0,1924.2,2.7,18.7
3637.0,97.0,1924.3,1.8,19.4
3638.0,80.0,1924.3,2.7,18.7
3639.0,138.0,1924.4,2.2,19.2
3640.0,173.0,1924.7,2.6,18.7
3641.0,123.0,1924.8,2.8,18.5
3642.0,112.0,1914.2,3.3,18.2
3643.0,133.0,1914.6,2.6,18.6
3644.0,138.0,1914.9,2.9,18.4
3645.0,159.0,1915.3,3.0,18.3
3646.0,93.0,1915.4,2.5,18.7
3647.0,106.0,1915.7,3.5,17.8
3648.0,216.0,1916.1,3.2,18.2
3649.0,73.0,1916.4,2.7,18.6
3650.0,111.0,1916.7,2.4,18.8
3651.0,110.0,1919.1,2.4,18.8
3652.0,114.0,1919.5,2.4,18.9
3653.0,118.0,1919.6,3.1,18.3
3654.0,140.0,1919.6,2.0,19.2
3655.0,126.0,1920.0,2.1,19.1
3656.0,116.0,1920.3,4.1,17.3
3657.0,125.0,1909.8,3.7,17.8
3658.0,85.0,1912.3,2.4,19.0
3659.0,122.0,1912.6,2.5,18.8
3660.0,122.0,1912.7,2.2,19.1
3661.0,114.0,1912.8,3.3,18.0
3662.0,148.0,1913.1,2.9,18.5
3663.0,125.0,1913.5,2.6,18.8
3664.0,159.0,1913.8,2.6,18.7
3665.0,137.0,1913.9,2.8,18.6
3666.0,145.0,1914.0,4.0,17.4
3667.0,120.0,1914.0,2.9,18.4
3668.0,107.0,1914.4,2.8,18.5
3669.0,163.0,1914.7,4.1,17.2
3670.0,87.0,1917.1,3.1,18.4
3671.0,120.0,1917.5,3.2,18.2
3672.0,105.0,1919.9,2.8,18.5
3673.0,209.0,1919.9,3.2,18.1
3674.0,122.0,1920.0,2.9,18.4
3675.0,158.0,1920.3,3.6,18.0
3676.0,109.0,1922.7,3.2,18.2
3677.0,175.0,1925.0,4.2,17.3
3678.0,118.0,1925.4,2.7,18.6
3679.0,91.0,1925.7,2.9,18.2
3680.0,123.0,1928.0,2.6,18.7
3681.0,137.0,1928.0,2.1,19.1
3682.0,138.0,1930.3,2.6,18.7
3683.0,159.0,1932.6,3.0,18.5
3684.0,99.0,1932.9,2.0,19.2
3685.0,118.0,1935.1,2.8,18.4
3686.0,118.0,1924.5,3.5,18.0
3687.0,98.0,1924.5,1.9,19.2
3688.0,129.0,1924.8,2.9,18.6
3689.0,94.0,1914.3,2.2,19.0
3690.0,123.0,1916.7,2.3,19.1
3691.0,104.0,1917.1,2.6,18.7
3692.0,205.0,1917.2,3.1,18.3
3693.0,96.0,1917.5,2.9,18.5
3694.0,154.0,1917.6,2.6,18.8
3695.0,93.0,1917.9,2.4,18.9
3696.0,155.0,1918.0,2.7,18.6
3697.0,169.0,1918.0,3.6,17.9
3698.0,82.0,1918.4,2.6,18.6
3699.0,108.0,1920.7,2.7,18.7
3700.0,96.0,1923.1,2.1,19.1
3701.0,96.0,1925.4,2.1,19.2
3702.0,156.0,1925.7,2.6,18.8
3703.0,127.0,1926.1,2.8,18.5
3704.0,95.0,1926.1,2.6,18.9
3705.0,123.0,1926.2,2.1,19.1
3706.0,104.0,1928.5,1.9,19.3
3707.0,128.0,1930.7,2.3,19.0
3708.0,125.0,1930.8,2.9,18.4
3709.0,128.0,1931.1,2.0,19.2
3710.0,125.0,1931.4,2.2,19.0
3711.0,134.0,1933.7,2.5,18.8
3712.0,135.0,1934.0,2.4,18.9
3713.0,133.0,1934.3,2.1,19.2
3714.0,165.0,1934.6,3.1,18.3
3715.0,141.0,1936.8,2.5,18.8
3716.0,91.0,1936.9,2.4,18.9
3717.0,146.0,1939.0,1.9,19.3
3718.0,135.0,1939.3,2.7,18.7
3719.0,129.0,1941.5,2.1,19.2
3720.0,100.0,1941.8,2.3,19.0
3721.0,201.0,1941.8,2.4,18.9
3722.0,201.0,1941.9,3.0,18.5
3723.0,123.0,1942.0,1.6,19.6
3724.0,143.0,1944.1,2.9,18.6
3725.0,122.0,1946.2,2.2,19.1
3726.0,76.0,1946.2,1.5,19.6
3727.0,118.0,1948.3,2.2,19.0
3728.0,85.0,1950.4,2.5,18.8
3729.0,186.0,1950.6,2.3,19.1
3730.0,96.0,1950.9,1.7,19.4
3731.0,123.0,1940.2,3.0,18.3
3732.0,138.0,1929.5,2.7,18.5
3733.0,111.0,1929.6,2.8,18.5
3734.0,141.0,1929.9,2.6,18.8
3735.0,139.0,1930.2,2.4,18.9
3736.0,123.0,1930.3,2.3,18.9
3737.0,129.0,1930.6,2.7,18.7
3738.0,89.0,1930.9,2.4,18.9
3739.0,145.0,1931.0,2.6,18.7
3740.0,90.0,1933.2,1.8,19.4
3741.0,143.0,1933.5,2.2,19.1
3742.0,124.0,1933.8,2.3,19.0
3743.0,90.0,1934.1,2.7,18.7
3744.0,125.0,1936.3,2.3,18.9
3745.0,105.0,1936.6,2.6,18.5
3746.0,108.0,1936.7,2.7,18.4
3747.0,119.0,1936.7,2.9,18.5
3748.0,127.0,1937.1,2.4,18.8
3749.0,244.0,1937.4,3.6,17.6
3750.0,145.0,1937.4,3.3,18.2
3751.0,92.0,1926.8,2.9,18.6
3752.0,116.0,1926.9,4.0,17.7
3753.0,150.0,1929.1,4.0,17.3
3754.0,87.0,1929.5,2.7,18.3
3755.0,145.0,1929.8,2.7,18.6
3756.0,136.0,1929.8,3.6,17.9
3757.0,90.0,1929.9,2.2,19.1
3758.0,82.0,1932.1,1.9,19.4
3759.0,88.0,1932.5,2.0,19.3
3760.0,75.0,1932.5,2.6,18.8
3761.0,144.0,1932.8,2.4,18.9
3762.0,221.0,1922.3,2.9,18.4
3763.0,135.0,1922.3,3.6,17.6
3764.0,120.0,1922.4,2.6,18.7
3765.0,118.0,1922.7,2.9,18.6
3766.0,92.0,1922.8,3.5,17.9
3767.0,121.0,1922.8,2.5,18.8
3768.0,180.0,1922.9,2.6,18.7
3769.0,92.0,1923.0,3.2,18.0
3770.0,124.0,1912.5,2.2,19.0
3771.0,109.0,1912.9,2.3,18.8
3772.0,154.0,1912.9,3.0,18.2
3773.0,146.0,1913.3,2.6,18.7
3774.0,92.0,1913.6,2.4,19.0
3775.0,146.0,1914.0,4.5,16.9
3776.0,102.0,1914.1,2.1,19.0
3777.0,108.0,1914.4,2.0,19.2
3778.0,141.0,1916.8,1.8,19.4
3779.0,107.0,1917.2,1.6,19.7
3780.0,209.0,1917.2,2.1,19.2
3781.0,125.0,1919.6,2.0,19.2
3782.0,104.0,1919.7,2.6,18.6
3783.0,161.0,1922.0,2.4,18.9
3784.0,127.0,1924.3,2.1,19.0
3785.0,186.0,1924.4,2.6,18.7
3786.0,102.0,1924.4,2.5,19.0
3787.0,116.0,1924.5,1.7,19.6
3788.0,119.0,1926.8,1.8,19.5
3789.0,140.0,1929.1,1.7,19.5
3790.0,130.0,1929.4,2.3,19.1
3791.0,119.0,1918.9,2.0,19.2
3792.0,106.0,1918.9,2.8,18.6
3793.0,114.0,1919.3,1.8,19.4
3794.0,152.0,1919.6,1.9,19.3
3795.0,126.0,1922.0,1.8,19.3
3796.0,102.0,1922.0,1.8,19.5
3797.0,104.0,1922.4,2.3,18.8
3798.0,104.0,1922.4,2.6,18.7
3799.0,148.0,1922.8,2.5,18.8
3800.0,107.0,1922.8,3.1,18.4
3801.0,107.0,1912.4,2.0,19.1
3802.0,120.0,1912.5,3.0,18.3
3803.0,137.0,1912.5,3.2,18.3
3804.0,169.0,1912.9,2.2,19.1
3805.0,104.0,1913.2,2.5,18.7
3806.0,86.0,1915.6,2.2,19.0
3807.0,159.0,1916.0,3.1,18.2
3808.0,89.0,1918.4,2.4,19.0
3809.0,103.0,1906.0,2.2,18.8
3810.0,98.0,1906.0,2.9,18.4
3811.0,131.0,1906.4,3.0,18.3
3812.0,130.0,1906.8,3.7,17.9
3813.0,99.0,1909.3,2.0,19.2
3814.0,146.0,1909.3,2.1,19.0
3815.0,145.0,1909.4,2.7,18.4
3816.0,107.0,1911.8,2.9,18.5
3817.0,92.0,1911.9,2.6,18.6
3818.0,109.0,1912.3,2.6,18.7
3819.0,113.0,1912.3,2.8,18.4
3820.0,98.0,1912.7,2.0,19.0
3821.0,160.0,1915.1,2.7,18.5
3822.0,139.0,1915.2,3.3,18.2
3823.0,115.0,1915.2,2.0,19.3
3824.0,104.0,1915.3,2.7,18.5
3825.0,140.0,1915.6,2.8,18.3
3826.0,199.0,1916.0,4.8,16.7
3827.0,134.0,1918.4,2.1,19.0
3828.0,124.0,1920.7,2.4,18.7
3829.0,137.0,1920.8,2.2,19.0
3830.0,71.0,1920.8,1.6,19.5
3831.0,105.0,1923.2,2.6,18.5
3832.0,139.0,1925.5,2.2,19.0
3833.0,120.0,1927.7,2.5,18.7
3834.0,102.0,1927.8,2.5,18.8
3835.0,195.0,1930.1,2.7,18.5
3836.0,156.0,1930.1,2.2,19.0
3837.0,146.0,1932.3,2.3,18.9
3838.0,123.0,1932.4,2.8,18.4
3839.0,121.0,1934.6,2.6,18.7
3840.0,104.0,1934.9,2.4,18.8
3841.0,137.0,1935.0,2.4,18.7
3842.0,111.0,1935.0,2.4,18.7
3843.0,247.0,1935.3,2.8,18.4
3844.0,115.0,1924.8,3.1,18.2
3845.0,105.0,1914.4,3.3,18.0
3846.0,92.0,1904.1,2.4,18.8
3847.0,123.0,1904.4,3.1,18.4
3848.0,171.0,1907.0,2.7,18.5
3849.0,137.0,1907.3,2.8,18.5
3850.0,128.0,1909.8,4.1,17.4
3851.0,119.0,1910.1,2.8,18.4
3852.0,104.0,1910.2,2.2,19.0
3853.0,79.0,1900.0,2.1,19.1
3854.0,149.0,1900.0,2.2,19.0
3855.0,157.0,1900.4,2.1,19.0
3856.0,128.0,1900.8,2.0,19.1
3857.0,103.0,1901.2,2.5,18.7
3858.0,182.0,1901.2,2.5,18.7
3859.0,84.0,1901.6,2.3,18.9
3860.0,152.0,1902.0,3.5,17.7
3861.0,129.0,1891.8,2.7,18.6
3862.0,85.0,1891.9,2.2,19.1
3863.0,101.0,1894.5,2.1,19.1
3864.0,100.0,1894.6,2.1,19.0
3865.0,156.0,1894.7,2.9,18.5
3866.0,123.0,1895.1,2.8,18.7
3867.0,113.0,1895.5,2.4,18.7
3868.0,134.0,1885.4,2.4,18.8
3869.0,133.0,1885.8,2.5,18.7
3870.0,194.0,1888.5,2.9,18.2
3871.0,153.0,1891.2,2.9,18.2
3872.0,138.0,1891.6,2.9,18.4
3873.0,102.0,1894.3,2.1,19.0
3874.0,109.0,1894.3,3.1,18.0
3875.0,91.0,1897.0,2.8,18.5
3876.0,119.0,1897.0,2.6,18.6
3877.0,123.0,1897.1,2.5,18.6
3878.0,138.0,1897.5,3.0,18.2
3879.0,122.0,1897.9,2.2,18.9
3880.0,171.0,1897.9,2.4,18.7
3881.0,151.0,1898.0,2.8,18.4
3882.0,168.0,1898.4,3.3,17.9
3883.0,151.0,1886.1,2.7,18.5
3884.0,84.0,1886.2,1.9,19.2
3885.0,155.0,1886.6,2.6,18.6
3886.0,118.0,1889.3,1.9,19.2
3887.0,170.0,1889.7,1.9,19.2
3888.0,160.0,1890.1,2.0,19.1
3889.0,136.0,1892.8,1.8,19.2
3890.0,60.0,1892.8,1.6,19.5
3891.0,145.0,1893.2,2.9,18.3
3892.0,128.0,1883.2,2.2,18.9
3893.0,199.0,1885.9,2.1,19.0
3894.0,242.0,1886.0,2.4,18.9
3895.0,145.0,1886.1,2.1,18.9
3896.0,131.0,1876.2,1.8,19.2
3897.0,239.0,1879.0,3.0,18.2
3898.0,122.0,1881.8,2.2,18.9
3899.0,155.0,1871.9,2.4,18.7
3900.0,131.0,1874.8,2.1,19.0
3901.0,124.0,1874.9,1.8,19.3
3902.0,145.0,1877.8,1.9,19.2
3903.0,99.0,1878.2,1.9,19.2
3904.0,152.0,1878.3,2.1,19.0
3905.0,105.0,1881.1,2.1,19.0
3906.0,186.0,1881.5,2.2,19.0
3907.0,118.0,1884.3,1.8,19.3
3908.0,147.0,1884.7,2.1,19.1
3909.0,206.0,1884.7,2.3,18.8
3910.0,135.0,1885.2,2.1,19.0
3911.0,96.0,1885.2,1.8,19.4
3912.0,130.0,1885.3,2.3,18.8
3913.0,114.0,1888.0,2.1,19.0
3914.0,243.0,1888.4,2.5,18.7
3915.0,170.0,1891.1,1.9,19.2
3916.0,114.0,1878.6,1.9,19.2
3917.0,175.0,1878.6,2.6,18.5
3918.0,124.0,1881.4,2.1,19.1
3919.0,128.0,1871.6,2.6,18.6
3920.0,163.0,1874.5,2.0,19.2
3921.0,168.0,1874.5,2.4,18.7
3922.0,126.0,1877.4,2.0,19.2
3923.0,124.0,1880.2,2.1,19.0
3924.0,135.0,1880.3,2.6,18.7
3925.0,153.0,1880.7,2.0,19.2
3926.0,145.0,1883.5,2.5,18.7
3927.0,143.0,1883.9,2.4,18.7
3928.0,188.0,1884.0,2.7,18.5
3929.0,121.0,1886.7,1.9,19.2
3930.0,100.0,1886.8,2.1,19.1
3931.0,133.0,1886.9,2.6,18.5
3932.0,107.0,1887.3,2.9,18.3
3933.0,120.0,1887.4,1.7,19.4
3934.0,83.0,1887.8,1.3,19.8
3935.0,131.0,1890.5,1.9,19.2
3936.0,142.0,1890.5,1.8,19.2
3937.0,162.0,1890.9,2.2,19.0
3938.0,111.0,1891.0,2.3,18.9
3939.0,125.0,1891.4,2.2,19.0
3940.0,112.0,1891.8,2.3,18.8
3941.0,177.0,1892.2,2.5,18.8
3942.0,111.0,1892.2,1.9,19.3
3943.0,229.0,1882.3,2.0,19.1
3944.0,92.0,1885.0,1.8,19.3
3945.0,161.0,1885.1,2.3,19.0
3946.0,121.0,1885.5,2.2,18.8
3947.0,144.0,1885.9,2.3,18.9
3948.0,143.0,1886.0,2.9,18.3
3949.0,155.0,1886.1,2.2,18.9
3950.0,176.0,1886.5,2.0,19.2
3951.0,142.0,1886.5,2.3,18.9
3952.0,167.0,1886.9,1.9,19.3
3953.0,111.0,1887.3,2.4,18.8
3954.0,65.0,1890.0,1.4,19.7
3955.0,128.0,1892.7,2.3,18.9
3956.0,117.0,1895.3,2.3,18.9
3957.0,165.0,1895.4,2.3,18.8
3958.0,125.0,1895.8,1.9,19.2
3959.0,120.0,1898.4,2.0,19.2
3960.0,122.0,1900.9,1.6,19.5
3961.0,160.0,1901.0,2.0,19.1
3962.0,157.0,1901.4,1.9,19.2
3963.0,158.0,1901.4,1.7,19.3
3964.0,137.0,1901.8,1.9,19.2
3965.0,135.0,1901.9,2.3,18.8
3966.0,119.0,1904.4,1.8,19.3
3967.0,198.0,1904.5,2.2,18.9
3968.0,152.0,1906.9,2.1,19.0
3969.0,132.0,1909.4,2.0,19.2
3970.0,113.0,1909.8,2.0,19.1
3971.0,104.0,1910.1,2.1,19.0
3972.0,170.0,1912.5,2.4,18.8
3973.0,117.0,1914.9,2.1,19.0
3974.0,132.0,1915.3,2.5,18.6
3975.0,208.0,1905.0,2.1,19.1
3976.0,177.0,1907.5,2.4,18.8
3977.0,122.0,1907.6,2.4,18.8
3978.0,107.0,1907.7,2.4,18.7
3979.0,140.0,1908.0,3.0,18.2
3980.0,96.0,1908.1,2.2,18.9
3981.0,130.0,1910.5,2.5,18.6
3982.0,204.0,1912.9,2.8,18.4
3983.0,169.0,1902.7,3.1,18.2
3984.0,134.0,1905.3,2.9,18.4
3985.0,96.0,1905.3,1.9,19.2
3986.0,192.0,1905.7,2.4,18.8
3987.0,119.0,1905.7,2.1,19.0
3988.0,150.0,1905.8,2.0,19.2
3989.0,141.0,1908.3,2.3,18.9
3990.0,167.0,1908.4,2.9,18.4
3991.0,105.0,1908.7,1.9,19.2
3992.0,134.0,1908.8,1.7,19.5
3993.0,145.0,1908.8,2.7,18.5
3994.0,145.0,1911.3,2.2,18.9
3995.0,158.0,1911.6,2.1,19.0
3996.0,116.0,1911.7,2.0,19.1
3997.0,96.0,1912.0,1.9,19.3
3998.0,169.0,1912.4,2.2,19.0
3999.0,114.0,1914.8,2.2,18.9
4000.0,140.0,1914.8,2.0,19.2
