# GameN, gameLength, gameElo, minBase, dinBase, meandistMine, meandistDine, isInFront, carryEnimy, carryAlly
1.00000,174.00000,1000.00000,5.10607,16.44696,33.66183,28.75159,0.52765,0.10063,0.04261
2.00000,154.00000,1000.00000,5.21601,16.38959,28.63934,16.69238,0.59788,0.18515,0.04532
3.00000,157.00000,986.91212,4.59418,16.53477,20.91656,19.59166,0.80847,0.21492,0.10493
4.00000,260.00000,1051.80241,4.39920,17.10710,26.21764,20.75659,0.50000,0.15349,0.21019
5.00000,111.00000,1081.92501,5.16316,16.16526,35.88105,20.76316,0.59579,0.17895,0.04632
6.00000,175.00000,1107.62056,6.91284,14.65413,33.58165,17.19633,0.50413,0.23028,0.07523
7.00000,275.00000,1155.21434,5.31600,16.03466,15.94495,15.50663,0.53619,0.32314,0.19776
8.00000,127.00000,1152.03976,5.34095,16.06461,25.73559,20.84891,0.50000,0.28728,0.13419
9.00000,167.00000,1149.02219,4.42504,17.01601,32.56405,21.08079,0.50000,0.11645,0.07205
10.00000,87.00000,1166.21514,5.18421,16.22967,39.08612,23.06340,0.50000,0.09689,0.00837
11.00000,300.00000,1204.21411,4.70697,16.66934,17.17214,14.88551,0.62010,0.33547,0.30825
12.00000,159.00000,1238.59260,4.48357,17.00939,25.98709,22.83333,0.69542,0.11268,0.13967
13.00000,111.00000,1234.24738,4.35225,17.27593,31.62035,20.04599,0.78082,0.02642,0.01859
14.00000,211.00000,1230.08515,5.34184,16.14626,22.16412,18.20918,0.82058,0.23044,0.07993
15.00000,150.00000,1208.92146,5.29859,16.11183,28.10098,22.20304,0.50000,0.50814,0.29425
16.00000,159.00000,1240.41158,4.34199,17.03932,28.25816,15.70697,0.50000,0.31751,0.07938
17.00000,150.00000,1250.43059,4.97996,16.39135,26.02532,20.98418,0.72574,0.13186,0.00105
18.00000,111.00000,1259.85164,4.04043,17.41509,26.36119,16.24124,0.50000,0.31671,0.20755
19.00000,169.00000,1237.93867,3.55879,17.77818,21.24727,14.23636,0.74364,0.19636,0.08606
20.00000,127.00000,1247.64606,5.42857,16.14736,28.82902,18.42632,0.50000,0.32058,0.26772
21.00000,146.00000,1243.63455,5.35892,16.02193,26.52343,19.53539,0.50000,0.31007,0.17348
22.00000,112.00000,1252.85697,4.97198,16.44395,28.77729,22.03982,0.56047,0.20501,0.21386
23.00000,175.00000,1261.59059,5.35702,16.20120,27.24743,13.72603,0.69392,0.53938,0.11558
24.00000,211.00000,1238.18509,4.81593,16.75958,30.34110,24.13674,0.59053,0.08715,0.04207
25.00000,186.00000,1247.33142,4.40893,17.03047,31.52020,17.28349,0.50000,0.13678,0.08575
26.00000,115.00000,1288.26521,4.49020,17.06574,26.21799,23.04498,0.68512,0.21338,0.07612
27.00000,122.00000,1310.75787,4.91502,16.37069,23.27463,18.10345,0.66872,0.29433,0.13177
28.00000,124.00000,1349.46692,4.05142,17.23275,24.97564,24.75913,0.57645,0.05683,0.01353
29.00000,133.00000,1366.68978,5.26809,16.24823,25.08227,30.89504,0.79007,0.11348,0.10922
30.00000,136.00000,1340.68613,5.52297,16.01178,21.99411,17.68669,0.70200,0.45230,0.25442
31.00000,111.00000,1316.45364,4.79234,16.60530,28.47570,28.32253,0.59352,0.02798,0.02798
32.00000,104.00000,1322.35443,4.16555,17.38926,31.23378,14.61521,0.50000,0.35123,0.04698
33.00000,149.00000,1317.11010,5.95842,15.69878,35.60446,21.83976,0.69675,0.28905,0.12272
34.00000,153.00000,1322.90050,5.02098,16.59640,28.70130,23.77722,0.50000,0.33666,0.24875
35.00000,170.00000,1300.46168,4.56084,16.84030,23.87167,16.50190,0.63165,0.09221,0.10266
36.00000,66.00000,1306.65496,7.02429,14.44714,33.37857,13.08286,0.50000,0.46857,0.00000
37.00000,160.00000,1301.95213,4.82281,16.64656,21.57776,15.88407,0.50000,0.22809,0.17719
38.00000,165.00000,1308.01559,4.32437,16.94454,23.98403,18.47647,0.50000,0.23193,0.10672
39.00000,129.00000,1325.33382,3.15754,18.19493,20.56742,21.07744,0.51202,0.20427,0.21228
40.00000,118.00000,1330.66481,4.70101,16.69989,27.60582,16.42329,0.59406,0.29675,0.05823
41.00000,95.00000,1325.49360,4.03799,17.38450,24.86322,16.87082,0.50000,0.41033,0.24620
42.00000,276.00000,1330.75415,5.40364,16.19648,22.93974,13.54928,0.50847,0.47144,0.17954
43.00000,96.00000,1364.92482,6.59368,15.03813,41.68845,21.70261,0.50000,0.21351,0.05120
44.00000,184.00000,1377.80277,6.45140,15.13391,24.28294,17.97084,0.67495,0.25162,0.05832
45.00000,120.00000,1394.60343,5.46469,16.02119,26.78249,21.81073,0.50000,0.36723,0.39548
46.00000,137.00000,1369.84753,4.89231,16.44396,27.24176,27.83956,0.51978,0.12637,0.08352
47.00000,158.00000,1373.92958,6.51955,14.96217,27.08575,19.35057,0.51009,0.19294,0.03405
48.00000,248.00000,1405.97635,6.63352,14.84715,18.52578,25.65838,0.76888,0.16667,0.03867
49.00000,102.00000,1381.04988,4.73371,16.52125,30.95751,25.97875,0.60482,0.04674,0.00000
50.00000,110.00000,1357.50110,5.39521,15.99102,20.30389,21.60778,0.50000,0.37725,0.30988
51.00000,172.00000,1351.91484,4.76327,16.80940,26.10270,19.37163,0.50000,0.14970,0.04439
52.00000,224.00000,1368.58879,6.08017,15.28017,23.79569,18.78879,0.70776,0.28707,0.04052
53.00000,130.00000,1372.57334,4.89306,16.75417,30.77222,29.00278,0.74236,0.02639,0.00000
54.00000,128.00000,1346.78548,5.48164,15.95248,27.68143,10.07559,0.52160,0.51836,0.11015
55.00000,197.00000,1341.58729,4.66914,16.83383,24.38798,20.03487,0.72404,0.30564,0.04674
56.00000,128.00000,1373.26504,4.80244,16.58999,24.90257,20.07984,0.52300,0.27605,0.09878
57.00000,128.00000,1387.60792,4.20182,17.21224,27.96224,14.70052,0.73958,0.25911,0.06510
58.00000,89.00000,1364.08872,5.38404,16.02021,38.01915,15.56064,0.50000,0.36596,0.00000
59.00000,156.00000,1358.52981,3.23799,18.02241,20.29883,17.47919,0.60032,0.14088,0.08965
60.00000,211.00000,1362.59474,5.99190,15.26923,20.14170,17.57996,0.65891,0.14372,0.08300
61.00000,129.00000,1377.04649,4.99706,16.33757,31.06262,20.68200,0.50000,0.31703,0.05382
62.00000,186.00000,1353.10015,3.87082,17.47992,32.36479,13.88286,0.50000,0.11446,0.02008
63.00000,127.00000,1368.54076,4.53178,16.68093,23.39818,17.98314,0.53826,0.30480,0.12322
64.00000,154.00000,1398.47121,6.22243,15.07537,31.12592,20.02849,0.76654,0.21875,0.00000
65.00000,178.00000,1401.71114,4.06989,17.20108,22.62473,22.75161,0.64677,0.04516,0.03011
66.00000,172.00000,1381.65403,4.90122,16.44073,26.86626,17.20517,0.69795,0.07523,0.01368
67.00000,113.00000,1359.76633,4.26100,17.17889,23.81232,21.90469,0.82845,0.00440,0.00147
68.00000,114.00000,1373.96189,4.89556,16.61358,26.89295,18.79112,0.68473,0.14491,0.07572
69.00000,172.00000,1352.60070,4.68440,16.66366,21.69342,15.43553,0.53111,0.24256,0.20830
70.00000,98.00000,1332.20906,5.41609,15.97781,27.14008,16.46325,0.95284,0.27184,0.00000
71.00000,159.00000,1336.65908,2.98109,18.19984,26.63980,16.70230,0.50000,0.23438,0.14227
72.00000,275.00000,1351.76786,5.61646,15.87975,26.84051,19.54557,0.51297,0.21772,0.07532
73.00000,117.00000,1355.77099,6.34793,15.33090,28.73358,25.65937,0.50000,0.33212,0.10584
74.00000,154.00000,1370.70421,4.45155,16.98871,26.74036,19.55315,0.50000,0.21355,0.16839
75.00000,149.00000,1383.33445,5.18287,16.20602,24.70486,24.57176,0.70081,0.17014,0.09259
76.00000,186.00000,1386.70382,3.86798,17.37110,22.96466,18.90644,0.52287,0.21102,0.23909
77.00000,234.00000,1399.21300,5.03282,16.57472,29.53352,23.70182,0.65014,0.18506,0.04609
78.00000,233.00000,1409.91762,5.12111,16.32526,27.95242,21.98702,0.59472,0.10294,0.05623
79.00000,180.00000,1386.06131,5.53153,15.91712,19.63423,21.74505,0.50000,0.30270,0.35856
80.00000,300.00000,1380.34021,6.43368,14.88562,16.52740,16.66084,0.63940,0.56553,0.13423
81.00000,183.00000,1383.70749,5.22478,16.30396,27.20690,20.04598,0.80332,0.52107,0.38314
82.00000,184.00000,1362.16903,5.50573,16.00529,23.35859,18.74626,0.54537,0.34890,0.11982
83.00000,131.00000,1357.11863,4.50057,17.11569,31.46277,22.62772,0.69187,0.11226,0.02176
84.00000,175.00000,1341.31744,4.54394,16.82759,19.92547,19.43270,0.77864,0.27141,0.10456
85.00000,200.00000,1322.87664,6.35068,15.08647,25.10889,15.80144,0.74940,0.46757,0.06565
86.00000,131.00000,1318.75789,4.97594,16.58824,28.23930,22.60160,0.50401,0.25134,0.20321
87.00000,113.00000,1338.44992,4.42973,17.11426,33.00910,18.89484,0.50000,0.31345,0.06370
88.00000,222.00000,1320.10996,5.14899,16.37247,21.68016,18.05344,0.50000,0.31741,0.40162
89.00000,93.00000,1324.57422,3.64393,17.74625,30.34789,13.46930,0.50000,0.24557,0.10914
90.00000,224.00000,1328.92806,4.23568,17.04859,21.58811,13.02393,0.50000,0.20160,0.22335
91.00000,169.00000,1344.50234,5.49638,15.99276,20.36324,25.43560,0.64182,0.23010,0.08538
92.00000,129.00000,1359.50844,6.42241,15.50431,36.56681,20.72091,0.50000,0.27694,0.10884
93.00000,300.00000,1340.59121,6.39819,14.93515,19.99303,20.92399,0.80404,0.46583,0.14435
94.00000,88.00000,1344.56497,4.92244,16.80609,30.93629,13.70360,0.50000,0.36842,0.15651
95.00000,148.00000,1329.32003,4.11276,17.09496,24.23739,22.52423,0.50000,0.15134,0.14441
96.00000,156.00000,1347.53837,6.40553,15.10369,24.10599,22.61060,0.64343,0.16359,0.02074
97.00000,91.00000,1364.50961,5.43253,15.96303,29.30314,33.33826,0.50000,0.01294,0.00185
98.00000,131.00000,1348.33370,4.49811,16.93208,26.07547,22.73585,0.50000,0.14088,0.12579
99.00000,300.00000,1343.82068,6.41260,15.11553,23.44561,19.02476,0.67367,0.22581,0.12228
100.00000,183.00000,1358.50309,4.31306,17.06231,30.19219,18.58859,0.57808,0.24474,0.03078
101.00000,238.00000,1353.78251,4.67355,16.89306,20.65478,24.04034,0.60178,0.23921,0.13884
102.00000,279.00000,1367.31325,4.30379,17.27625,17.03614,19.28055,0.53959,0.23924,0.16093
103.00000,94.00000,1350.90029,4.24403,17.01061,30.48408,17.81698,0.50000,0.31963,0.08753
104.00000,144.00000,1367.39901,5.59734,15.86040,31.20513,21.20893,0.50000,0.16904,0.02184
105.00000,138.00000,1379.64797,3.44909,17.86174,22.20579,17.34834,0.50000,0.29046,0.24866
106.00000,183.00000,1363.83602,5.08010,16.50506,27.97133,17.23103,0.58347,0.29595,0.11889
107.00000,168.00000,1376.73839,6.84272,14.49669,27.77235,15.14238,0.58526,0.54470,0.17881
108.00000,300.00000,1356.90141,5.02585,16.45900,15.89305,15.21123,0.62522,0.17914,0.16043
109.00000,135.00000,1360.42528,5.42352,16.15411,24.46233,22.67352,0.52968,0.34247,0.18265
110.00000,140.00000,1355.76166,5.04393,16.36542,31.68224,16.76916,0.50000,0.31402,0.08131
111.00000,189.00000,1359.28986,5.27960,16.33532,25.32537,20.27861,0.50000,0.21990,0.13532
112.00000,155.00000,1371.68644,5.09368,16.48105,28.13053,19.79579,0.50053,0.34000,0.19053
113.00000,113.00000,1383.84992,5.79121,15.65110,29.17857,21.78571,0.50000,0.23626,0.09615
114.00000,145.00000,1367.78497,5.14077,16.35649,26.31993,16.34552,0.67733,0.40219,0.04845
115.00000,101.00000,1348.94480,4.59265,16.84265,29.73824,25.92059,0.61618,0.03529,0.02353
116.00000,131.00000,1362.28392,4.39979,16.98827,27.28571,20.90938,0.55704,0.06716,0.01812
117.00000,240.00000,1344.08197,7.00164,14.49713,20.61608,15.18622,0.77851,1.08121,0.34290
118.00000,300.00000,1326.69250,4.53363,17.03498,21.32466,21.52287,0.50000,0.17848,0.11570
119.00000,153.00000,1340.33014,5.61414,15.76825,27.38702,25.24218,0.69467,0.30707,0.15064
120.00000,159.00000,1337.63585,3.97095,17.32227,26.26210,16.97510,0.50000,0.08714,0.06086
121.00000,108.00000,1353.37603,5.70437,15.75951,40.80418,17.72814,0.50000,0.31084,0.00760
122.00000,101.00000,1370.08566,4.26856,17.27074,37.58843,17.77402,0.50000,0.29803,0.07205
123.00000,122.00000,1381.33572,3.60845,17.83099,22.30423,17.67324,0.77183,0.22113,0.13662
124.00000,144.00000,1395.86365,5.33796,16.03704,22.81597,19.00694,0.86806,0.17708,0.07755
125.00000,127.00000,1380.34188,3.70829,17.51419,24.13848,16.86493,0.50000,0.16118,0.24177
126.00000,122.00000,1375.37864,5.13948,16.36670,25.91226,17.95726,0.70641,0.44207,0.19460
127.00000,296.00000,1378.46252,6.53510,14.96832,20.96404,21.57277,0.68579,0.36644,0.01969
128.00000,106.00000,1381.49166,3.51070,17.77064,24.27676,20.47248,0.60092,0.03976,0.00000
129.00000,88.00000,1365.51904,4.92913,16.40157,30.31024,21.21417,0.50000,0.07244,0.03780
130.00000,145.00000,1350.93951,6.53923,14.88230,26.72993,23.18704,0.50684,0.25365,0.09763
131.00000,106.00000,1338.16310,5.13647,16.22148,30.92058,22.44072,0.50000,0.32550,0.11298
132.00000,176.00000,1352.87029,4.31962,17.33608,21.49383,20.59534,0.73594,0.20302,0.11248
133.00000,210.00000,1356.29130,5.49820,16.27758,25.55443,17.72314,0.50000,0.18097,0.14780
134.00000,284.00000,1343.89532,6.69361,14.79600,23.08006,20.51963,0.83680,0.24403,0.02386
135.00000,164.00000,1359.88122,4.71289,16.64800,27.23200,15.53778,0.50000,0.27822,0.14578
136.00000,138.00000,1371.79137,5.09810,16.29101,34.83100,16.52679,0.50000,0.29596,0.03215
137.00000,109.00000,1374.87341,5.56818,15.85606,32.46212,19.15657,0.62879,0.29672,0.08333
138.00000,206.00000,1385.52242,5.32686,16.30321,27.69679,21.76436,0.76394,0.13091,0.01605
139.00000,110.00000,1369.80143,6.38147,15.14442,38.00996,20.73307,0.50000,0.33466,0.08466
140.00000,202.00000,1351.14001,5.44277,16.08855,26.16625,28.14536,0.69925,0.14119,0.04678
141.00000,224.00000,1354.54086,5.59817,15.90314,30.42081,22.64005,0.53240,0.23691,0.05170
142.00000,191.00000,1366.53798,4.78937,16.78034,23.99900,19.68205,0.69208,0.19157,0.02808
143.00000,300.00000,1348.83156,5.92990,15.59614,24.29068,18.20900,0.57524,0.25723,0.18907
144.00000,172.00000,1335.10887,5.40037,15.86778,25.76816,20.11918,0.51164,0.23091,0.07356
145.00000,159.00000,1348.98842,3.77889,17.55207,17.40228,20.94151,0.50000,0.11270,0.04565
146.00000,152.00000,1360.07942,4.05597,17.34169,30.61236,19.57895,0.50000,0.09273,0.10025
147.00000,300.00000,1334.52670,6.23289,15.30346,19.24912,16.86874,0.50071,0.33522,0.16020
148.00000,300.00000,1352.50735,4.70000,17.04865,23.66486,21.82297,0.66419,0.19054,0.11419
149.00000,166.00000,1350.58531,4.84717,16.72082,22.90614,21.81107,0.59206,0.25872,0.22022
150.00000,214.00000,1334.51110,5.10742,16.29102,29.96029,15.56510,0.66732,0.38997,0.04297
151.00000,169.00000,1323.12647,4.47005,17.03312,35.17759,12.42213,0.53171,0.18464,0.01198
152.00000,115.00000,1334.68518,4.72630,16.63456,21.01682,23.78287,0.76758,0.09633,0.08716
153.00000,139.00000,1351.01759,5.08618,16.30700,29.77020,14.07810,0.50000,0.30162,0.11849
154.00000,152.00000,1339.48766,4.53015,16.78385,28.58703,22.04209,0.61377,0.32878,0.03868
155.00000,145.00000,1343.01023,4.03037,17.35792,24.53254,18.69414,0.50000,0.23861,0.30369
156.00000,122.00000,1329.92925,4.88451,16.69291,30.96850,21.30709,0.80184,0.13386,0.01575
157.00000,141.00000,1345.87045,4.22286,17.01963,21.93187,19.73903,0.59180,0.21594,0.10970
158.00000,112.00000,1330.20693,3.07132,18.25557,20.64487,10.70134,0.69837,0.21248,0.07132
159.00000,105.00000,1344.03940,5.22376,16.14641,32.22376,25.10083,0.52762,0.16298,0.02901
160.00000,165.00000,1340.12471,4.78868,16.43270,20.58239,20.73459,0.60818,0.17233,0.10818
161.00000,96.00000,1327.78668,4.05263,17.34788,31.07702,16.10526,0.50000,0.18485,0.13350
162.00000,103.00000,1315.85404,5.76992,15.60540,27.40746,17.32519,0.50000,0.33933,0.14139
163.00000,225.00000,1329.62131,5.83979,15.63857,26.38724,22.50645,0.50000,0.35004,0.35991
164.00000,300.00000,1344.76587,5.76387,15.69328,21.03361,16.99916,0.65546,0.33782,0.00840
165.00000,150.00000,1357.57788,6.95509,14.59931,32.29534,20.98359,0.50000,0.35147,0.10449
166.00000,255.00000,1356.21938,4.93538,16.63877,20.59428,17.60487,0.56409,0.30614,0.08475
167.00000,150.00000,1367.75654,4.51495,16.96168,29.63178,20.69813,0.50000,0.14673,0.12617
168.00000,215.00000,1378.74708,4.60811,16.82939,20.17990,17.22466,0.51900,0.15541,0.05405
169.00000,215.00000,1381.56744,6.19064,15.45523,33.54766,18.93934,0.50000,0.11554,0.01444
170.00000,137.00000,1384.34280,5.36834,16.11042,31.81931,18.80232,0.50000,0.22471,0.02703
171.00000,196.00000,1395.84735,6.41284,15.28851,29.37027,16.76419,0.50000,0.24054,0.06622
172.00000,128.00000,1398.41647,4.76722,16.54408,21.34848,20.03857,0.51860,0.14601,0.04959
173.00000,300.00000,1408.91396,7.77808,13.85342,17.81986,16.62192,0.55342,0.23493,0.06096
174.00000,188.00000,1394.46433,5.97268,15.45355,29.75342,19.13934,0.55977,0.29713,0.10041
175.00000,146.00000,1404.68819,4.11538,17.14480,27.72059,21.83484,0.50000,0.14253,0.03507
176.00000,118.00000,1416.02449,4.70010,16.93278,35.88211,15.43950,0.50000,0.15098,0.07135
177.00000,134.00000,1397.33199,4.87179,16.64372,26.81646,25.23347,0.70715,0.17139,0.10796
178.00000,300.00000,1399.85938,6.21806,15.45202,26.48722,15.77570,0.50000,0.25781,0.09994
179.00000,143.00000,1380.43953,4.70809,16.73671,29.75307,16.74898,0.51472,0.21913,0.05642
180.00000,124.00000,1396.00764,3.73390,17.55398,29.69602,17.11932,0.50000,0.21780,0.06629
181.00000,110.00000,1398.54191,5.46315,16.02750,31.10011,14.67657,0.50000,0.18812,0.03850
182.00000,300.00000,1408.14728,6.63844,14.83602,25.73992,16.64247,0.70262,0.44691,0.04099
183.00000,111.00000,1416.42539,3.67429,17.57429,23.12143,16.30714,0.50857,0.17571,0.11000
184.00000,113.00000,1402.44841,5.82705,15.75033,28.23927,24.65410,0.50000,0.34200,0.11313
185.00000,119.00000,1397.44365,4.76273,16.60794,28.41853,20.48574,0.50000,0.12933,0.03564
186.00000,110.00000,1407.40760,4.93718,16.59835,36.77549,16.77343,0.50000,0.33574,0.04325
187.00000,144.00000,1416.64771,5.25572,16.06445,23.86590,17.89709,0.50000,0.30561,0.15904
188.00000,195.00000,1424.32791,4.23151,17.26609,25.53314,21.52546,0.54035,0.11335,0.05572
189.00000,163.00000,1432.65212,5.10762,16.25262,33.65396,17.85351,0.50000,0.17713,0.00598
190.00000,198.00000,1426.93682,6.29465,15.19665,29.06512,18.36750,0.50000,0.20181,0.06512
191.00000,132.00000,1439.88117,3.28894,18.06546,22.99549,16.70880,0.50000,0.21445,0.21558
192.00000,236.00000,1447.64467,4.67028,16.71362,23.15789,9.18885,0.50000,0.24845,0.03251
193.00000,193.00000,1455.78824,4.88590,16.55909,23.53138,15.89976,0.62225,0.20701,0.05297
194.00000,156.00000,1435.97369,5.18525,16.28709,28.79895,19.98859,0.50000,0.22827,0.14135
195.00000,106.00000,1445.46979,5.03655,16.34987,30.61488,22.02089,0.50000,0.27154,0.11097
196.00000,197.00000,1447.38234,6.12546,15.44347,35.47484,16.81911,0.50000,0.27061,0.14077
197.00000,145.00000,1456.13179,4.92906,16.36638,27.31681,16.37609,0.50972,0.34985,0.13703
198.00000,115.00000,1457.93357,4.61548,17.00125,31.41323,22.65044,0.50000,0.13109,0.05618
199.00000,137.00000,1465.42996,4.50837,16.84934,31.24405,16.99824,0.50000,0.23612,0.03965
200.00000,116.00000,1449.94237,4.59350,16.79907,27.69338,16.46922,0.56969,0.22648,0.03484
201.00000,125.00000,1458.27090,5.14791,16.23953,27.31152,26.51047,0.59948,0.16623,0.08901
202.00000,135.00000,1478.51938,4.88727,16.75464,29.45225,21.67241,0.50000,0.19894,0.02653
203.00000,145.00000,1458.61763,6.35200,15.11200,29.87400,19.88800,0.50300,0.20600,0.10400
204.00000,120.00000,1442.97980,3.54364,17.76376,26.87951,14.34630,0.50000,0.14801,0.04554
205.00000,159.00000,1423.82646,4.21751,17.17143,25.72903,16.63134,0.62719,0.16313,0.04055
206.00000,89.00000,1430.88116,3.71724,17.48276,26.15000,26.05172,0.50000,0.11207,0.01379
207.00000,173.00000,1439.15643,5.00575,16.41762,17.14655,20.80651,0.53831,0.41667,0.20211
208.00000,114.00000,1424.51369,5.83934,15.90582,24.65097,22.78809,0.50000,0.36288,0.23961
209.00000,181.00000,1432.70689,4.73317,16.79551,16.23441,20.18703,0.70324,0.18828,0.06608
210.00000,300.00000,1415.00614,6.33826,15.11498,27.95563,16.15029,0.74905,0.40219,0.09828
211.00000,222.00000,1397.51432,7.70089,13.83104,26.85610,19.53840,0.76758,0.48019,0.00000
212.00000,113.00000,1405.10197,4.74662,16.74212,34.66441,19.47185,0.50000,0.43806,0.17905
213.00000,129.00000,1392.37686,4.60705,16.80567,35.06277,19.61221,0.50000,0.06191,0.02150
214.00000,171.00000,1406.15956,5.43644,16.23911,28.74133,15.99022,0.50000,0.29422,0.03467
215.00000,112.00000,1427.40119,3.75032,17.51358,27.61837,30.65847,0.50000,0.03234,0.02329
216.00000,86.00000,1429.45611,6.82270,14.79574,32.58156,15.48936,0.50000,0.42979,0.10071
217.00000,215.00000,1409.75524,5.42651,15.97831,21.59679,20.62892,0.50321,0.23052,0.22410
218.00000,201.00000,1418.97684,5.22191,16.03116,26.13787,21.85930,0.68036,0.30595,0.28801
219.00000,177.00000,1426.98937,4.05032,17.25000,27.91454,14.50639,0.50000,0.24201,0.18530
220.00000,134.00000,1413.75365,4.84681,16.81064,30.02234,23.59043,0.64043,0.12021,0.04787
221.00000,149.00000,1421.13635,6.51484,14.87532,32.00933,18.38762,0.54750,0.30704,0.05344
222.00000,112.00000,1429.55216,5.07103,16.67531,32.24577,22.06652,0.81962,0.26607,0.09808
223.00000,300.00000,1438.72122,4.89530,16.43624,19.55839,20.18456,0.67315,0.23758,0.12215
224.00000,229.00000,1446.55442,5.61563,15.69699,20.65727,11.44202,0.50000,0.28059,0.17361
225.00000,300.00000,1432.77873,5.59639,15.99584,25.36269,20.32594,0.65014,0.12968,0.03745
226.00000,300.00000,1439.34818,5.54300,16.00284,25.37171,23.27719,0.58493,0.18763,0.07534
227.00000,144.00000,1426.08904,5.39502,15.83009,25.79221,17.75866,0.55087,0.49567,0.15368
228.00000,295.00000,1412.13354,6.21356,15.20849,25.12294,16.82826,0.60583,0.33460,0.11407
229.00000,179.00000,1425.58290,3.09114,18.12210,23.96819,17.60447,0.50000,0.14531,0.11780
230.00000,101.00000,1439.07293,4.07675,17.33114,33.62281,18.89474,0.50000,0.20724,0.15351
231.00000,300.00000,1450.87724,6.09586,15.50427,22.96192,17.12147,0.72653,0.26658,0.07814
232.00000,138.00000,1463.20566,5.32146,15.96351,23.05908,19.10078,0.50000,0.14075,0.06777
233.00000,127.00000,1473.68338,4.54265,16.86730,24.24763,15.84242,0.57998,0.26896,0.15640
234.00000,70.00000,1483.41256,4.80259,16.55016,37.05825,12.62460,0.50000,0.34142,0.06958
235.00000,125.00000,1488.45251,4.46609,16.98385,30.82670,21.73197,0.66954,0.16254,0.06136
236.00000,130.00000,1499.07018,6.45184,15.11473,27.33144,26.20680,0.96530,0.23513,0.05666
237.00000,155.00000,1505.05868,4.59734,16.75541,32.07238,17.91514,0.50749,0.26705,0.02829
238.00000,235.00000,1484.81193,4.59517,16.75514,18.72475,21.14745,0.65192,0.15550,0.00715
239.00000,170.00000,1491.23277,5.30955,16.19095,24.61910,22.38995,0.62462,0.30352,0.09749
240.00000,168.00000,1476.12383,5.34016,15.99055,26.04803,13.45984,0.50000,0.39213,0.10472
241.00000,115.00000,1481.18424,4.26695,17.08616,21.81497,21.11299,0.90113,0.30226,0.14972
242.00000,300.00000,1487.50835,6.11573,15.31670,19.18295,14.27581,0.61469,0.25295,0.08801
243.00000,120.00000,1470.99594,4.18499,17.28072,30.07245,19.12031,0.53040,0.10349,0.07115
244.00000,300.00000,1482.31125,5.92197,15.76397,18.92389,17.06455,0.61079,0.33044,0.15511
245.00000,144.00000,1475.64285,5.48885,16.00186,28.11152,14.89591,0.51626,0.37361,0.13476
246.00000,72.00000,1488.38548,4.97170,16.44969,33.32547,13.99686,0.50000,0.33962,0.07233
247.00000,113.00000,1495.12047,3.98815,17.44289,31.30496,19.78233,0.50000,0.23707,0.07004
248.00000,208.00000,1504.85459,6.04586,15.46853,20.84622,24.89568,0.69110,0.13849,0.04496
249.00000,131.00000,1515.13591,4.88168,16.71309,32.04817,20.64084,0.54712,0.22723,0.03979
250.00000,181.00000,1501.55018,5.00076,16.62129,32.18859,20.80152,0.52433,0.20837,0.02053
251.00000,115.00000,1487.68570,6.05371,15.59082,36.43262,21.98340,0.50000,0.15820,0.04688
252.00000,176.00000,1473.05402,5.51802,15.84074,28.63537,19.76949,0.50000,0.18944,0.17603
253.00000,209.00000,1479.64686,6.08500,15.28833,24.25583,16.47917,0.71917,0.32250,0.01500
254.00000,150.00000,1492.18354,4.37518,17.00661,33.22320,12.19310,0.50000,0.33847,0.02863
255.00000,300.00000,1477.95227,5.75528,15.74354,21.28286,17.85563,0.64261,0.33275,0.10563
256.00000,246.00000,1491.29668,5.07688,16.31567,24.44321,16.55096,0.50000,0.23471,0.11590
257.00000,109.00000,1497.69694,5.64771,15.85872,38.65138,19.46881,0.50000,0.34954,0.02018
258.00000,165.00000,1504.18624,4.44217,16.97242,29.19662,21.22776,0.54982,0.10142,0.02580
259.00000,195.00000,1510.06077,6.30854,15.20411,25.08703,14.98892,0.50000,0.31250,0.16456
260.00000,133.00000,1489.26558,4.61118,16.60999,20.71106,21.12010,0.50000,0.22592,0.13555
261.00000,179.00000,1499.22258,6.22006,15.19362,24.87558,17.98289,0.60420,0.27216,0.08865
262.00000,120.00000,1485.34111,4.92199,16.52350,32.86090,19.59774,0.50799,0.20771,0.06955
263.00000,300.00000,1494.62533,5.56527,16.05483,27.86488,16.47324,0.57050,0.48368,0.18211
264.00000,162.00000,1506.05988,4.90128,16.47349,25.41773,20.87294,0.51554,0.24954,0.04570
265.00000,90.00000,1492.46668,4.30785,16.96074,21.09091,21.69421,0.53512,0.07438,0.06612
266.00000,108.00000,1479.85238,5.35766,16.01773,32.92179,20.57664,0.50000,0.33785,0.01668
267.00000,99.00000,1460.30133,5.35552,15.88048,25.34947,19.62179,0.50000,0.28442,0.13011
268.00000,88.00000,1461.93424,5.06864,16.25325,38.33609,15.66982,0.50000,0.35858,0.02485
269.00000,58.00000,1463.55136,2.30159,18.82540,16.08889,16.61587,0.50000,0.03810,0.08571
270.00000,248.00000,1470.30245,4.92556,16.58065,25.38896,15.26303,0.58313,0.25248,0.08623
271.00000,126.00000,1458.50131,4.69241,16.84684,26.70380,23.57089,0.50000,0.15949,0.13291
272.00000,300.00000,1465.08702,4.58130,16.84578,20.96301,16.07537,0.63050,0.13747,0.05024
273.00000,157.00000,1450.79584,4.94011,16.62460,26.42353,21.46631,0.50000,0.27166,0.16578
274.00000,112.00000,1436.23500,6.73426,14.98292,31.38527,16.89541,0.50000,0.41515,0.13234
275.00000,300.00000,1423.47897,5.50000,15.87097,22.49758,16.92661,0.69234,0.18952,0.05161
276.00000,173.00000,1438.00298,4.48582,16.85954,22.70232,18.81701,0.62113,0.12500,0.03866
277.00000,96.00000,1433.18385,4.05445,17.31740,30.91368,20.25631,0.50000,0.33068,0.15007
278.00000,170.00000,1422.33409,5.43780,16.04094,21.17795,24.04409,0.55984,0.34173,0.45984
279.00000,122.00000,1437.17563,6.88052,14.76364,28.30649,21.45974,0.50000,0.38312,0.08182
280.00000,300.00000,1420.06303,6.76698,14.57524,13.20292,12.27687,0.62726,0.41015,0.09286
281.00000,216.00000,1403.58051,4.42213,16.79130,19.27194,15.81660,0.76324,0.14862,0.04032
282.00000,226.00000,1412.55931,3.96341,17.31301,18.30569,15.49350,0.52276,0.09431,0.10407
283.00000,143.00000,1420.74396,3.52447,17.64115,20.59724,18.02886,0.73588,0.22836,0.17440
284.00000,191.00000,1411.24907,4.26970,16.95451,21.09586,17.95045,0.56296,0.19821,0.08367
285.00000,231.00000,1419.46028,4.45056,17.01323,23.49025,15.40181,0.50000,0.24721,0.17270
286.00000,153.00000,1427.61414,6.26676,15.00143,26.45934,21.72753,0.60271,0.38944,0.28531
287.00000,300.00000,1441.67069,7.15722,14.30412,17.03608,18.71778,0.61823,0.29124,0.13080
288.00000,300.00000,1428.85464,5.60644,15.99934,20.62418,17.68068,0.50000,0.33246,0.17477
289.00000,196.00000,1441.21904,4.07605,17.36793,18.79445,18.71942,0.64697,0.16238,0.07811
290.00000,124.00000,1452.71021,3.78601,17.55967,24.99074,18.29012,0.50000,0.16564,0.03807
291.00000,164.00000,1438.79644,5.06431,16.37647,27.38980,15.46510,0.50000,0.20863,0.06118
292.00000,139.00000,1445.63021,5.93569,15.49115,29.63094,23.20969,0.50000,0.21622,0.09506
293.00000,197.00000,1457.38337,4.49961,17.08314,27.70241,18.44444,0.54040,0.18648,0.08236
294.00000,300.00000,1459.00400,7.33520,14.09017,21.33520,12.55659,0.54571,0.40858,0.09266
295.00000,215.00000,1445.32450,4.42512,17.07571,24.53411,19.18968,0.71423,0.08153,0.03577
296.00000,300.00000,1440.85484,6.43767,15.14812,22.54491,14.84249,0.61160,0.33311,0.06300
297.00000,267.00000,1424.39132,6.23511,15.12672,18.24809,15.70458,0.85305,0.40076,0.08473
298.00000,160.00000,1407.31644,4.12135,17.12888,22.47601,15.46566,0.50000,0.21825,0.06867
299.00000,163.00000,1416.52108,4.52866,16.91008,28.47332,19.87451,0.58399,0.16206,0.20652
300.00000,300.00000,1431.65142,5.39241,16.03638,20.00077,16.24149,0.73375,0.30728,0.06424
301.00000,300.00000,1444.49470,5.36364,16.06061,22.63853,23.29437,0.63582,0.32359,0.04004
302.00000,149.00000,1445.31398,3.81582,17.47021,27.52004,15.15926,0.60834,0.16685,0.06176
303.00000,138.00000,1433.23400,4.54315,16.73909,32.31168,15.58173,0.50000,0.18680,0.03756
304.00000,155.00000,1428.14139,5.73620,15.82450,22.79581,17.28035,0.66004,0.25055,0.06623
305.00000,226.00000,1441.03637,5.52514,15.87703,28.70456,17.80742,0.52668,0.21810,0.04640
306.00000,218.00000,1453.14818,5.94314,15.44807,22.20773,11.32752,0.51744,0.40713,0.11676
307.00000,115.00000,1460.57476,4.58487,16.61345,28.97143,22.97143,0.50000,0.14790,0.01513
308.00000,138.00000,1473.63901,5.20559,16.07151,23.17989,12.03352,0.50000,0.35754,0.19106
309.00000,175.00000,1462.06215,4.54854,16.64750,21.24128,15.64090,0.50990,0.19039,0.13289
310.00000,210.00000,1475.13714,4.31414,17.05236,23.05410,20.68499,0.60646,0.18674,0.05585
311.00000,76.00000,1487.30825,4.18124,17.06041,20.67727,12.81876,0.50000,0.23052,0.05405
312.00000,147.00000,1473.25738,4.73616,16.56661,25.97232,14.56747,0.50000,0.23702,0.14187
313.00000,217.00000,1483.16783,4.69040,16.89570,23.70447,15.00911,0.51407,0.30050,0.10265
314.00000,172.00000,1494.95231,4.30526,17.21340,22.47560,15.62871,0.59474,0.46220,0.14928
315.00000,235.00000,1504.90341,5.89502,15.85574,26.54154,20.79909,0.84856,0.26737,0.02946
316.00000,300.00000,1510.85837,6.50758,15.08296,18.45495,20.89474,0.60839,0.25870,0.07226
317.00000,152.00000,1496.16683,5.54167,15.88826,29.70360,21.54072,0.53504,0.33996,0.00758
318.00000,124.00000,1493.87593,5.26809,16.12946,33.04893,18.71662,0.55199,0.43323,0.13048
319.00000,195.00000,1476.22336,4.57829,16.92349,25.38167,17.21441,0.59164,0.08541,0.00267
320.00000,300.00000,1483.20365,6.21672,15.45226,22.05993,19.84808,0.66690,0.44390,0.11986
321.00000,161.00000,1469.95056,5.89364,15.55260,18.97803,26.17688,0.67052,0.27399,0.09711
322.00000,229.00000,1457.19015,6.42196,15.02980,23.69020,13.93882,0.51176,0.17490,0.01961
323.00000,129.00000,1469.44229,4.71263,16.65036,36.74911,15.41103,0.50000,0.12100,0.03737
324.00000,179.00000,1480.71886,3.89262,17.33689,26.54508,19.95820,0.65656,0.05164,0.02541
325.00000,106.00000,1491.62548,6.18644,15.36497,35.04746,22.87684,0.50000,0.27345,0.07232
326.00000,228.00000,1497.33693,5.84996,15.59645,24.54545,14.35625,0.51552,0.36068,0.04730
327.00000,300.00000,1503.28213,5.60101,15.88852,16.28332,22.33613,0.77326,0.23051,0.04191
328.00000,88.00000,1489.09421,5.26026,16.18077,31.70769,18.41154,0.50000,0.31538,0.01923
329.00000,79.00000,1475.47127,4.97083,16.37925,23.90276,22.15235,0.71718,0.03728,0.00000
330.00000,126.00000,1486.17157,5.25325,16.32132,32.18218,14.63163,0.50000,0.33233,0.14314
331.00000,142.00000,1468.53531,4.32018,17.09083,29.69174,16.29450,0.51101,0.24404,0.01743
332.00000,300.00000,1479.52608,6.02736,15.31658,21.56616,14.85204,0.59827,0.32607,0.08934
333.00000,207.00000,1480.92006,5.74440,15.82383,24.48676,25.38900,0.55550,0.31874,0.12729
334.00000,193.00000,1478.39555,5.42128,16.02606,20.70575,20.32465,0.75787,0.32682,0.07926
335.00000,85.00000,1465.27403,4.60446,16.85515,25.55850,16.47911,0.50000,0.28969,0.05850
336.00000,128.00000,1453.34740,4.40848,16.91636,30.53333,22.81818,0.50000,0.15879,0.11515
337.00000,141.00000,1464.37347,4.86452,16.66290,30.72339,13.95000,0.50000,0.31371,0.06129
338.00000,131.00000,1450.80417,4.03887,17.24531,27.46515,21.61528,0.61394,0.05228,0.04692
339.00000,234.00000,1460.92619,5.27971,16.02152,21.53074,19.76127,0.74436,0.13730,0.05635
340.00000,300.00000,1455.32448,6.11595,15.49262,22.19044,12.82994,0.50246,0.14055,0.15531
341.00000,174.00000,1439.30083,6.70890,15.00290,28.28046,16.80754,0.54787,0.48162,0.14313
342.00000,117.00000,1457.48989,2.91300,18.24258,24.38280,16.90890,0.50000,0.27738,0.11259
343.00000,300.00000,1445.37527,5.38070,16.21466,22.87360,19.76589,0.65782,0.26328,0.11144
344.00000,96.00000,1457.73004,3.76260,17.60080,32.29045,26.51724,0.50000,0.07958,0.02918
345.00000,146.00000,1444.03202,3.37875,17.74625,17.46375,19.47250,0.72375,0.19375,0.03375
346.00000,183.00000,1427.66077,6.12048,15.55422,21.68916,23.18313,0.63614,0.17711,0.07952
347.00000,174.00000,1422.85766,5.61710,15.75219,25.38192,25.24976,0.76190,0.14869,0.10496
348.00000,122.00000,1407.59431,4.68884,16.67963,30.02764,16.79222,0.67554,0.29785,0.12487
349.00000,161.00000,1392.35508,6.20343,15.31373,22.27696,21.82843,0.66054,0.58088,0.46691
350.00000,300.00000,1405.79129,6.48885,14.97584,15.70539,17.58364,0.55762,0.32993,0.13848
351.00000,189.00000,1419.05870,4.58795,16.88437,28.24247,16.54029,0.50000,0.11002,0.07568
352.00000,132.00000,1427.52167,4.08393,17.29976,26.78177,22.64748,0.70324,0.11511,0.01199
353.00000,204.00000,1438.53318,5.85730,15.67724,25.39977,21.77123,0.63080,0.27067,0.13024
354.00000,127.00000,1427.17497,3.96247,17.42826,24.63245,14.09161,0.50000,0.24393,0.18985
355.00000,153.00000,1417.00852,4.94295,16.47686,27.06566,23.73735,0.71905,0.10872,0.03229
356.00000,112.00000,1435.50191,5.82273,15.75643,30.03383,16.23816,0.61164,0.25846,0.05413
357.00000,182.00000,1418.87984,6.42724,14.79412,25.00000,15.84288,0.50000,0.20743,0.08359
358.00000,300.00000,1403.20628,5.01307,16.34510,20.69935,19.79542,0.66797,0.15817,0.13007
359.00000,115.00000,1414.61113,5.46555,16.11273,28.44572,11.77035,0.50000,0.48121,0.05950
360.00000,119.00000,1404.52512,4.02861,17.18524,23.45030,16.98795,0.55572,0.17771,0.02711
361.00000,214.00000,1406.56327,5.69078,15.72423,22.95631,14.00614,0.69625,0.47235,0.06826
362.00000,271.00000,1392.14944,4.94221,16.45310,19.28559,16.19849,0.67546,0.33668,0.15745
363.00000,132.00000,1405.03581,3.49953,17.85607,25.66416,17.21167,0.50000,0.18062,0.06491
364.00000,150.00000,1390.30913,5.87242,15.73994,29.32581,23.72816,0.78999,0.18351,0.00491
365.00000,300.00000,1401.81684,5.01678,16.39888,18.70363,18.86580,0.58574,0.20876,0.12768
366.00000,197.00000,1388.17015,6.17692,15.26462,28.08692,16.84308,0.65692,0.34385,0.01846
367.00000,208.00000,1378.91309,4.34477,16.93682,24.11282,18.97112,0.65072,0.16426,0.02256
368.00000,197.00000,1368.92785,5.03712,16.40076,29.78939,24.63182,0.72235,0.28030,0.01136
369.00000,300.00000,1360.29056,6.99533,14.54432,20.95490,25.58631,0.59292,0.19129,0.06687
370.00000,165.00000,1352.62202,6.61372,14.97483,35.50694,20.01215,0.50911,0.35417,0.09028
371.00000,137.00000,1342.13906,5.62739,15.92251,32.33121,20.53185,0.61518,0.21125,0.06263
372.00000,166.00000,1356.78604,4.82803,16.61894,32.24091,22.08106,0.50000,0.14167,0.13258
373.00000,169.00000,1347.85534,4.59436,16.77724,22.12549,12.64494,0.53745,0.23249,0.14591
374.00000,300.00000,1357.47546,5.61237,16.01056,21.58371,24.46983,0.56787,0.17421,0.04600
375.00000,125.00000,1371.17141,4.77396,16.43646,28.96979,15.00521,0.51875,0.33958,0.07396
376.00000,292.00000,1385.50911,6.82244,14.56832,24.06469,20.58482,0.54323,0.16832,0.08647
377.00000,94.00000,1394.20369,4.68876,16.63689,33.20317,22.93804,0.54035,0.15130,0.00288
378.00000,141.00000,1402.36240,4.86915,16.59043,25.98298,18.43404,0.65957,0.25532,0.16170
379.00000,269.00000,1390.65617,5.82707,15.77396,27.02850,16.94236,0.53951,0.38990,0.14443
380.00000,268.00000,1398.90733,6.06542,15.38893,27.44285,20.66211,0.65421,0.20201,0.04457
381.00000,213.00000,1412.43211,4.48235,16.89340,22.71686,17.92738,0.50000,0.11792,0.06063
382.00000,114.00000,1397.16128,4.76862,16.77540,35.86343,18.36456,0.50000,0.26072,0.04289
383.00000,181.00000,1408.20819,4.02926,17.43130,24.16158,22.36260,0.63677,0.14377,0.11705
384.00000,111.00000,1416.12942,4.92215,16.69627,27.71491,22.25329,0.59923,0.29167,0.04496
385.00000,90.00000,1400.99312,6.20550,15.28964,30.03398,24.26699,0.51618,0.13916,0.00324
386.00000,300.00000,1409.33602,5.65526,15.78337,25.83099,17.71160,0.78001,0.21663,0.02549
387.00000,244.00000,1394.22035,5.12239,16.27403,25.85552,14.42746,0.61045,0.27284,0.05373
388.00000,143.00000,1385.37030,4.51066,16.94717,26.97776,18.57831,0.50000,0.37349,0.22150
389.00000,95.00000,1394.84938,4.43280,16.87546,28.83231,14.19975,0.50000,0.27250,0.04562
390.00000,196.00000,1396.95223,5.19569,16.08741,25.11872,17.37182,0.50000,0.23288,0.03783
391.00000,241.00000,1405.18578,5.24248,16.15133,22.35856,23.25967,0.77042,0.23732,0.07223
392.00000,184.00000,1414.58206,6.09225,15.33395,22.49723,28.55258,0.60424,0.23893,0.08303
393.00000,141.00000,1403.60546,4.94124,16.58660,30.22371,17.45773,0.66546,0.20103,0.03711
394.00000,265.00000,1392.77223,6.82455,14.56919,21.47776,16.51400,0.64044,0.50329,0.15568
395.00000,121.00000,1400.88051,4.28422,17.03971,28.78892,17.69070,0.50000,0.16823,0.04807
396.00000,128.00000,1389.72792,3.78981,17.57452,22.67389,16.40892,0.50000,0.35032,0.24076
397.00000,104.00000,1403.75251,5.32939,16.10334,35.95694,20.52745,0.50000,0.28310,0.02799
398.00000,222.00000,1414.74143,6.19306,15.47756,26.51736,16.22269,0.69390,0.47502,0.04996
399.00000,107.00000,1427.22783,5.94790,15.46693,32.74749,19.73547,0.50000,0.18136,0.08116
400.00000,197.00000,1439.14704,6.20523,15.51758,29.90106,16.03107,0.61570,0.56827,0.01554
401.00000,300.00000,1448.38093,7.23125,14.19219,19.43828,15.36016,0.59961,0.46172,0.10312
402.00000,130.00000,1455.04920,4.01524,17.35264,25.21341,19.92175,0.56453,0.04980,0.04980
403.00000,135.00000,1455.00749,3.69989,17.64213,24.43035,14.72820,0.50000,0.20838,0.14723
404.00000,159.00000,1449.78042,4.50885,16.89935,29.97484,19.18267,0.65937,0.06897,0.06803
405.00000,107.00000,1461.10210,2.73645,18.53985,26.59724,10.63656,0.50000,0.12646,0.05632
406.00000,107.00000,1467.25937,4.39934,17.00990,33.36524,14.29153,0.50000,0.36524,0.03190
407.00000,300.00000,1484.03253,5.68204,15.75373,19.17814,12.86728,0.50213,0.27324,0.07310
408.00000,128.00000,1495.23433,4.90665,16.66416,26.89914,19.26824,0.66738,0.17060,0.12661
409.00000,171.00000,1491.35565,4.83170,16.54423,24.25799,18.53563,0.58845,0.30467,0.11302
410.00000,256.00000,1497.33733,5.85770,15.62549,24.73260,21.99218,0.55395,0.17514,0.06020
411.00000,118.00000,1483.43761,4.62889,16.86426,29.07970,22.54172,0.62765,0.18431,0.09963
412.00000,113.00000,1489.00452,4.29213,17.16372,25.31942,17.74318,0.52568,0.17014,0.14286
413.00000,186.00000,1476.78558,5.86259,15.71011,24.04255,18.15780,0.65071,0.25355,0.06738
414.00000,136.00000,1462.46696,4.85577,16.52115,28.54135,17.32115,0.50000,0.22692,0.11923
415.00000,135.00000,1472.77449,3.62599,17.77188,25.29355,16.59328,0.54023,0.19805,0.05747
416.00000,76.00000,1482.24970,3.24094,18.05197,27.74331,11.04094,0.50000,0.28031,0.13386
417.00000,148.00000,1490.35961,5.28671,16.11295,28.81321,16.37880,0.50000,0.31885,0.08949
418.00000,93.00000,1495.75568,4.51087,16.99185,29.45924,14.16168,0.50000,0.31522,0.06386
419.00000,202.00000,1496.96068,4.71739,16.92174,27.70145,16.27971,0.50000,0.25725,0.12826
420.00000,117.00000,1504.39464,5.28351,16.22758,34.41369,15.55641,0.50000,0.29701,0.05400
421.00000,119.00000,1511.40825,4.10941,17.24588,27.64118,12.31647,0.50000,0.26824,0.07294
422.00000,172.00000,1518.03722,5.19147,16.09070,28.30000,20.51550,0.50000,0.18140,0.08062
423.00000,222.00000,1523.39111,5.78799,15.62446,22.89146,16.50145,0.50000,0.33575,0.11577
424.00000,166.00000,1532.89087,5.34633,16.32183,31.72049,23.81180,0.61860,0.19154,0.04566
425.00000,148.00000,1540.67362,4.53079,16.81684,33.33359,13.62588,0.59704,0.33671,0.03819
426.00000,79.00000,1526.17360,4.93314,16.55523,31.33866,20.65552,0.50000,0.23692,0.02180
427.00000,300.00000,1535.29238,5.61257,15.86722,26.80500,17.11033,0.65170,0.37524,0.04233
428.00000,138.00000,1543.42292,4.38376,16.95326,26.19065,26.92743,0.57196,0.17835,0.07995
429.00000,83.00000,1550.66647,5.34748,15.93103,32.66048,19.57825,0.50000,0.22281,0.04244
430.00000,168.00000,1533.19283,4.96413,16.45561,24.27534,20.95247,0.50000,0.21435,0.18744
431.00000,234.00000,1541.33206,4.68070,16.80201,27.42112,14.82590,0.69170,0.09177,0.03457
432.00000,185.00000,1548.99291,5.93393,15.59462,29.55302,18.10440,0.82504,0.46574,0.15416
433.00000,99.00000,1554.46875,4.83137,16.60259,34.33962,23.32665,0.68868,0.00354,0.00236
434.00000,165.00000,1558.81417,5.44950,16.01002,29.33308,14.07479,0.50000,0.31226,0.16885
435.00000,137.00000,1540.81819,5.27669,16.22153,26.81940,14.67527,0.50000,0.19662,0.05872
436.00000,300.00000,1551.04967,5.12281,16.40491,19.61123,21.62737,0.50702,0.10947,0.08211
437.00000,161.00000,1560.63679,4.16469,17.19104,23.83136,20.52964,0.54348,0.25692,0.27404
438.00000,125.00000,1563.70554,5.29548,16.13431,28.02564,19.77411,0.57814,0.36386,0.19536
439.00000,138.00000,1548.64170,4.06310,17.27500,24.85238,18.19286,0.55417,0.30000,0.20000
440.00000,188.00000,1534.42348,3.90424,17.38932,25.55651,16.85165,0.50000,0.15699,0.10675
441.00000,141.00000,1543.18490,4.22080,17.36457,27.66752,20.93453,0.50000,0.14891,0.00513
442.00000,145.00000,1549.47530,5.29228,16.06157,31.32346,18.71785,0.58769,0.20109,0.00546
443.00000,196.00000,1532.52526,4.81739,16.65291,31.34021,22.42964,0.50000,0.09506,0.08881
444.00000,141.00000,1539.80835,5.65468,15.94880,29.56972,16.12963,0.63780,0.40959,0.13834
445.00000,201.00000,1544.06144,5.35338,16.05345,25.12472,16.79287,0.62695,0.19525,0.07201
446.00000,136.00000,1552.52758,5.98330,15.42380,33.75052,22.78914,0.67328,0.20355,0.00731
447.00000,135.00000,1557.75126,5.03897,16.40821,25.58564,13.48513,0.55487,0.37641,0.13026
448.00000,85.00000,1542.39405,3.48419,17.56324,17.52767,16.23518,0.50000,0.27866,0.33202
449.00000,203.00000,1550.64473,6.48451,14.89071,21.81153,21.93546,0.50000,0.35714,0.23580
450.00000,128.00000,1535.68277,4.92000,16.58857,34.39714,18.95048,0.60000,0.14381,0.07048
451.00000,86.00000,1540.95606,4.44092,16.77810,25.62248,16.11095,0.50000,0.32853,0.09510
452.00000,288.00000,1545.17007,6.63840,14.99116,29.42768,18.38710,0.64334,0.17378,0.05047
453.00000,270.00000,1546.07134,4.90674,16.42001,24.07284,14.67665,0.68346,0.19809,0.01021
454.00000,162.00000,1553.54110,4.57944,16.90994,29.89125,16.67969,0.54928,0.28122,0.10195
455.00000,214.00000,1535.84409,6.09481,15.28997,24.16678,18.32249,0.56505,0.16055,0.12180
456.00000,152.00000,1540.02894,4.58403,16.92647,26.22059,19.06618,0.54517,0.14916,0.08193
457.00000,188.00000,1544.24945,4.17888,17.16379,23.71552,18.10991,0.67295,0.10022,0.03664
458.00000,107.00000,1530.53681,4.76447,16.56974,27.86974,19.26842,0.63816,0.31842,0.09079
459.00000,80.00000,1513.31345,3.30934,18.03675,28.18989,12.13629,0.50000,0.20521,0.07504
460.00000,208.00000,1522.37684,4.71189,16.82442,26.76776,15.98883,0.58300,0.18915,0.01516
461.00000,300.00000,1530.89166,7.19574,14.42342,20.25880,20.74939,0.67854,0.18428,0.04423
462.00000,250.00000,1516.60127,4.98494,16.49059,30.90276,16.94103,0.51913,0.15433,0.07215
463.00000,146.00000,1503.45630,5.29605,16.13962,31.67471,11.09137,0.50000,0.37500,0.04313
464.00000,300.00000,1487.16683,6.87479,14.62109,19.71334,17.59720,0.71952,0.21582,0.04448
465.00000,165.00000,1495.90919,5.91551,15.52982,23.00795,24.09443,0.55368,0.37475,0.29622
466.00000,137.00000,1482.85010,4.82941,16.70999,37.41105,16.41430,0.50000,0.28838,0.07149
467.00000,156.00000,1492.74144,4.21131,17.10672,23.69691,15.10032,0.50000,0.31804,0.21878
468.00000,152.00000,1493.93288,6.07296,15.54767,28.80837,17.15272,0.50000,0.29669,0.23541
469.00000,151.00000,1505.38327,3.86712,17.51088,23.78923,20.45475,0.80241,0.13517,0.07904
470.00000,300.00000,1513.78136,5.51808,15.97444,21.20698,15.44825,0.56889,0.18080,0.03367
471.00000,300.00000,1504.14218,7.32442,14.29891,26.17375,20.12758,0.67922,0.20352,0.05164
472.00000,183.00000,1491.93598,5.01020,16.33490,27.80706,15.76549,0.58863,0.29961,0.05647
473.00000,96.00000,1502.85709,5.54197,15.92806,36.65588,17.30935,0.50000,0.22182,0.07794
474.00000,174.00000,1515.29960,4.68079,16.82056,28.96303,17.00000,0.61317,0.17042,0.04148
475.00000,162.00000,1516.34914,4.55106,16.89007,33.20922,18.46454,0.50000,0.12482,0.12695
476.00000,300.00000,1503.99236,6.19607,15.40721,23.96918,16.47672,0.50459,0.28984,0.18885
477.00000,300.00000,1509.59112,5.97750,15.42616,18.62799,15.52602,0.53973,0.24473,0.06962
478.00000,157.00000,1517.58717,4.48211,17.04076,27.88072,15.79225,0.60934,0.20378,0.02386
479.00000,296.00000,1515.37924,4.85214,16.58479,23.40374,14.44961,0.54919,0.11648,0.06457
480.00000,126.00000,1505.65152,4.57369,16.97033,32.71612,18.03660,0.50000,0.24530,0.06330
481.00000,180.00000,1517.88299,6.28786,15.22556,25.35875,16.66273,0.60365,0.50806,0.12782
482.00000,148.00000,1523.75290,4.05370,17.26667,28.84352,16.45278,0.50000,0.17130,0.10463
483.00000,140.00000,1507.24526,4.66588,16.68941,26.35059,18.43294,0.50000,0.36471,0.24824
484.00000,300.00000,1515.48843,4.78174,16.86174,21.20522,18.35130,0.57913,0.21565,0.10348
485.00000,118.00000,1524.90766,5.96531,15.43673,31.14082,16.70918,0.50000,0.20612,0.10306
486.00000,170.00000,1532.40277,4.46602,16.95631,19.63956,22.17112,0.74454,0.24393,0.06068
487.00000,154.00000,1537.39819,5.40336,15.88475,26.93157,23.79712,0.68788,0.17407,0.08163
488.00000,300.00000,1523.06838,6.96963,14.56218,25.87908,20.80917,0.55129,0.07335,0.07049
489.00000,150.00000,1509.57968,5.45659,15.87640,23.19714,20.71399,0.65577,0.31154,0.04086
490.00000,67.00000,1518.82124,4.29053,17.13644,30.23917,17.54896,0.50000,0.28571,0.08507
491.00000,262.00000,1530.22243,6.08872,15.35231,30.68051,16.50154,0.50000,0.21744,0.10103
492.00000,240.00000,1538.25324,4.99790,16.34196,25.74545,19.93217,0.57937,0.16573,0.07552
493.00000,154.00000,1546.67689,3.92408,17.32745,28.01534,14.57592,0.50000,0.23006,0.11887
494.00000,218.00000,1551.47464,4.50280,16.91589,26.98318,14.22991,0.50000,0.15452,0.15327
495.00000,154.00000,1555.21021,5.04907,16.42395,27.13150,21.34446,0.54858,0.15702,0.05594
496.00000,193.00000,1565.12673,5.21053,16.22556,28.54323,21.45207,0.61278,0.14286,0.05639
497.00000,178.00000,1548.12871,3.69562,17.71070,28.54917,14.07035,0.50000,0.11701,0.03087
498.00000,173.00000,1535.14935,5.24500,16.20686,27.28503,17.17827,0.54766,0.19638,0.04099
499.00000,181.00000,1543.10477,6.43945,15.08478,28.35986,20.26125,0.57353,0.22318,0.00000
500.00000,148.00000,1529.29794,5.01673,16.59350,29.50886,22.35039,0.68750,0.08661,0.03937
501.00000,300.00000,1516.09709,7.24295,14.22293,16.54322,18.94813,0.61056,0.19472,0.02366
502.00000,133.00000,1503.07311,5.98319,15.49486,29.20915,19.73576,0.50000,0.30719,0.10644
503.00000,146.00000,1501.04995,4.78884,16.81545,33.51588,9.98884,0.50000,0.32189,0.07296
504.00000,164.00000,1506.74721,4.00116,17.25116,21.74074,18.38426,0.57407,0.19444,0.07176
505.00000,178.00000,1515.51515,5.04137,16.43548,29.93128,16.82468,0.51473,0.21459,0.04137
506.00000,218.00000,1524.23262,4.47646,17.05438,26.27760,20.28490,0.73904,0.12338,0.03653
507.00000,142.00000,1534.13360,5.38983,16.06680,32.43569,16.52044,0.59870,0.28614,0.05683
508.00000,178.00000,1538.35716,4.20510,17.23651,21.33955,16.98234,0.86408,0.14328,0.09323
509.00000,110.00000,1526.28860,4.46144,16.96144,30.83777,21.96011,0.57580,0.12633,0.06117
510.00000,238.00000,1530.66242,5.17125,16.44609,24.57294,14.87667,0.57787,0.28612,0.06272
511.00000,300.00000,1519.00998,5.46307,15.94996,25.55997,18.07625,0.69301,0.33280,0.00159
512.00000,299.00000,1524.51639,6.52998,14.92233,21.93261,13.56196,0.56054,0.29754,0.06282
513.00000,129.00000,1510.71917,4.01083,17.24485,28.47671,17.75406,0.50000,0.24160,0.10726
514.00000,168.00000,1517.44586,4.81292,16.46249,20.36942,15.48623,0.50000,0.47293,0.23552
515.00000,155.00000,1523.17502,5.65330,15.93391,27.54713,22.15601,0.80390,0.10834,0.00650
516.00000,220.00000,1530.80774,5.14520,16.30424,24.04408,16.41054,0.66595,0.26188,0.14175
517.00000,260.00000,1520.07674,4.11900,17.31458,18.35886,18.94465,0.64899,0.10332,0.05627
518.00000,245.00000,1530.10242,5.35429,16.26851,25.43302,15.51469,0.65335,0.18390,0.03995
519.00000,221.00000,1517.01424,5.09402,16.47650,18.57692,15.95406,0.67361,0.29487,0.15491
520.00000,128.00000,1524.39442,5.67391,15.70652,25.44239,17.66957,0.74565,0.40217,0.06304
521.00000,243.00000,1533.97520,4.66915,16.88308,22.16501,15.56302,0.61235,0.14842,0.03814
522.00000,111.00000,1539.21684,4.02587,17.39327,27.29366,21.82536,0.50000,0.20699,0.24321
523.00000,102.00000,1546.74258,4.39350,17.05528,30.67154,22.52033,0.61545,0.06992,0.07480
524.00000,164.00000,1553.70967,4.84450,16.62073,28.11631,24.94564,0.53793,0.09735,0.04804
525.00000,187.00000,1542.36033,4.49805,16.87041,26.93130,15.49102,0.61514,0.12724,0.04684
526.00000,149.00000,1531.69663,5.88323,15.73031,25.89991,17.16497,0.50000,0.28916,0.07507
527.00000,260.00000,1540.74876,5.51297,15.86953,24.46029,17.19206,0.53444,0.30470,0.00567
528.00000,83.00000,1549.41686,3.18519,18.15123,29.48765,20.06636,0.50000,0.08025,0.02160
529.00000,179.00000,1536.21654,3.78057,17.80635,34.92664,20.83014,0.50000,0.16656,0.07931
530.00000,187.00000,1520.48885,4.96172,16.52632,29.00342,13.96036,0.50171,0.30417,0.02871
531.00000,173.00000,1525.44298,3.99187,17.43415,29.72602,16.54878,0.50000,0.25447,0.14228
532.00000,300.00000,1532.35458,5.70672,15.82767,20.37628,20.30435,0.80949,0.16838,0.02372
533.00000,198.00000,1540.22717,4.82072,16.63483,28.38428,17.58046,0.57935,0.16312,0.10140
534.00000,102.00000,1525.17015,5.12132,16.47959,34.78345,17.94444,0.50000,0.33787,0.09184
535.00000,220.00000,1529.90895,4.99868,16.42237,27.80066,20.41908,0.62007,0.17697,0.05921
536.00000,99.00000,1535.52271,4.58578,16.81377,34.97065,15.52596,0.50000,0.32280,0.04515
537.00000,114.00000,1545.85616,4.40822,16.90501,26.28498,22.63671,0.67394,0.06932,0.00000
538.00000,175.00000,1546.71617,5.48536,16.02266,31.25401,21.56941,0.73466,0.14448,0.06043
539.00000,157.00000,1533.18858,4.38953,17.18012,29.67702,20.61313,0.55324,0.17835,0.05856
540.00000,187.00000,1526.46088,5.24639,16.13859,21.09625,24.11550,0.83927,0.15784,0.02791
541.00000,300.00000,1531.59814,5.50536,16.01554,26.08950,17.86334,0.53457,0.14362,0.03162
542.00000,214.00000,1517.17954,5.38955,16.21357,27.01100,15.48029,0.68928,0.45096,0.07608
543.00000,91.00000,1516.82092,5.38472,16.39306,33.29861,22.04722,0.50000,0.26250,0.13333
544.00000,300.00000,1503.97022,7.27842,14.34432,22.73127,17.75452,0.80652,0.52842,0.00904
545.00000,71.00000,1518.70361,4.10769,17.36068,26.28205,15.53333,0.69316,0.27350,0.03932
546.00000,213.00000,1505.47118,5.79015,15.68867,20.23054,19.20985,0.72709,0.18227,0.09655
547.00000,106.00000,1514.94439,5.35368,16.27878,33.50069,21.44938,0.50000,0.13037,0.03606
548.00000,150.00000,1526.00438,5.61326,15.88177,29.33812,21.52155,0.61492,0.18785,0.01878
549.00000,194.00000,1515.73425,5.45225,15.99820,30.10180,20.96396,0.56622,0.11712,0.04505
550.00000,163.00000,1506.29545,5.27075,16.35454,31.73856,15.11016,0.50000,0.17843,0.02715
551.00000,231.00000,1495.94735,5.52467,16.07754,27.70695,21.06445,0.76485,0.22860,0.03122
552.00000,300.00000,1504.58070,4.95275,16.46154,23.60220,14.07088,0.50000,0.11813,0.08956
553.00000,227.00000,1494.60002,4.32548,17.15391,23.55004,27.72666,0.68713,0.05887,0.06056
554.00000,300.00000,1503.72098,5.57993,15.81041,16.86245,20.26859,0.69563,0.26115,0.06506
555.00000,216.00000,1489.16788,5.03183,16.48581,26.37924,15.41453,0.50000,0.16747,0.10519
556.00000,86.00000,1477.54585,4.51994,16.82866,29.89660,14.93944,0.50000,0.30576,0.05022
557.00000,232.00000,1486.44272,4.69711,16.84509,31.11561,17.51214,0.50000,0.20231,0.06590
558.00000,136.00000,1494.29916,4.64904,16.68942,27.81635,16.58654,0.50000,0.10000,0.06538
559.00000,135.00000,1502.45131,5.52347,15.82160,22.14085,20.68075,0.86502,0.06808,0.00469
560.00000,126.00000,1510.69073,5.08844,16.25131,31.31261,15.93082,0.50657,0.19089,0.00876
561.00000,300.00000,1497.90627,6.01998,15.47815,21.08614,17.55868,0.57772,0.14856,0.08240
562.00000,146.00000,1505.86651,4.21689,17.10845,24.59958,18.71116,0.77477,0.20959,0.08238
563.00000,159.00000,1517.58426,4.74363,16.60102,25.37351,17.67657,0.50000,0.23005,0.17572
564.00000,87.00000,1525.53007,3.60073,17.59341,24.97436,19.51832,0.50000,0.05861,0.00000
565.00000,149.00000,1535.72275,3.73734,17.64540,13.29081,20.37523,0.50000,0.16886,0.33583
566.00000,188.00000,1521.52090,6.49691,15.18447,29.59400,13.81200,0.53177,0.31774,0.06708
567.00000,158.00000,1509.83777,5.16277,16.07109,22.90458,16.87933,0.50000,0.28438,0.15903
568.00000,300.00000,1519.33377,5.03774,16.19587,19.35669,21.86164,0.68329,0.13567,0.07907
569.00000,300.00000,1527.42319,6.98113,14.67985,22.99939,16.97809,0.79032,0.50943,0.09191
570.00000,130.00000,1516.55137,5.18539,16.32420,30.27945,17.66758,0.50000,0.20639,0.06301
571.00000,213.00000,1513.48049,5.66509,15.93082,26.05189,14.09906,0.66509,0.38836,0.03459
572.00000,117.00000,1523.81786,5.38863,16.23697,25.31043,23.51066,0.50000,0.42773,0.35071
573.00000,132.00000,1530.86174,5.00669,16.51098,35.19962,17.72206,0.51910,0.17001,0.02961
574.00000,147.00000,1537.53312,4.44489,16.82060,29.90105,18.15849,0.50000,0.29767,0.07884
575.00000,208.00000,1547.13754,4.28859,17.02013,25.86428,17.18345,0.59247,0.13572,0.02535
576.00000,300.00000,1551.65079,5.86084,15.58631,23.47452,20.09354,0.59240,0.09962,0.01597
577.00000,134.00000,1538.60743,3.87294,17.48185,30.43812,20.70545,0.50000,0.15017,0.05776
578.00000,78.00000,1527.65671,2.89630,18.36667,22.60926,18.70556,0.63704,0.13519,0.04074
579.00000,102.00000,1536.12291,2.29461,18.91138,23.28623,16.78683,0.50000,0.08503,0.11018
580.00000,153.00000,1525.08145,5.54592,15.87449,26.38878,27.04490,0.52908,0.12653,0.07245
581.00000,129.00000,1532.54318,5.87934,15.63047,24.82504,22.12971,0.52262,0.34842,0.03771
582.00000,247.00000,1522.16249,5.06815,16.37185,25.39111,14.68519,0.75667,0.30296,0.04593
583.00000,300.00000,1510.60493,5.96717,15.44360,18.01684,16.39141,0.57407,0.30219,0.13973
584.00000,81.00000,1501.17830,3.94422,17.31076,21.23108,13.33865,0.57171,0.17928,0.09960
585.00000,121.00000,1498.57813,5.88134,15.48975,28.07120,18.31499,0.62837,0.32255,0.06149
586.00000,300.00000,1486.21487,5.25444,16.10851,17.53508,17.61272,0.73246,0.10758,0.04677
587.00000,300.00000,1494.88071,6.17746,15.27833,24.26090,15.48319,0.52864,0.46077,0.17061
588.00000,300.00000,1484.85379,6.14634,15.44912,19.39697,12.97225,0.60597,0.25063,0.02019
589.00000,192.00000,1494.16629,4.98130,16.28347,27.48542,17.78983,0.50000,0.14884,0.03665
590.00000,199.00000,1505.01596,4.20721,17.21376,25.77068,13.29484,0.50287,0.12039,0.04505
591.00000,164.00000,1516.27986,3.72727,17.85516,27.74345,15.34977,0.50000,0.15485,0.16256
592.00000,131.00000,1506.99412,5.39246,15.99083,30.50765,20.28746,0.65953,0.27931,0.06422
593.00000,97.00000,1516.53072,4.59501,16.77416,36.30293,18.73398,0.50000,0.21716,0.01520
594.00000,146.00000,1503.46400,4.17477,17.40093,31.69626,15.81869,0.50000,0.18692,0.16262
595.00000,98.00000,1509.78293,4.34139,16.90327,28.50356,14.87909,0.50000,0.27169,0.13229
596.00000,147.00000,1518.09392,3.97479,17.30612,18.08403,24.70588,0.61525,0.14406,0.06723
597.00000,192.00000,1525.89397,5.08453,16.20075,25.84151,14.67170,0.52943,0.34792,0.09811
598.00000,198.00000,1515.22461,4.03496,17.38130,23.78049,16.16585,0.54024,0.12764,0.07154
599.00000,116.00000,1525.10579,3.93252,17.39468,34.75460,14.49284,0.52914,0.19223,0.00307
600.00000,293.00000,1532.40562,6.25734,15.33397,25.26628,17.35824,0.53672,0.23244,0.04534
601.00000,141.00000,1539.59302,3.98448,17.44502,29.26261,20.82794,0.69987,0.14489,0.02975
602.00000,111.00000,1548.47230,5.68241,15.92126,32.57349,22.82940,0.58530,0.13911,0.06168
603.00000,300.00000,1538.08635,6.48698,14.86903,23.21997,16.34009,0.67475,0.22142,0.03690
604.00000,117.00000,1525.75587,5.13099,16.42113,30.53521,22.47465,0.53521,0.12535,0.06338
605.00000,217.00000,1526.41438,6.46429,15.00466,27.39907,21.71972,0.58657,0.29658,0.05590
606.00000,135.00000,1512.73962,6.68250,14.66280,26.78447,25.37428,0.60892,0.21205,0.00695
607.00000,225.00000,1523.14377,5.16510,16.19683,23.52632,17.28839,0.58363,0.17736,0.13987
608.00000,87.00000,1510.13057,4.72842,16.65288,23.42266,19.73022,0.70234,0.28417,0.16007
609.00000,231.00000,1518.94738,4.91908,16.47884,23.42539,15.18189,0.61841,0.26875,0.01262
610.00000,83.00000,1529.84675,4.32302,16.81443,24.20619,20.65979,0.50000,0.28522,0.28179
611.00000,270.00000,1517.42277,5.71047,15.84509,19.36538,18.29701,0.71528,0.32799,0.12393
612.00000,177.00000,1528.04318,5.11569,16.40140,24.59947,16.06223,0.56004,0.17090,0.02542
613.00000,140.00000,1538.04526,4.01205,17.42826,23.68018,19.30449,0.50000,0.15991,0.05915
614.00000,300.00000,1547.92547,5.36620,16.20523,17.02515,22.62676,0.84406,0.16499,0.04728
615.00000,154.00000,1555.45690,6.03801,15.34847,29.10982,24.16367,0.50370,0.11827,0.00000
616.00000,111.00000,1542.66842,4.12729,17.27638,27.44725,13.36009,0.55447,0.36927,0.09060
617.00000,300.00000,1531.90666,5.47619,15.89988,20.78266,13.34127,0.50000,0.15507,0.12332
618.00000,205.00000,1541.66283,3.97179,17.39812,22.91850,19.02038,0.74177,0.24216,0.07367
619.00000,73.00000,1551.89737,4.41237,16.86254,26.57045,22.05498,0.50000,0.42268,0.12887
620.00000,125.00000,1558.33995,3.71950,17.53820,27.73090,15.45382,0.50000,0.20296,0.09008
621.00000,156.00000,1562.74497,4.08633,17.29928,21.64604,17.43022,0.55971,0.29209,0.20719
622.00000,155.00000,1568.34599,5.00000,16.39644,25.93600,17.29156,0.61244,0.17689,0.06578
623.00000,300.00000,1555.45397,6.00649,15.37839,20.35183,12.91972,0.50000,0.23022,0.21488
624.00000,164.00000,1563.27798,5.07262,16.41820,27.49499,18.37563,0.61102,0.24124,0.03422
625.00000,172.00000,1569.83814,4.92724,16.59898,29.60914,14.74112,0.50000,0.24704,0.07614
626.00000,237.00000,1576.56010,5.67043,15.65116,31.31761,18.40266,0.55581,0.22591,0.02791
627.00000,128.00000,1580.31861,4.04192,17.27867,29.97164,22.61282,0.55857,0.07645,0.00863
628.00000,175.00000,1565.79958,3.61558,17.61818,19.18052,18.06623,0.56883,0.08442,0.02987
629.00000,176.00000,1554.20407,4.47779,16.75038,28.20827,16.50153,0.50000,0.19602,0.08040
630.00000,300.00000,1540.69473,5.47759,16.01323,20.41293,19.24688,0.82550,0.28949,0.12564
631.00000,241.00000,1547.22885,4.12097,17.28460,19.08268,18.80853,0.67929,0.14708,0.03046
632.00000,300.00000,1536.29016,5.65741,15.76296,19.68611,18.54630,0.69861,0.26296,0.02963
633.00000,194.00000,1545.85708,4.51594,16.83800,30.72999,17.58751,0.50000,0.17827,0.07938
634.00000,190.00000,1534.25981,4.75596,16.73213,26.74643,19.26787,0.61582,0.11153,0.00858
635.00000,300.00000,1539.60124,5.56815,15.92998,26.29770,16.20417,0.50000,0.23036,0.05612
636.00000,145.00000,1528.51504,5.11214,16.41872,25.78189,22.00617,0.64249,0.19136,0.11626
637.00000,300.00000,1526.87236,6.29355,15.05105,18.27888,12.32036,0.64422,0.53669,0.12253
638.00000,137.00000,1513.76896,3.42347,17.86633,22.34388,15.99286,0.51786,0.15918,0.06633
639.00000,203.00000,1501.87261,4.22697,17.00884,25.53648,17.93073,0.53206,0.14517,0.06632
640.00000,218.00000,1509.22210,4.70159,16.71298,24.98330,19.88155,0.61845,0.13895,0.06454
641.00000,300.00000,1520.46333,5.21907,16.17096,17.56701,17.39175,0.84708,0.13058,0.03265
642.00000,109.00000,1527.73931,3.76861,17.51308,16.57545,16.14085,0.52817,0.30986,0.32797
643.00000,268.00000,1517.47901,4.93258,16.56007,23.17200,20.88591,0.72947,0.13137,0.02593
644.00000,139.00000,1505.83185,3.91708,17.35664,27.18282,15.95604,0.61139,0.12887,0.01099
645.00000,114.00000,1496.09964,4.28088,17.20147,22.95441,18.79412,0.56103,0.30000,0.11912
646.00000,183.00000,1486.61041,3.87786,17.32071,28.64141,14.50882,0.50000,0.07838,0.04964
647.00000,154.00000,1472.59346,4.24135,17.15404,34.29077,15.10544,0.50000,0.14580,0.07166
648.00000,142.00000,1481.18769,4.30525,17.03419,30.63248,19.59096,0.66728,0.16117,0.03297
649.00000,194.00000,1490.79503,4.70583,16.87354,24.15874,17.30135,0.55067,0.21345,0.13274
650.00000,239.00000,1480.25127,5.45113,16.05028,23.59207,17.72521,0.54816,0.13244,0.01062
651.00000,180.00000,1472.80721,5.39302,16.14961,32.83023,14.53101,0.50000,0.22326,0.11008
652.00000,124.00000,1484.27280,5.15000,16.55000,26.79714,26.70143,0.52071,0.25000,0.17286
653.00000,300.00000,1494.01600,5.51427,15.89847,20.51891,16.42468,0.57067,0.12210,0.06437
654.00000,300.00000,1485.38669,5.40862,16.26116,24.33229,16.15265,0.51921,0.09969,0.02129
655.00000,300.00000,1496.32126,5.52516,15.80510,20.37987,15.91921,0.63466,0.17364,0.05811
656.00000,227.00000,1507.06255,4.60186,16.76465,23.42791,23.29395,0.50791,0.10140,0.09767
657.00000,179.00000,1507.18569,5.16416,16.15964,29.94729,16.23117,0.50000,0.19729,0.11145
658.00000,91.00000,1517.45377,4.63165,16.77217,24.29059,16.02592,0.50000,0.21010,0.11323
659.00000,189.00000,1528.07004,5.15701,16.27624,26.88413,19.34761,0.50000,0.16121,0.10411
660.00000,153.00000,1535.79970,4.46211,17.03747,33.24896,19.16819,0.50000,0.13322,0.07161
661.00000,300.00000,1544.95356,4.88058,16.46534,23.03363,19.95676,0.60947,0.15031,0.04804
662.00000,216.00000,1550.96458,4.60983,16.91527,15.11297,15.96339,0.62971,0.14958,0.14540
663.00000,100.00000,1538.91308,4.59560,17.04396,39.68901,18.00000,0.50000,0.25934,0.00000
664.00000,210.00000,1528.74276,4.36245,16.93100,20.39825,13.34410,0.52795,0.12576,0.08297
665.00000,300.00000,1538.13488,5.61322,15.86903,21.58874,14.72766,0.55569,0.14933,0.11689
666.00000,114.00000,1527.68513,5.82480,15.56250,28.11373,21.55840,0.50000,0.24488,0.02664
667.00000,165.00000,1534.50611,4.03177,17.35284,21.54181,14.81438,0.50669,0.22659,0.10284
668.00000,142.00000,1544.44121,4.20646,17.17186,27.72664,18.08881,0.57728,0.05998,0.03806
669.00000,110.00000,1550.66579,4.33653,17.08094,25.37806,13.56124,0.50000,0.27476,0.13419
670.00000,178.00000,1540.17305,5.43750,16.02192,25.04464,12.46185,0.50568,0.36120,0.09091
671.00000,131.00000,1544.46507,3.73052,17.45463,29.64436,16.53346,0.50000,0.08524,0.01192
672.00000,190.00000,1553.08223,5.96438,15.73731,26.01603,22.64559,0.68299,0.29653,0.03295
673.00000,109.00000,1562.46951,4.90046,16.42130,26.37384,17.45833,0.50000,0.33681,0.18056
674.00000,210.00000,1551.58536,7.41901,14.19930,28.00352,23.07606,0.89366,0.31479,0.11197
675.00000,168.00000,1554.97916,4.94402,16.39407,20.98683,24.19100,0.73600,0.14160,0.06147
676.00000,144.00000,1541.82873,4.32824,17.15902,24.22120,13.54434,0.50000,0.15800,0.09378
677.00000,300.00000,1529.67578,7.09477,14.51453,26.06570,21.02907,0.59477,0.22267,0.05523
678.00000,108.00000,1539.97217,3.80957,17.70526,25.43541,13.29474,0.50000,0.19522,0.06124
679.00000,188.00000,1539.16454,4.50948,16.85619,28.49833,22.18952,0.63880,0.06466,0.05128
680.00000,184.00000,1544.19162,5.30385,16.27362,25.43008,17.90249,0.50000,0.21240,0.10658
681.00000,80.00000,1534.19512,4.06947,17.20194,28.73667,17.86753,0.51292,0.14378,0.07431
682.00000,300.00000,1538.68719,5.52472,15.86123,22.10602,19.64681,0.65634,0.16617,0.12091
683.00000,121.00000,1529.24862,4.38552,17.04260,31.01278,21.05964,0.50000,0.13419,0.07561
684.00000,300.00000,1534.34200,6.42964,15.40466,24.67444,23.34971,0.71815,0.09825,0.03414
685.00000,300.00000,1540.95773,5.60768,15.87638,21.00065,18.60052,0.55758,0.26545,0.06181
686.00000,281.00000,1532.16087,4.56914,16.76620,27.85905,23.47695,0.50000,0.01804,0.02939
687.00000,300.00000,1531.59676,5.27661,16.26896,22.52071,16.36329,0.72913,0.21287,0.01402
688.00000,77.00000,1519.44207,4.94145,16.38521,31.02465,20.57165,0.50000,0.20031,0.07858
689.00000,173.00000,1520.58776,5.41910,16.18989,30.56067,23.58315,0.68483,0.06404,0.04494
690.00000,128.00000,1524.74915,4.12897,17.32531,33.34167,9.75361,0.50000,0.14052,0.07315
691.00000,281.00000,1515.29313,4.97923,16.59265,24.43610,22.34425,0.69209,0.16773,0.08706
692.00000,300.00000,1528.90684,5.22709,16.19450,24.14562,11.96029,0.61584,0.11151,0.04532
693.00000,108.00000,1515.59345,4.39455,17.13219,34.86075,14.80827,0.50000,0.16145,0.05146
694.00000,125.00000,1525.98535,5.57200,15.83887,26.88520,13.01813,0.50000,0.26989,0.12689
695.00000,300.00000,1534.35893,5.99169,15.49010,26.64601,10.97891,0.50000,0.21917,0.05431
696.00000,130.00000,1543.91810,5.69168,15.94679,28.99591,18.86085,0.60778,0.20464,0.07231
697.00000,300.00000,1552.93942,5.04669,16.32343,21.51273,20.75297,0.75552,0.15789,0.07810
698.00000,143.00000,1541.31206,4.11702,17.25435,28.70600,14.65474,0.50000,0.20600,0.12186
699.00000,122.00000,1531.22017,3.25935,18.10968,23.50968,23.44129,0.57613,0.05161,0.07226
700.00000,277.00000,1539.96152,6.12536,15.54035,24.65922,19.69669,0.70965,0.21398,0.04971
701.00000,208.00000,1529.21601,5.46986,15.86870,19.86457,15.82989,0.50826,0.21718,0.05367
702.00000,292.00000,1536.59197,4.96576,16.39908,30.06490,13.88350,0.55008,0.21053,0.04854
703.00000,148.00000,1543.58097,3.37298,18.11694,27.47077,19.09879,0.50000,0.05343,0.07258
704.00000,136.00000,1553.72907,3.67826,17.72348,29.90696,16.57217,0.50000,0.14348,0.03652
705.00000,218.00000,1541.70546,4.69329,16.56443,28.88523,18.06376,0.63221,0.19262,0.03020
706.00000,300.00000,1551.03638,5.57269,15.89470,26.73302,16.76427,0.68071,0.21739,0.01902
707.00000,212.00000,1559.75622,3.95686,17.54185,21.45298,18.48663,0.52330,0.13546,0.09664
708.00000,192.00000,1559.45918,6.59983,15.12775,30.90102,14.26904,0.50000,0.19628,0.00931
709.00000,142.00000,1548.46779,4.20859,17.09465,28.11131,17.56968,0.57581,0.09641,0.09553
710.00000,300.00000,1558.18363,5.76848,15.67121,17.85473,13.20558,0.51167,0.11738,0.06096
711.00000,144.00000,1567.26869,4.91733,16.59861,24.06773,15.07669,0.59562,0.21912,0.09163
712.00000,175.00000,1576.32845,4.88492,16.54916,28.82811,15.20539,0.50000,0.13693,0.09031
713.00000,174.00000,1584.88445,3.72333,17.82278,23.32459,16.71248,0.61257,0.07505,0.06510
714.00000,112.00000,1591.24858,4.88523,16.56748,33.69075,14.04782,0.50000,0.22635,0.06695
715.00000,230.00000,1599.06222,5.76114,15.73321,30.39037,18.12121,0.50000,0.17231,0.09388
716.00000,300.00000,1602.28233,7.22492,14.45705,22.84656,15.96197,0.52098,0.16852,0.06623
717.00000,269.00000,1607.72461,6.31055,15.24374,24.01063,25.55201,0.59719,0.21640,0.01519
718.00000,103.00000,1616.74459,3.78367,17.56190,28.92245,16.67755,0.50000,0.24762,0.11565
719.00000,100.00000,1604.43834,4.41219,16.77358,26.38607,20.48186,0.52540,0.02177,0.01016
720.00000,170.00000,1609.66053,5.59283,15.69243,27.62231,14.36574,0.50000,0.29880,0.16813
721.00000,300.00000,1597.76731,6.51107,15.13789,26.16129,19.09551,0.51328,0.20557,0.08033
722.00000,123.00000,1602.68172,3.09346,18.14720,27.73364,17.08645,0.50000,0.07126,0.09112
723.00000,137.00000,1607.35209,4.01626,17.16802,23.50000,24.98374,0.71274,0.19106,0.12331
724.00000,117.00000,1610.91322,4.43039,16.95196,33.10588,16.02549,0.50000,0.23725,0.06275
725.00000,106.00000,1598.53516,5.17615,16.15897,35.51665,15.31901,0.50000,0.18045,0.07519
726.00000,175.00000,1603.82000,4.64734,16.63225,22.00556,18.04130,0.54766,0.15171,0.04289
727.00000,257.00000,1607.32702,5.06070,16.45923,25.64378,15.38565,0.60270,0.10362,0.02085
728.00000,171.00000,1613.31779,6.19915,15.19068,25.05085,20.59958,0.72775,0.20763,0.03178
729.00000,300.00000,1618.88377,5.48657,15.91943,16.89810,16.43602,0.61888,0.22591,0.14692
730.00000,154.00000,1608.81286,4.72096,16.72204,20.08035,20.41585,0.58143,0.09881,0.00760
731.00000,156.00000,1616.21488,4.41700,16.97594,30.66881,14.58540,0.53609,0.25421,0.02807
732.00000,300.00000,1601.27925,6.00345,15.63285,23.35542,13.04486,0.50000,0.22843,0.15528
733.00000,255.00000,1608.98252,5.17855,16.35394,27.75016,22.08454,0.53565,0.15205,0.04543
734.00000,134.00000,1606.61988,3.96602,17.41748,35.69741,15.47249,0.50000,0.15129,0.02913
735.00000,281.00000,1593.25966,5.73431,15.73979,23.76295,19.15356,0.58867,0.14381,0.04692
736.00000,174.00000,1600.97673,5.77517,15.97123,33.35352,13.95685,0.53709,0.21726,0.08176
737.00000,208.00000,1607.54152,4.53209,17.12838,25.79392,15.73057,0.55068,0.16047,0.03801
738.00000,124.00000,1614.76623,3.86101,17.53946,32.54417,18.69965,0.50059,0.08716,0.01060
739.00000,166.00000,1621.47791,4.14181,17.27485,33.48538,12.50877,0.50000,0.27632,0.05921
740.00000,300.00000,1608.67470,6.72348,14.68953,19.61810,11.87058,0.57532,0.38260,0.16054
741.00000,207.00000,1616.20755,4.83506,16.68135,23.83679,17.67185,0.50000,0.20553,0.10190
742.00000,157.00000,1623.04876,4.24550,16.98200,28.93372,15.62766,0.60147,0.29051,0.06383
743.00000,159.00000,1627.67481,4.28125,17.06743,34.19326,18.50164,0.50000,0.11924,0.06497
744.00000,300.00000,1633.43745,5.69028,15.79281,25.92593,14.73054,0.50000,0.22169,0.10950
745.00000,140.00000,1635.99155,5.03616,16.41426,29.52273,18.86260,0.50000,0.14256,0.12913
746.00000,112.00000,1642.94193,5.37451,16.06863,29.50784,19.00882,0.50000,0.14902,0.05490
747.00000,151.00000,1632.54550,5.07388,16.24296,31.02209,16.08987,0.50000,0.28713,0.04646
748.00000,300.00000,1639.01201,5.01129,16.54552,21.61776,16.05869,0.50000,0.14823,0.08277
749.00000,142.00000,1645.43829,4.58401,16.81491,29.59209,13.62713,0.52516,0.21294,0.03684
750.00000,120.00000,1649.44191,5.18944,16.45652,35.36542,16.17495,0.50000,0.21843,0.04451
751.00000,300.00000,1659.30912,7.11710,14.40053,17.97472,15.25283,0.59381,0.28942,0.08583
752.00000,160.00000,1664.97621,3.84423,17.65133,29.63196,14.60210,0.50000,0.18079,0.06134
753.00000,143.00000,1670.38495,3.79451,17.70193,26.41913,21.65310,0.50000,0.12309,0.06918
754.00000,300.00000,1675.95673,5.68571,15.74799,21.08059,17.44103,0.55055,0.12308,0.06593
755.00000,188.00000,1679.80847,3.95470,17.42479,23.43162,16.25214,0.50000,0.15897,0.21709
756.00000,300.00000,1674.78873,5.68366,15.86819,24.64411,24.96749,0.70826,0.10633,0.02900
757.00000,159.00000,1680.04881,5.78641,15.77864,28.15243,18.94175,0.53155,0.30971,0.06408
758.00000,156.00000,1667.03258,4.89342,16.53122,29.73772,17.32390,0.60283,0.21732,0.05329
759.00000,156.00000,1673.21053,4.81095,16.53325,32.80834,29.77575,0.65124,0.06128,0.03781
760.00000,85.00000,1679.05165,4.40323,16.97581,32.86559,14.76478,0.50000,0.22177,0.12903
761.00000,162.00000,1665.24782,5.63348,15.68381,25.82385,19.00547,0.74289,0.34136,0.08315
762.00000,300.00000,1670.51500,5.94983,15.52947,27.98393,13.50950,0.50000,0.16561,0.01413
763.00000,125.00000,1657.57528,5.12214,16.64052,31.62463,16.78352,0.50000,0.22642,0.11420
764.00000,102.00000,1666.14917,6.19439,15.19052,40.22631,17.42166,0.50000,0.24275,0.06286
765.00000,233.00000,1668.38617,4.93023,16.43605,24.43677,15.78997,0.62246,0.30523,0.04869
766.00000,92.00000,1671.83021,4.69636,16.47428,26.79423,14.38269,0.71267,0.22710,0.02886
767.00000,90.00000,1676.83201,5.54339,16.01991,31.13087,13.88193,0.52560,0.45377,0.17496
768.00000,135.00000,1681.47459,3.86169,17.37980,23.99122,16.45664,0.50000,0.23820,0.11636
769.00000,80.00000,1687.14900,2.56326,18.59619,17.34662,15.96534,0.50000,0.13345,0.15251
770.00000,300.00000,1691.09375,5.76444,15.75081,23.75211,20.82154,0.71188,0.13757,0.09345
771.00000,141.00000,1677.35125,4.84668,16.81007,31.80549,19.73341,0.54577,0.10526,0.04348
772.00000,218.00000,1665.15965,4.06334,17.39518,22.57360,19.99643,0.59634,0.11418,0.06601
773.00000,111.00000,1651.79627,4.02432,17.24595,18.81892,18.01216,0.50000,0.17973,0.13514
774.00000,75.00000,1642.82411,3.65988,17.52342,24.77597,19.96130,0.50000,0.01629,0.00407
775.00000,258.00000,1645.31055,6.09882,15.34180,24.11695,26.14869,0.83228,0.12239,0.01995
776.00000,146.00000,1632.38165,5.53955,15.98834,31.26644,13.16070,0.60241,0.38801,0.07410
777.00000,121.00000,1622.42318,3.97454,17.42999,27.85290,22.57567,0.69873,0.12023,0.01697
778.00000,156.00000,1633.43510,4.35214,17.05837,28.28696,18.69650,0.58268,0.17510,0.01070
779.00000,144.00000,1621.80483,5.00181,16.33757,25.95644,15.64338,0.50000,0.42559,0.24319
780.00000,300.00000,1610.78725,6.22890,15.27897,23.31116,17.58369,0.51109,0.14163,0.06509
781.00000,136.00000,1617.97396,7.16646,14.33657,22.99635,17.10085,0.56501,0.33171,0.08991
782.00000,132.00000,1615.56966,4.27638,16.98492,31.06231,16.24221,0.50000,0.25829,0.11658
783.00000,122.00000,1621.82125,4.92795,16.34582,26.27089,21.69308,0.53026,0.12536,0.08069
784.00000,101.00000,1626.59430,4.37575,16.86874,32.42084,12.67335,0.50000,0.23146,0.00802
785.00000,300.00000,1614.77075,5.80392,15.60784,20.01401,14.28221,0.55287,0.18137,0.02101
786.00000,300.00000,1621.53097,5.21618,16.21387,26.40058,17.70925,0.50000,0.09884,0.04104
787.00000,129.00000,1630.05903,4.79600,16.64800,28.77900,17.02600,0.54650,0.20300,0.06400
788.00000,153.00000,1635.81227,5.81781,15.64170,25.53644,16.29049,0.50000,0.41903,0.12146
789.00000,166.00000,1641.88881,5.13819,16.29008,23.68143,20.83966,0.57489,0.08439,0.07911
790.00000,215.00000,1644.70152,4.13823,17.20014,24.02520,12.79554,0.66091,0.12383,0.05184
791.00000,116.00000,1635.91473,4.76508,16.73556,24.99743,19.77022,0.66239,0.25160,0.10526
792.00000,213.00000,1644.79141,5.54032,16.08871,27.61048,17.49274,0.68629,0.31452,0.03145
793.00000,155.00000,1634.77719,5.37325,16.11219,27.74434,24.92880,0.63161,0.14024,0.07012
794.00000,132.00000,1638.81417,4.90932,16.62708,28.60920,19.11111,0.55875,0.17625,0.09451
795.00000,300.00000,1628.52660,6.07814,15.42230,17.56716,19.45215,0.60579,0.19842,0.11326
796.00000,139.00000,1615.22396,3.95207,17.46452,26.90230,20.79355,0.50000,0.15300,0.10138
797.00000,186.00000,1603.54888,4.83510,16.57055,29.86596,21.29189,0.56746,0.14109,0.00000
798.00000,200.00000,1613.52691,5.05301,16.49146,27.06289,18.27493,0.61051,0.22192,0.02066
799.00000,142.00000,1599.17662,4.90522,16.65478,32.92522,14.16348,0.50000,0.34174,0.11913
800.00000,300.00000,1585.00214,5.70210,15.81441,24.55495,14.49910,0.50000,0.09850,0.02703
801.00000,194.00000,1594.14059,5.08680,16.56246,25.97036,9.54622,0.50000,0.12632,0.03529
802.00000,108.00000,1602.61654,3.52948,17.75437,31.79039,17.26638,0.50000,0.18013,0.08624
803.00000,173.00000,1612.40040,3.58693,17.69435,22.76412,16.62458,0.51440,0.13068,0.04319
804.00000,154.00000,1618.40112,5.60178,15.84826,34.40340,15.24500,0.50000,0.33235,0.05255
805.00000,198.00000,1605.93814,4.06532,17.22238,26.39333,13.29187,0.50000,0.19180,0.23628
806.00000,160.00000,1613.80559,4.65966,16.67368,25.62227,18.00234,0.62461,0.21184,0.10592
807.00000,118.00000,1619.08066,5.83563,15.66391,37.67769,14.39945,0.50000,0.40680,0.03122
808.00000,300.00000,1623.77651,5.77210,15.71133,19.66022,19.38881,0.56354,0.07251,0.03108
809.00000,90.00000,1628.28322,5.57108,16.01701,32.04860,16.39125,0.50000,0.30377,0.09842
810.00000,300.00000,1637.78744,5.87985,15.55626,19.35791,17.33884,0.53783,0.10426,0.07247
811.00000,300.00000,1645.59496,6.02407,15.37963,19.69722,21.01204,0.74537,0.09815,0.04167
812.00000,165.00000,1652.24461,4.47368,16.85714,21.20516,21.46509,0.77175,0.30827,0.06767
813.00000,164.00000,1643.55132,4.37406,17.20502,27.20921,16.52971,0.58703,0.22762,0.09372
814.00000,300.00000,1630.28450,6.67093,14.95652,20.88832,13.83461,0.50000,0.18500,0.03836
815.00000,138.00000,1639.46413,4.72172,16.84580,33.05931,11.81204,0.50000,0.25091,0.05474
816.00000,300.00000,1638.79439,5.74715,15.72927,18.92764,14.18455,0.78699,0.25772,0.06016
817.00000,300.00000,1644.03931,7.37591,14.08471,21.89676,12.91132,0.56420,0.31304,0.05559
818.00000,300.00000,1628.89841,6.04233,15.63501,25.09096,18.28776,0.74886,0.20709,0.02403
819.00000,171.00000,1635.54635,4.74330,16.83602,34.59234,15.52337,0.50000,0.21456,0.07816
820.00000,93.00000,1625.65381,5.17169,16.38855,26.76958,20.01355,0.50000,0.43825,0.17771
821.00000,114.00000,1633.41241,3.38079,17.91722,18.42881,19.50497,0.70116,0.10596,0.04636
822.00000,158.00000,1639.94282,4.51943,16.78937,27.92945,21.33027,0.53885,0.05215,0.04499
823.00000,136.00000,1630.20665,4.34474,17.09035,27.85965,11.45439,0.50000,0.22895,0.09912
824.00000,147.00000,1620.25419,5.93220,15.58706,35.66718,23.58166,0.50000,0.18721,0.06240
825.00000,241.00000,1627.08140,4.68649,16.73348,27.86784,19.54405,0.81681,0.20411,0.00734
826.00000,140.00000,1633.18628,3.63685,17.75465,26.87334,15.73516,0.53632,0.17095,0.10452
827.00000,123.00000,1619.76986,5.09623,16.40377,32.86409,16.37202,0.56200,0.27877,0.02778
828.00000,147.00000,1626.67532,3.76607,17.59799,34.93184,15.57940,0.50000,0.16731,0.02401
829.00000,155.00000,1631.65744,5.68682,15.75039,17.55194,17.52558,0.61008,0.34264,0.19845
830.00000,133.00000,1638.04150,4.31347,17.27771,25.96067,17.60072,0.50000,0.24553,0.20739
831.00000,219.00000,1624.50981,4.38952,16.93876,25.43561,12.95833,0.50000,0.11048,0.05429
832.00000,84.00000,1630.52054,5.59772,15.51954,27.06515,18.11726,0.50000,0.29805,0.06026
833.00000,300.00000,1636.21089,6.62626,14.81727,22.81490,15.16263,0.52720,0.31461,0.05086
834.00000,174.00000,1642.88343,4.54367,16.96078,30.90463,21.76471,0.73440,0.11586,0.00891
835.00000,113.00000,1648.16846,5.93168,15.52970,36.10297,16.84455,0.50000,0.24554,0.07822
836.00000,166.00000,1638.03882,5.13948,16.43562,26.11695,20.14807,0.78219,0.20815,0.03755
837.00000,300.00000,1644.49757,6.72534,14.79484,25.27074,18.04596,0.51457,0.17937,0.03700
838.00000,300.00000,1632.51987,6.32240,15.21826,21.14622,20.19544,0.50000,0.07275,0.04922
839.00000,192.00000,1639.73026,6.12781,15.51997,29.37473,18.56935,0.50000,0.19753,0.02542
840.00000,173.00000,1645.77005,4.91500,16.62071,32.84929,13.34429,0.50000,0.18929,0.06643
841.00000,121.00000,1650.86976,4.18870,17.15533,25.75481,15.45315,0.55071,0.26701,0.15019
842.00000,112.00000,1656.85973,3.66566,17.62651,27.76958,24.22590,0.50000,0.01205,0.01205
843.00000,255.00000,1662.36407,5.02843,16.43298,21.99756,18.59220,0.71365,0.16003,0.04062
844.00000,300.00000,1647.28914,6.85891,14.68075,21.44473,16.31664,0.50000,0.22627,0.03446
845.00000,205.00000,1653.21769,4.78021,16.72014,30.77314,16.69399,0.50000,0.16042,0.09258
846.00000,174.00000,1658.42339,4.60012,16.83799,39.16323,16.25546,0.50000,0.13774,0.02913
847.00000,300.00000,1664.13482,5.69765,15.74893,27.75107,15.00053,0.60871,0.15705,0.03045
848.00000,112.00000,1668.02938,5.37958,16.06659,28.44284,12.97336,0.50388,0.40067,0.13430
849.00000,300.00000,1666.60988,5.84334,15.60392,22.34365,16.73342,0.51421,0.06886,0.03348
850.00000,298.00000,1671.41856,6.03675,15.36982,24.77013,21.31587,0.55082,0.12901,0.03675
851.00000,151.00000,1676.70531,5.38377,16.19949,28.38292,19.95097,0.82671,0.31361,0.04311
852.00000,300.00000,1664.41170,6.20907,15.22256,25.74985,18.31760,0.58063,0.13734,0.06070
853.00000,300.00000,1670.63131,5.21007,16.11995,31.42412,23.55533,0.59278,0.14182,0.02518
854.00000,89.00000,1666.63581,5.00266,16.40746,28.88948,11.65646,0.50000,0.29161,0.07723
855.00000,188.00000,1653.52428,5.42783,15.91562,27.57069,20.71725,0.57624,0.24574,0.04885
856.00000,106.00000,1658.33536,3.75402,17.47126,31.39080,17.74598,0.50000,0.24828,0.09885
857.00000,100.00000,1662.16278,3.25066,17.79659,28.52100,16.02362,0.50000,0.15486,0.05118
858.00000,198.00000,1666.30582,5.20598,16.21429,28.57309,17.39203,0.59385,0.12874,0.01744
859.00000,285.00000,1672.59674,5.96974,15.59942,27.79107,20.88184,0.80944,0.14914,0.00072
860.00000,175.00000,1657.35191,4.09341,17.08340,20.91743,18.98499,0.54045,0.07923,0.05505
861.00000,238.00000,1643.51524,6.07138,15.33311,25.78586,15.61666,0.50000,0.21282,0.10575
862.00000,207.00000,1650.85735,4.83601,16.56592,23.11415,17.21624,0.59807,0.20981,0.04180
863.00000,108.00000,1655.94786,3.87816,17.35402,22.95517,10.77931,0.50000,0.24828,0.07586
864.00000,150.00000,1661.60165,5.26993,16.27205,26.67800,22.44952,0.78533,0.14453,0.02657
865.00000,300.00000,1671.46939,5.48606,15.87566,16.77920,13.19819,0.50904,0.25772,0.06255
866.00000,300.00000,1658.09110,6.12242,15.20226,22.78177,13.34265,0.55888,0.19295,0.02661
867.00000,75.00000,1651.37583,2.65035,18.50816,20.23077,15.83217,0.60956,0.04662,0.11422
868.00000,300.00000,1638.41088,4.67343,16.77552,21.71592,18.68928,0.62682,0.15726,0.05707
869.00000,152.00000,1628.25349,6.08737,15.25579,25.35684,18.84526,0.61632,0.19789,0.08105
870.00000,187.00000,1635.16941,4.71174,16.69573,24.61299,19.27135,0.60676,0.29270,0.11388
871.00000,193.00000,1644.94983,4.54015,16.84362,22.44463,16.43702,0.50085,0.26458,0.15300
872.00000,107.00000,1651.28569,3.50732,17.99024,31.19756,15.06098,0.50000,0.20000,0.10366
873.00000,227.00000,1656.86534,5.28885,16.26282,27.40683,17.85679,0.59845,0.25712,0.13019
874.00000,125.00000,1661.01056,4.87956,16.59732,29.70560,16.62530,0.61375,0.23844,0.06448
875.00000,265.00000,1647.25082,4.78074,16.59142,21.26133,16.74676,0.55016,0.10761,0.07686
876.00000,158.00000,1657.20533,5.41237,16.04873,27.83037,18.13683,0.69728,0.20244,0.06186
877.00000,194.00000,1644.43259,4.60640,16.88318,25.98363,14.17336,0.54464,0.17485,0.06027
878.00000,110.00000,1635.41450,4.90055,16.55628,32.22514,12.03607,0.50000,0.22186,0.07760
879.00000,154.00000,1639.55987,3.67607,17.49318,23.07461,17.16197,0.50000,0.18653,0.14923
880.00000,62.00000,1648.75274,4.35356,17.19874,36.72594,20.04184,0.50000,0.07741,0.05021
881.00000,130.00000,1654.69338,4.24069,17.09707,23.50931,21.50133,0.62965,0.12234,0.03324
882.00000,133.00000,1642.28696,4.41221,17.00657,30.47512,18.33333,0.65587,0.11831,0.08357
883.00000,119.00000,1629.23444,3.43979,17.75131,25.05236,21.93325,0.51963,0.12304,0.06283
884.00000,300.00000,1633.81676,6.71135,14.69763,20.46883,17.05050,0.61128,0.08354,0.02930
885.00000,156.00000,1625.49748,5.86184,15.63690,25.11205,14.12805,0.57540,0.33698,0.10110
886.00000,146.00000,1622.35002,5.99073,15.54722,36.70320,15.78668,0.50000,0.21079,0.06577
887.00000,146.00000,1625.41118,5.24837,16.34884,30.37302,18.00558,0.50000,0.34047,0.08372
888.00000,300.00000,1631.77933,6.49973,14.99566,27.00325,12.98699,0.50000,0.13388,0.06775
889.00000,300.00000,1635.90359,6.28810,14.99927,18.55733,17.10813,0.66473,0.21408,0.06023
890.00000,300.00000,1641.20043,6.40468,15.00420,21.11391,15.29376,0.55276,0.27458,0.09053
891.00000,291.00000,1634.87317,7.75794,13.66264,21.37484,16.49238,0.77922,0.39136,0.00953
892.00000,151.00000,1631.07874,7.49735,13.87191,35.69876,15.48057,0.53445,0.27032,0.05477
893.00000,172.00000,1637.37282,4.82814,16.61206,26.75980,17.68040,0.59497,0.19598,0.05930
894.00000,300.00000,1643.51858,5.87284,15.62157,26.38962,18.74415,0.70651,0.20295,0.05239
895.00000,300.00000,1650.14085,5.64653,15.95244,25.59447,16.40039,0.55206,0.16967,0.01928
896.00000,133.00000,1656.16287,3.47926,17.82796,18.19201,21.97389,0.85177,0.08449,0.05530
897.00000,169.00000,1647.12164,5.48496,15.80354,25.05841,15.37257,0.53982,0.27080,0.16283
898.00000,167.00000,1634.01502,4.95093,16.55348,27.81649,18.37586,0.56673,0.14033,0.05594
899.00000,162.00000,1642.97174,4.89308,16.49686,28.42531,13.84355,0.53341,0.30739,0.10849
900.00000,172.00000,1652.21094,5.34437,16.37654,27.02176,18.22800,0.68070,0.18165,0.10407
901.00000,300.00000,1656.46764,5.90492,15.54045,18.15096,20.09842,0.67932,0.22269,0.04420
902.00000,300.00000,1664.59584,5.89219,15.46994,22.07256,17.07533,0.57015,0.12163,0.09399
903.00000,142.00000,1651.99672,3.95207,17.22673,27.56959,15.83502,0.50000,0.12535,0.07926
904.00000,175.00000,1643.31944,4.15348,17.21203,25.57595,14.04826,0.50000,0.13766,0.13449
905.00000,101.00000,1649.16652,4.95522,16.62572,27.84501,19.73134,0.50000,0.11940,0.01837
906.00000,300.00000,1656.09369,6.04638,15.42689,18.79717,17.67925,0.66352,0.26258,0.06918
907.00000,250.00000,1662.21939,4.87985,16.72397,28.07948,18.66420,0.62569,0.16205,0.01356
908.00000,300.00000,1667.56756,5.87448,15.64674,29.01614,24.11297,0.80484,0.17513,0.06993
909.00000,300.00000,1673.46075,5.89487,15.60385,23.42692,17.95577,0.67179,0.17244,0.02436
910.00000,300.00000,1669.34732,4.59771,16.81479,21.77811,12.94348,0.50000,0.22189,0.25857
911.00000,300.00000,1669.22283,6.18310,15.28370,20.66868,18.08786,0.62542,0.14353,0.03421
912.00000,300.00000,1665.25786,4.81501,16.61215,17.33601,15.64075,0.68945,0.11886,0.04290
913.00000,170.00000,1661.54470,4.81450,16.64124,33.43974,20.84746,0.55979,0.05179,0.02354
914.00000,281.00000,1660.84730,6.80973,14.74631,21.50811,17.87463,0.59956,0.17773,0.03761
915.00000,146.00000,1650.50348,3.84284,17.43143,21.43644,18.40040,0.68819,0.15215,0.05005
916.00000,98.00000,1659.20354,4.19332,16.93463,26.27816,15.88317,0.50000,0.30598,0.17663
917.00000,240.00000,1664.67016,5.67112,15.84558,25.69859,12.68597,0.50000,0.32739,0.08018
918.00000,199.00000,1669.29735,4.38586,17.13221,25.31975,16.25442,0.61222,0.06303,0.06457
919.00000,219.00000,1674.24739,5.55020,15.99842,23.50277,14.76443,0.53953,0.16601,0.06719
920.00000,300.00000,1679.79849,5.94531,15.41508,24.56246,15.02360,0.50432,0.16523,0.03742
921.00000,142.00000,1687.08231,5.18953,16.31309,25.99791,17.55079,0.59634,0.14136,0.06597
922.00000,143.00000,1691.83782,4.23115,17.08282,29.21632,22.57602,0.72126,0.11372,0.02349
923.00000,125.00000,1681.08637,4.62755,16.95408,29.67449,20.66837,0.55918,0.22551,0.07857
924.00000,300.00000,1670.89173,5.70928,15.91662,27.15175,14.58644,0.73235,0.26348,0.02057
925.00000,172.00000,1673.24338,4.46198,16.81906,27.75265,19.50048,0.66266,0.22329,0.00000
926.00000,90.00000,1681.01073,4.28844,16.93520,35.99873,19.42694,0.50000,0.23634,0.02287
927.00000,185.00000,1666.39985,5.01967,16.60991,32.90909,21.91723,0.50000,0.13297,0.06377
928.00000,300.00000,1672.70242,6.20436,15.38373,22.51954,16.99808,0.50000,0.13645,0.06406
929.00000,300.00000,1680.29089,5.48143,15.93404,19.73465,15.53677,0.65466,0.28431,0.00910
930.00000,181.00000,1679.45248,4.82362,16.48976,25.52362,15.41417,0.54291,0.31969,0.06063
931.00000,174.00000,1666.06727,5.06942,16.37190,28.20909,19.23058,0.50000,0.13388,0.04628
932.00000,73.00000,1671.93802,5.39911,16.27745,36.45994,16.73294,0.50000,0.39169,0.08754
933.00000,238.00000,1676.46068,4.12669,17.20315,26.81109,20.92204,0.56672,0.09295,0.05322
934.00000,125.00000,1684.79073,4.97921,16.32892,29.12665,15.07561,0.55198,0.25898,0.10208
935.00000,146.00000,1673.96227,5.17192,16.25079,35.11672,14.35410,0.50000,0.17114,0.08202
936.00000,124.00000,1677.83685,4.01480,17.34552,34.29678,18.66928,0.50000,0.10705,0.04439
937.00000,227.00000,1683.30484,6.03192,15.54407,24.81332,14.30118,0.57911,0.16655,0.03539
938.00000,222.00000,1691.85912,5.35879,16.21196,32.04144,15.08230,0.50000,0.18117,0.15098
939.00000,300.00000,1700.89338,5.75285,15.82256,20.72243,17.35171,0.65082,0.15779,0.04309
940.00000,300.00000,1708.01281,6.11564,15.33550,23.24511,22.96254,0.58306,0.11645,0.05537
941.00000,101.00000,1703.25112,3.39732,17.91964,27.80804,13.88170,0.50000,0.22545,0.06138
942.00000,144.00000,1689.98278,4.14572,17.12639,37.65576,17.73160,0.50000,0.09071,0.02751
943.00000,105.00000,1694.67869,6.04121,15.57939,32.12364,16.38545,0.67394,0.37333,0.07515
944.00000,135.00000,1699.52469,3.29259,18.03272,26.23195,17.41386,0.57315,0.09240,0.04812
945.00000,116.00000,1704.04180,3.46692,17.83842,32.24300,24.65140,0.51081,0.15394,0.00254
946.00000,96.00000,1708.82887,4.73196,17.00687,28.10825,24.99656,0.91409,0.12027,0.00000
947.00000,300.00000,1697.99042,5.65696,15.79301,25.76760,9.97194,0.50635,0.17575,0.01218
948.00000,150.00000,1686.96402,4.08930,17.44063,24.40726,12.39450,0.50000,0.15996,0.16683
949.00000,300.00000,1691.86230,5.89260,15.71833,23.88489,16.29196,0.52058,0.18714,0.07138
950.00000,194.00000,1693.69844,5.94419,15.65611,28.11689,15.27451,0.67760,0.19608,0.06637
951.00000,102.00000,1698.21852,5.62641,16.05305,39.55643,18.03950,0.50000,0.26072,0.08352
952.00000,300.00000,1703.01899,5.10226,16.47042,21.90285,16.12783,0.57524,0.10519,0.03652
953.00000,184.00000,1706.01250,5.38748,16.12432,25.65245,19.92105,0.58984,0.25318,0.04719
954.00000,168.00000,1704.73019,4.15771,17.28913,17.91039,19.37634,0.87814,0.07168,0.02867
955.00000,149.00000,1692.42478,4.62208,16.65081,18.90215,12.88241,0.51257,0.14542,0.06822
956.00000,145.00000,1678.88736,3.34872,17.93590,22.86923,23.21154,0.53718,0.07821,0.05128
957.00000,149.00000,1682.30122,4.62350,16.61949,24.25634,21.36048,0.59346,0.23364,0.20694
958.00000,95.00000,1672.23629,4.40784,16.78301,27.09542,11.52941,0.50000,0.23007,0.09150
959.00000,300.00000,1675.64525,5.73984,15.78290,24.35961,18.21286,0.71892,0.19588,0.06367
960.00000,300.00000,1679.05370,5.94941,15.53886,21.50660,16.08944,0.59604,0.21848,0.04545
961.00000,225.00000,1682.32510,4.41094,16.95418,25.61863,17.71693,0.62749,0.18699,0.08647
962.00000,136.00000,1678.69791,3.93640,17.36888,24.81800,17.85225,0.50000,0.15851,0.08806
963.00000,205.00000,1684.20778,6.09236,15.42155,31.24038,15.46596,0.50000,0.13262,0.00829
964.00000,132.00000,1692.31807,3.69762,17.62851,24.65227,17.51836,0.51350,0.16739,0.08315
965.00000,119.00000,1696.86392,3.98516,17.34508,37.39239,14.32096,0.50000,0.13915,0.04545
966.00000,88.00000,1704.44245,5.03810,16.28571,31.51587,24.03968,0.66349,0.20317,0.01746
967.00000,88.00000,1707.35671,4.24307,17.27834,37.74685,13.10453,0.50000,0.20655,0.02519
968.00000,300.00000,1697.62419,6.10091,15.33656,24.93897,11.83625,0.53746,0.28278,0.01329
969.00000,119.00000,1704.88379,3.55135,17.76216,21.58018,22.06306,0.56396,0.11892,0.01622
970.00000,109.00000,1712.62947,3.90393,17.49563,30.13646,17.13210,0.50000,0.14629,0.12445
971.00000,203.00000,1702.90287,4.86912,16.62457,19.21010,20.02181,0.74684,0.15155,0.10563
972.00000,194.00000,1705.82932,3.69694,17.62755,24.77857,21.50714,0.84490,0.11633,0.00510
973.00000,121.00000,1693.83395,5.56984,15.75000,26.74089,15.62955,0.50000,0.43016,0.14980
974.00000,300.00000,1684.49174,6.24198,15.27150,28.34146,16.74390,0.56836,0.13479,0.04814
975.00000,190.00000,1689.31010,4.77534,16.52747,18.13187,22.22589,0.62088,0.38828,0.11477
976.00000,125.00000,1697.05426,6.22312,15.21989,37.05901,17.44301,0.50000,0.29830,0.00889
977.00000,228.00000,1686.52573,6.36566,15.18319,25.81681,15.30172,0.50862,0.20402,0.06609
978.00000,300.00000,1693.48655,7.07121,14.49719,20.74204,17.08495,0.73673,0.29169,0.01811
979.00000,144.00000,1702.26903,4.76154,16.68242,28.44176,20.78901,0.57033,0.06703,0.02308
980.00000,168.00000,1709.75875,4.53061,16.98810,32.27976,18.77126,0.60332,0.22449,0.07143
981.00000,118.00000,1698.91736,5.01732,16.37662,37.17641,21.85823,0.50000,0.23810,0.11580
982.00000,169.00000,1703.23002,4.80988,16.50034,32.42141,12.94303,0.50000,0.21345,0.01167
983.00000,134.00000,1707.02195,5.35554,16.12716,32.97059,21.44291,0.62976,0.23616,0.04931
984.00000,158.00000,1715.46417,4.79618,16.78550,29.26947,14.56260,0.50000,0.18092,0.09542
985.00000,216.00000,1717.28709,4.11814,17.33474,24.98383,13.53516,0.61885,0.20113,0.11252
986.00000,205.00000,1720.01773,4.27909,17.07002,19.21400,18.69132,0.57051,0.17554,0.13905
987.00000,300.00000,1722.62023,5.63939,15.97152,22.63455,20.31394,0.74515,0.24000,0.03030
988.00000,130.00000,1730.41512,4.89689,16.68944,25.14658,23.02733,0.58323,0.17391,0.10559
989.00000,173.00000,1724.82131,4.66800,16.74900,26.02245,17.09623,0.50962,0.30954,0.07298
990.00000,115.00000,1715.07900,3.71516,17.49022,22.73961,17.33985,0.50000,0.21516,0.09413
991.00000,215.00000,1721.02855,5.12003,16.49024,30.76356,20.65076,0.62726,0.08171,0.02892
992.00000,300.00000,1728.75252,6.29597,15.19773,24.48804,21.54093,0.55699,0.09257,0.03086
993.00000,165.00000,1715.41770,5.86834,15.74112,38.53772,18.17234,0.50000,0.18047,0.04734
994.00000,214.00000,1713.46417,4.80808,16.71111,21.07374,20.56566,0.78081,0.18990,0.03030
995.00000,139.00000,1714.79479,6.51436,15.16248,37.04039,17.04668,0.50000,0.16338,0.00449
996.00000,139.00000,1704.24359,5.00181,16.36594,32.58967,19.61322,0.50000,0.20562,0.14040
997.00000,99.00000,1708.59841,4.30071,17.30922,28.04113,17.99007,0.50000,0.23121,0.13759
998.00000,143.00000,1715.35938,4.91073,16.33093,31.74752,13.88638,0.50271,0.26871,0.06853
999.00000,89.00000,1716.94850,4.01014,17.20608,24.29561,27.15541,0.65372,0.00000,0.00000
1000.00000,74.00000,1723.66382,3.60413,17.62480,25.89030,7.57393,0.50000,0.22099,0.04452
1001.00000,300.00000,1713.42863,6.14983,15.23144,18.50234,17.81070,0.68930,0.21271,0.04482
1002.00000,95.00000,1716.07256,4.31414,17.02443,26.60035,22.20942,0.57766,0.07155,0.01571
1003.00000,146.00000,1715.17808,3.61939,17.66266,31.64503,18.77163,0.50000,0.09054,0.05208
1004.00000,197.00000,1705.65017,4.43257,17.05095,18.42957,16.43457,0.63786,0.20280,0.07892
1005.00000,157.00000,1709.49302,4.40760,17.10780,25.00616,22.28542,0.66735,0.15606,0.05441
1006.00000,300.00000,1713.82097,5.91201,15.71666,25.23520,12.35252,0.50000,0.18982,0.09076
1007.00000,140.00000,1703.29164,5.00087,16.45069,33.98962,12.01298,0.50000,0.12543,0.07439
1008.00000,204.00000,1698.95339,4.56040,17.01386,22.23663,18.85842,0.78317,0.17921,0.06535
1009.00000,198.00000,1707.93632,4.66157,16.84643,22.75473,13.79694,0.50000,0.14556,0.05022
1010.00000,156.00000,1699.27253,4.57573,17.04960,26.74845,17.27635,0.64969,0.13375,0.06820
1011.00000,167.00000,1702.19456,4.17801,17.24921,27.13133,14.99367,0.50000,0.09573,0.05380
1012.00000,300.00000,1703.83750,6.26058,15.29416,20.80255,15.13768,0.57623,0.19006,0.05037
1013.00000,206.00000,1712.14288,5.22116,16.52833,27.83276,25.05119,0.64881,0.14061,0.03959
1014.00000,181.00000,1721.32672,3.61525,17.76950,27.36702,16.88121,0.56339,0.14539,0.05496
1015.00000,300.00000,1727.24134,5.62672,15.87170,29.29725,10.20116,0.50000,0.08078,0.00370
1016.00000,115.00000,1717.02542,3.75776,17.57858,31.61361,13.31632,0.50000,0.11712,0.08809
1017.00000,158.00000,1725.43552,3.37110,17.83908,27.38670,8.69787,0.50000,0.12972,0.06404
1018.00000,174.00000,1730.98154,4.42631,17.15529,26.23937,19.07814,0.54253,0.11771,0.03759
1019.00000,192.00000,1736.54292,5.02094,16.59454,32.16624,12.02094,0.50000,0.21447,0.10216
1020.00000,138.00000,1722.76798,5.83868,15.58378,29.38592,21.16221,0.51337,0.19430,0.10250
1021.00000,300.00000,1730.89080,6.30169,15.20271,21.42983,15.56271,0.60814,0.07322,0.03525
1022.00000,176.00000,1734.48907,4.39915,17.12940,35.07290,12.65978,0.50000,0.22965,0.03524
1023.00000,300.00000,1741.94661,4.41247,16.90887,21.09432,15.55556,0.64868,0.06795,0.02958
1024.00000,100.00000,1747.42712,4.20247,17.25679,29.70247,13.20988,0.72531,0.27778,0.09753
1025.00000,123.00000,1737.16775,3.83640,17.43967,29.73211,12.04908,0.52863,0.27505,0.12679
1026.00000,62.00000,1741.13764,2.69209,18.39266,23.40678,24.03672,0.51412,0.00847,0.02542
1027.00000,233.00000,1743.50025,4.98985,16.40671,24.41218,18.60109,0.60422,0.16003,0.03435
1028.00000,113.00000,1729.16884,5.58739,15.96562,26.79226,24.57880,0.60458,0.09885,0.00000
1029.00000,127.00000,1733.09934,5.04205,16.27841,29.52159,18.34773,0.56307,0.17614,0.09886
1030.00000,290.00000,1719.66828,5.57726,15.84014,19.02220,19.58348,0.67496,0.15275,0.06572
1031.00000,140.00000,1722.26450,4.61990,16.66866,27.37114,18.84080,0.50000,0.17811,0.14030
1032.00000,111.00000,1711.85079,4.24771,17.13991,29.28211,12.99541,0.50000,0.26606,0.09748
1033.00000,101.00000,1715.94658,3.60915,17.56455,31.29460,13.55399,0.50000,0.18075,0.03286
1034.00000,218.00000,1721.69699,5.19940,16.34149,33.96716,18.17970,0.50000,0.20358,0.04597
1035.00000,215.00000,1724.66779,4.55636,16.69485,19.21256,13.96940,0.65378,0.18680,0.07971
1036.00000,159.00000,1733.25182,4.27313,17.28370,28.82555,17.25815,0.56652,0.15419,0.06432
1037.00000,120.00000,1741.28120,4.53523,16.76007,16.27685,16.35738,0.79782,0.10738,0.03188
1038.00000,110.00000,1743.53387,5.30911,16.33554,26.29326,20.99472,0.60964,0.04359,0.02114
1039.00000,70.00000,1732.80878,4.01502,17.36937,35.31532,17.06757,0.50000,0.21471,0.01201
1040.00000,155.00000,1723.20703,4.56074,16.75597,21.55748,21.63015,0.69794,0.07375,0.03905
1041.00000,129.00000,1726.69049,3.72745,17.58176,25.96333,16.71358,0.50000,0.12190,0.02874
1042.00000,182.00000,1731.01225,4.93869,16.66003,22.38535,10.58280,0.50000,0.20701,0.09156
1043.00000,134.00000,1735.61860,4.99430,16.44128,26.59863,20.34778,0.74857,0.21095,0.07754
1044.00000,132.00000,1740.04582,3.46970,17.84848,22.96667,23.61515,0.56515,0.10455,0.01364
1045.00000,174.00000,1731.02096,5.54008,15.83122,19.04325,15.14979,0.60759,0.29641,0.13186
1046.00000,91.00000,1717.18730,6.19000,15.35500,36.11625,21.18875,0.50000,0.33125,0.09625
1047.00000,201.00000,1721.25192,3.96488,17.41615,20.07024,17.67603,0.51141,0.11062,0.09306
1048.00000,180.00000,1722.71281,5.21470,16.31556,31.59294,18.48271,0.53530,0.10231,0.06916
1049.00000,138.00000,1712.00079,4.32906,16.95074,27.17241,12.76749,0.50000,0.19704,0.17833
1050.00000,186.00000,1717.68911,5.80804,15.82887,29.32217,16.35119,0.63356,0.22470,0.07961
1051.00000,192.00000,1720.36225,4.69549,16.84822,26.71950,24.16907,0.79443,0.07397,0.05091
1052.00000,136.00000,1722.96067,4.59203,16.92908,36.37371,17.67171,0.50000,0.26215,0.05498
1053.00000,146.00000,1712.12173,4.33419,17.06170,33.28706,16.19880,0.50000,0.18509,0.09940
1054.00000,130.00000,1721.60279,2.66151,18.52411,28.42129,11.87807,0.50000,0.07370,0.02002
1055.00000,99.00000,1727.96104,4.77236,16.75494,33.63066,18.27294,0.50000,0.18118,0.04878
1056.00000,163.00000,1735.26894,4.73966,16.63252,26.47744,17.29981,0.54135,0.24718,0.04041
1057.00000,139.00000,1737.62693,3.89099,17.49871,30.08841,15.00172,0.50000,0.20429,0.10472
1058.00000,159.00000,1741.18559,4.69763,16.67589,29.18182,21.22530,0.73864,0.11858,0.03162
1059.00000,300.00000,1744.34790,6.58339,14.86758,25.80512,22.17676,0.69207,0.29107,0.04435
1060.00000,70.00000,1734.12779,4.47559,17.10460,34.57880,12.07671,0.50000,0.27197,0.01953
1061.00000,149.00000,1719.02984,4.82788,16.74643,27.64903,18.25105,0.58018,0.15785,0.03610
1062.00000,221.00000,1721.97372,5.84103,15.85390,24.84179,14.22180,0.61469,0.20136,0.20136
1063.00000,76.00000,1724.51233,3.49749,17.94975,22.97990,14.81658,0.76759,0.09799,0.07035
1064.00000,300.00000,1733.20497,6.22415,15.42288,20.60659,17.93068,0.63749,0.26979,0.06181
1065.00000,119.00000,1721.62710,4.56757,16.78108,26.17973,22.55541,0.60608,0.18108,0.11622
1066.00000,156.00000,1708.78470,4.24319,17.19238,27.67786,14.45191,0.50000,0.20236,0.14973
1067.00000,159.00000,1699.66822,4.43119,16.98349,26.54312,13.02110,0.56468,0.27339,0.13578
1068.00000,117.00000,1702.75106,5.24780,16.27707,38.95122,21.53171,0.50000,0.17463,0.03220
1069.00000,300.00000,1706.49069,5.25748,16.24875,27.79489,23.31733,0.77244,0.10349,0.00561
1070.00000,102.00000,1708.34332,4.04227,17.35870,31.28744,22.73551,0.55676,0.08937,0.03623
1071.00000,300.00000,1698.98425,6.58262,14.91596,23.34185,13.97899,0.56928,0.16525,0.07553
1072.00000,199.00000,1686.06220,4.35181,16.86667,23.22169,14.90924,0.56185,0.11084,0.03614
1073.00000,300.00000,1695.42555,6.34445,15.23713,18.21247,16.41334,0.78245,0.20522,0.03626
1074.00000,174.00000,1698.19532,4.99214,16.47105,32.11794,16.41172,0.50000,0.27591,0.12223
1075.00000,79.00000,1693.61154,3.51220,17.81951,24.57073,11.70081,0.50000,0.19350,0.14797
1076.00000,128.00000,1698.13204,4.32353,16.98416,22.35068,18.41290,0.67873,0.15498,0.02941
1077.00000,99.00000,1702.47601,4.70723,16.78916,34.45783,15.82771,0.50000,0.34458,0.13494
1078.00000,135.00000,1706.77111,3.67271,17.64590,35.97003,15.02050,0.50000,0.12382,0.02524
1079.00000,152.00000,1711.42224,3.97179,17.40857,26.89655,24.44514,0.50836,0.08046,0.09822
1080.00000,125.00000,1714.95803,4.97500,16.22700,31.26800,17.84100,0.62050,0.21700,0.03000
1081.00000,129.00000,1705.90085,4.11659,17.11360,20.96861,17.82810,0.60762,0.23468,0.04335
1082.00000,222.00000,1715.23855,4.82457,16.77961,28.40595,16.43699,0.50000,0.16149,0.03800
1083.00000,184.00000,1706.40564,4.57326,16.89203,34.96401,12.89524,0.50000,0.13368,0.08483
1084.00000,147.00000,1714.78913,5.01529,16.29766,23.99011,14.80576,0.50000,0.12950,0.04586
1085.00000,166.00000,1720.35805,6.50874,14.86536,20.52518,22.28983,0.73792,0.31141,0.06269
1086.00000,174.00000,1724.29298,5.05625,16.29018,24.16339,13.48929,0.51250,0.16607,0.04821
1087.00000,164.00000,1726.75767,4.88064,16.51547,27.06454,17.42882,0.58223,0.23077,0.09284
1088.00000,300.00000,1730.51253,5.80284,15.75015,22.37419,13.75844,0.50888,0.27709,0.14446
1089.00000,284.00000,1734.10356,6.49813,14.75435,20.39055,12.84017,0.54913,0.27425,0.14552
1090.00000,194.00000,1742.28642,4.80373,16.58880,29.66966,16.68279,0.50000,0.17208,0.17692
1091.00000,300.00000,1749.56064,5.47845,15.97474,17.56241,21.27117,0.76114,0.21397,0.02155
1092.00000,109.00000,1753.60107,3.09943,18.26629,28.41257,14.84686,0.50000,0.17829,0.10743
1093.00000,300.00000,1742.40102,6.62731,14.84947,23.59093,18.67208,0.55820,0.14661,0.10353
1094.00000,122.00000,1749.36197,3.44353,17.77961,20.72452,14.65840,0.76102,0.25895,0.10882
1095.00000,160.00000,1748.21753,5.37100,15.95285,31.25534,21.85409,0.53381,0.21619,0.05338
1096.00000,131.00000,1734.64032,4.00000,17.37062,25.38063,13.63606,0.53506,0.19533,0.06511
1097.00000,300.00000,1720.89657,5.18076,16.31195,21.90160,18.02624,0.69461,0.26093,0.09548
1098.00000,252.00000,1708.82217,5.71202,15.75208,19.67876,16.06274,0.59335,0.14361,0.03099
1099.00000,102.00000,1697.01915,5.54536,15.65052,34.06598,12.16701,0.50000,0.22062,0.00000
1100.00000,187.00000,1703.11290,4.57479,16.78167,32.62635,18.92934,0.50000,0.23106,0.05283
1101.00000,151.00000,1708.01211,4.53364,16.91415,27.75522,18.67633,0.57541,0.15429,0.06961
1102.00000,300.00000,1711.61111,6.52454,15.07712,19.94455,15.36520,0.56119,0.33525,0.06246
1103.00000,163.00000,1701.70099,4.12387,17.43852,24.65190,12.12387,0.50000,0.15642,0.07324
1104.00000,169.00000,1709.39189,4.71280,16.93175,28.14597,23.00948,0.68673,0.11090,0.00474
1105.00000,148.00000,1717.27091,4.57419,16.91613,33.44435,15.92339,0.50000,0.12500,0.03387
1106.00000,300.00000,1706.43203,6.85066,14.70006,26.86957,22.32955,0.59483,0.13548,0.03466
1107.00000,147.00000,1709.00240,4.70244,16.89512,25.62073,23.01463,0.66220,0.19878,0.15122
1108.00000,300.00000,1705.01047,6.03761,15.51164,25.06746,20.43522,0.63791,0.15821,0.02687
1109.00000,169.00000,1691.79482,4.45929,16.87214,29.67714,12.77214,0.50000,0.08857,0.11357
1110.00000,300.00000,1701.19121,5.85289,15.77529,27.56735,17.17939,0.56021,0.17008,0.00869
1111.00000,249.00000,1708.83766,6.24747,15.21086,25.38763,15.72917,0.67582,0.26010,0.03535
1112.00000,118.00000,1695.52365,5.19976,16.26873,31.29132,19.41023,0.70571,0.26873,0.05707
1113.00000,142.00000,1704.58805,5.46781,15.89437,30.39034,24.34105,0.56338,0.10966,0.01308
1114.00000,300.00000,1710.48847,6.35239,15.30951,22.46176,19.83059,0.70801,0.15726,0.03788
1115.00000,300.00000,1695.76874,7.93599,13.60303,23.04436,10.71140,0.56541,0.16788,0.08310
1116.00000,228.00000,1683.20015,5.52247,15.86900,24.20792,13.80503,0.59901,0.24981,0.01142
1117.00000,133.00000,1692.44179,4.45022,17.01217,27.38606,16.46571,0.60619,0.13053,0.06637
1118.00000,215.00000,1702.13222,5.23572,16.21837,29.91540,13.83369,0.58388,0.24657,0.01302
1119.00000,212.00000,1709.64003,4.52653,16.95265,29.94581,14.30177,0.50000,0.11409,0.06959
1120.00000,208.00000,1713.16161,5.63021,15.75000,26.19010,19.01215,0.59592,0.25174,0.01562
1121.00000,232.00000,1720.31332,5.78076,15.68996,29.24074,16.52210,0.50000,0.16428,0.07587
1122.00000,189.00000,1711.23597,6.83333,14.44850,27.78684,13.23176,0.50000,0.29399,0.02146
1123.00000,110.00000,1716.30363,5.17188,16.34598,35.46875,17.51339,0.50000,0.22433,0.08929
1124.00000,178.00000,1720.85604,6.58580,14.74638,32.50103,17.37767,0.50000,0.17436,0.02688
1125.00000,86.00000,1723.32054,3.46990,17.86455,27.04849,22.33946,0.54181,0.05017,0.00000
1126.00000,118.00000,1726.94062,4.40440,17.09847,35.67113,17.97992,0.50000,0.23614,0.06119
1127.00000,140.00000,1716.53238,4.33100,17.15587,35.99825,16.90193,0.53634,0.22504,0.06743
1128.00000,300.00000,1718.05175,5.34694,16.17996,22.73346,15.91156,0.73377,0.22944,0.04143
1129.00000,182.00000,1721.41150,4.60227,16.74675,23.91640,15.44318,0.55114,0.11607,0.04951
1130.00000,78.00000,1712.36633,4.13199,17.06677,32.27640,18.58075,0.50000,0.11180,0.04969
1131.00000,151.00000,1718.23698,3.64046,17.54955,30.24079,12.37920,0.50000,0.14414,0.03440
1132.00000,148.00000,1726.88997,5.05335,16.30439,23.31590,21.25000,0.70816,0.13494,0.00628
1133.00000,145.00000,1734.78813,4.49646,17.07522,28.50442,15.05752,0.50000,0.11239,0.05221
1134.00000,102.00000,1724.57112,4.26603,17.10897,27.04167,18.80288,0.54567,0.12340,0.07692
1135.00000,132.00000,1727.79343,5.19486,16.09001,32.15529,14.91197,0.50890,0.27003,0.01879
1136.00000,151.00000,1718.82614,3.51852,17.73599,24.38936,14.82336,0.50285,0.12726,0.05698
1137.00000,183.00000,1721.37625,3.63621,17.85172,26.54052,17.77586,0.55000,0.10948,0.14569
1138.00000,146.00000,1723.88617,3.32250,17.98717,29.96578,12.85800,0.50000,0.16168,0.09752
1139.00000,189.00000,1726.33423,5.14188,16.32189,28.85202,12.98932,0.50000,0.07323,0.02059
1140.00000,300.00000,1733.43223,6.14376,15.37651,22.76461,13.48763,0.50000,0.05951,0.06056
1141.00000,112.00000,1735.71133,2.57596,18.77129,18.10184,14.34391,0.64357,0.02838,0.00000
1142.00000,113.00000,1742.94149,3.60951,17.63429,29.05946,14.36769,0.50000,0.17939,0.04063
1143.00000,230.00000,1733.56688,4.88669,16.64715,27.64715,21.45095,0.56236,0.07757,0.04030
1144.00000,134.00000,1740.10379,4.35254,17.15649,33.48839,16.30525,0.58555,0.17627,0.01892
1145.00000,97.00000,1747.05051,3.22419,18.04916,31.06981,17.93904,0.50000,0.11996,0.00393
1146.00000,191.00000,1751.29637,4.02206,17.36879,22.95508,16.86446,0.58865,0.20331,0.07880
1147.00000,150.00000,1755.22476,5.68775,15.86446,33.14157,17.02309,0.64458,0.25301,0.05020
1148.00000,202.00000,1762.72470,3.39865,17.97466,22.30828,19.57939,0.90329,0.04899,0.03970
1149.00000,151.00000,1752.96810,4.57785,16.90530,28.34430,12.86758,0.50000,0.19984,0.12681
1150.00000,128.00000,1738.55544,3.98403,17.28882,22.95356,20.96517,0.52830,0.05951,0.03919
1151.00000,281.00000,1741.04378,6.13785,15.49533,23.94918,12.38493,0.60134,0.18925,0.07243
1152.00000,153.00000,1727.96005,4.92190,16.63048,26.26000,17.96857,0.50000,0.20952,0.05048
1153.00000,129.00000,1735.16857,4.40864,16.96267,24.66110,14.35462,0.50000,0.27505,0.10020
1154.00000,155.00000,1739.54889,4.75449,16.55146,20.14542,11.52502,0.55382,0.28517,0.09254
1155.00000,300.00000,1743.02953,6.31242,15.11061,19.22445,13.29043,0.50000,0.11190,0.10673
1156.00000,300.00000,1751.06287,5.15260,16.18048,20.39398,17.57667,0.63536,0.26266,0.05282
1157.00000,172.00000,1757.56029,5.02954,16.45210,24.72963,16.79320,0.53357,0.21307,0.12802
1158.00000,68.00000,1755.32088,2.88453,18.28176,17.05774,17.21016,0.50000,0.03233,0.00000
1159.00000,160.00000,1759.39324,4.98357,16.46015,32.25308,14.09532,0.50000,0.23500,0.00740
1160.00000,300.00000,1748.56543,5.85226,15.71080,23.33589,13.55261,0.50000,0.22021,0.04669
1161.00000,213.00000,1755.85483,5.46585,16.04553,28.28809,22.86340,0.76445,0.16112,0.01226
1162.00000,137.00000,1751.33425,4.60646,16.69828,27.59839,19.30979,0.56811,0.14834,0.06761
1163.00000,219.00000,1738.93857,6.13573,15.16844,22.55601,14.20196,0.53639,0.35732,0.17416
1164.00000,149.00000,1745.11323,5.44781,16.06657,23.89864,24.28896,0.67474,0.23147,0.02421
1165.00000,135.00000,1735.72104,3.64798,17.71963,25.43094,18.18069,0.55919,0.14849,0.09761
1166.00000,111.00000,1725.74162,6.57602,14.90792,34.88544,23.76660,0.64347,0.29229,0.04604
1167.00000,190.00000,1730.04132,4.39869,17.05509,22.88235,20.88049,0.69374,0.15686,0.07750
1168.00000,188.00000,1734.64460,4.05052,17.24433,25.49381,17.71134,0.56959,0.15361,0.02784
1169.00000,117.00000,1722.75594,4.37596,16.96058,34.46346,14.72500,0.50000,0.19519,0.04135
1170.00000,300.00000,1714.26006,7.72192,13.91385,25.08615,18.39040,0.61996,0.25245,0.04417
1171.00000,119.00000,1718.09408,4.21810,17.13501,22.16024,23.79970,0.71513,0.08902,0.00000
1172.00000,221.00000,1720.45623,5.76200,15.52205,24.54864,17.85214,0.71725,0.40532,0.07588
1173.00000,208.00000,1712.46299,4.97150,16.48456,25.59264,18.53919,0.76010,0.14489,0.02019
1174.00000,67.00000,1716.02127,3.22866,18.05797,32.66828,18.15298,0.50000,0.13043,0.02899
1175.00000,141.00000,1705.48217,3.85970,17.48060,20.29701,21.03284,0.61567,0.10149,0.05970
1176.00000,300.00000,1713.57988,5.41103,15.87209,21.87948,15.48039,0.52388,0.19613,0.04662
1177.00000,83.00000,1704.13245,3.95480,17.30791,30.78107,13.48729,0.50000,0.26412,0.07486
1178.00000,155.00000,1713.81189,4.53434,16.90277,25.35950,13.96789,0.50000,0.11597,0.09723
1179.00000,122.00000,1717.74550,4.47293,16.89834,30.29834,24.41547,0.60829,0.23315,0.07956
1180.00000,153.00000,1721.77085,5.28541,16.14594,34.52840,17.16679,0.50000,0.09202,0.01869
1181.00000,272.00000,1730.58951,6.28170,15.33985,28.17494,14.08922,0.50000,0.23659,0.08571
1182.00000,243.00000,1737.06959,5.37614,16.18947,22.60702,18.04000,0.66596,0.30526,0.09825
1183.00000,114.00000,1745.69970,4.56729,16.71891,20.18399,28.15843,0.64906,0.09881,0.01533
1184.00000,235.00000,1751.75476,4.82041,16.58231,12.74830,17.74286,0.79796,0.14966,0.06803
1185.00000,300.00000,1738.48026,6.04287,15.46752,22.47622,17.61286,0.81346,0.16142,0.05224
1186.00000,148.00000,1727.58222,5.16685,16.34029,28.42700,22.84303,0.78321,0.03732,0.00329
1187.00000,89.00000,1718.51143,3.25048,17.96146,20.31792,19.21002,0.52312,0.09249,0.12909
1188.00000,300.00000,1710.14718,4.78070,16.68084,21.74966,15.37787,0.65250,0.11606,0.06748
1189.00000,205.00000,1701.03693,4.15235,17.24043,27.13141,15.22383,0.50000,0.26426,0.10253
1190.00000,300.00000,1691.48923,6.68952,14.86413,23.22540,12.60762,0.57175,0.13968,0.04381
1191.00000,300.00000,1697.72971,6.46995,14.91624,19.66176,19.93350,0.60646,0.06841,0.05563
1192.00000,300.00000,1705.51999,6.13436,15.38570,25.81551,19.80414,0.68917,0.33690,0.04078
1193.00000,106.00000,1695.65919,4.05069,17.21964,30.21331,13.29039,0.50000,0.12988,0.05385
1194.00000,129.00000,1687.33948,4.47656,16.90104,25.43099,18.96354,0.64323,0.11849,0.03516
1195.00000,146.00000,1690.66200,3.95248,17.57025,28.90702,15.62087,0.54442,0.17459,0.04339
1196.00000,300.00000,1683.28710,5.41899,16.03058,21.97049,15.16470,0.64324,0.08906,0.04024
1197.00000,300.00000,1675.48183,6.04965,15.39535,21.75801,17.02200,0.61754,0.24261,0.02137
1198.00000,300.00000,1685.12617,5.50995,15.82825,24.45358,22.45093,0.53150,0.07427,0.07560
1199.00000,74.00000,1693.72103,3.45247,17.67300,25.57034,23.25475,0.50000,0.11597,0.12357
1200.00000,200.00000,1694.95280,5.72699,15.66899,33.09049,19.88322,0.57502,0.13070,0.00464
1201.00000,156.00000,1684.57660,4.63437,16.66090,25.84198,22.49827,0.57439,0.26874,0.00000
1202.00000,219.00000,1674.69088,5.26015,16.04356,26.58387,13.42378,0.50000,0.09535,0.04473
1203.00000,184.00000,1664.03356,4.96838,16.63015,31.92206,19.10515,0.50000,0.13897,0.07426
1204.00000,300.00000,1673.87080,7.46608,14.06030,22.27638,19.32412,0.62720,0.08480,0.05214
1205.00000,186.00000,1678.77528,4.31160,17.13481,22.33260,15.05414,0.68232,0.20331,0.02541
1206.00000,115.00000,1683.25133,4.46320,17.15152,28.02886,19.78499,0.54906,0.11255,0.06061
1207.00000,173.00000,1670.46556,5.36508,16.03455,22.58824,17.20168,0.57470,0.27358,0.04669
1208.00000,300.00000,1658.04708,7.53907,14.06429,29.72255,12.07369,0.56182,0.27498,0.00643
1209.00000,300.00000,1661.31628,6.02999,15.48437,20.12125,13.78239,0.50000,0.13019,0.03638
1210.00000,204.00000,1663.55445,4.68826,16.80706,30.16055,23.84089,0.50864,0.14687,0.08927
1211.00000,180.00000,1660.48430,4.51777,16.96954,24.81472,19.48562,0.68909,0.20981,0.09052
1212.00000,126.00000,1665.61769,5.45597,16.02153,29.98532,15.49804,0.50294,0.25734,0.07045
1213.00000,300.00000,1673.56020,6.37815,15.07563,28.15186,15.77431,0.57353,0.18487,0.02341
1214.00000,147.00000,1678.32441,4.09429,17.23209,28.07616,17.56210,0.50000,0.10245,0.08976
1215.00000,162.00000,1682.90210,4.24941,17.06802,26.02033,14.84988,0.50430,0.09773,0.04691
1216.00000,300.00000,1688.31920,6.24145,15.36731,23.67373,15.26676,0.54138,0.19152,0.04720
1217.00000,300.00000,1696.94913,5.18166,16.19195,18.06598,18.24507,0.73779,0.07712,0.03428
1218.00000,135.00000,1697.33683,5.57872,15.91955,33.98962,14.33824,0.50000,0.28201,0.03633
1219.00000,91.00000,1689.24194,4.72667,16.61333,38.16000,16.16000,0.50000,0.17111,0.00444
1220.00000,146.00000,1698.24899,5.11982,16.30415,23.33456,18.02673,0.50000,0.19539,0.11705
1221.00000,170.00000,1702.38054,4.30435,17.01014,27.84565,12.64130,0.61993,0.17101,0.06377
1222.00000,116.00000,1704.96282,3.34505,17.91016,26.28255,18.77344,0.63346,0.08203,0.06510
1223.00000,149.00000,1714.34682,4.40202,17.06869,27.26970,15.65556,0.54444,0.17374,0.12020
1224.00000,171.00000,1701.16265,4.96990,16.33645,29.06355,14.97324,0.50000,0.21806,0.01605
1225.00000,122.00000,1709.65206,3.94545,17.46411,28.49952,15.55024,0.50000,0.21627,0.13876
1226.00000,125.00000,1716.84908,5.48485,15.76149,31.10362,20.96676,0.54106,0.13392,0.03715
1227.00000,131.00000,1718.69362,5.09319,16.28674,29.87903,15.00717,0.50000,0.15950,0.11380
1228.00000,300.00000,1726.44146,5.26752,16.07856,24.37580,14.04883,0.50000,0.10403,0.07219
1229.00000,164.00000,1729.00759,3.98964,17.36574,26.76813,17.00717,0.50000,0.14422,0.10996
1230.00000,300.00000,1734.34214,7.06942,14.28660,16.11890,11.97526,0.58454,0.25636,0.10103
1231.00000,300.00000,1737.79493,6.22300,15.23056,21.48812,13.97948,0.50972,0.14957,0.06156
1232.00000,300.00000,1744.37089,5.58719,15.95374,20.20730,17.11210,0.68639,0.31495,0.13612
1233.00000,300.00000,1751.31333,7.36338,14.09431,18.76907,17.67198,0.70735,0.25173,0.02913
1234.00000,135.00000,1741.04428,4.46059,16.90028,29.22982,19.54036,0.50000,0.18424,0.08737
1235.00000,113.00000,1732.11185,3.14725,18.13626,30.39011,16.65714,0.50000,0.23297,0.09451
1236.00000,217.00000,1738.66188,3.32064,17.94876,18.76135,15.12592,0.50000,0.18228,0.02416
1237.00000,176.00000,1746.27919,4.65638,16.66199,33.52595,17.10940,0.50000,0.16129,0.06241
1238.00000,160.00000,1749.71527,4.75812,16.74356,27.91489,17.15789,0.55487,0.07615,0.01680
1239.00000,80.00000,1753.67862,4.37889,17.02941,30.17474,23.37716,0.50000,0.05536,0.05882
1240.00000,157.00000,1740.01645,5.89282,15.54662,25.94748,19.42872,0.59861,0.22508,0.14041
1241.00000,300.00000,1726.46873,5.32216,16.02491,20.79038,19.48797,0.61297,0.06443,0.05670
1242.00000,107.00000,1716.23135,4.68285,16.73786,28.37972,15.92557,0.50000,0.11219,0.02373
1243.00000,128.00000,1703.99309,3.64238,17.57063,24.29260,20.13901,0.50000,0.11771,0.03251
1244.00000,134.00000,1708.88167,3.94268,17.39618,23.84586,19.46369,0.58471,0.11083,0.04841
1245.00000,145.00000,1717.90424,3.36590,17.91127,21.50249,13.86341,0.59322,0.14556,0.08076
1246.00000,300.00000,1708.11419,6.23019,15.32981,22.56528,20.13660,0.66792,0.16528,0.13057
1247.00000,131.00000,1712.34089,3.93822,17.47858,33.80972,15.73641,0.60544,0.14003,0.01153
1248.00000,113.00000,1699.30486,3.62924,17.63347,30.04555,14.91949,0.50000,0.18008,0.09852
1249.00000,96.00000,1708.07687,3.56265,17.56738,26.36761,15.49054,0.50000,0.16667,0.06265
1250.00000,181.00000,1712.16775,4.87286,16.58191,24.08313,18.79095,0.74572,0.15159,0.04523
1251.00000,300.00000,1718.75877,5.86314,15.58001,23.06083,22.27878,0.70673,0.05358,0.01883
1252.00000,300.00000,1710.68685,7.55556,14.01235,18.66204,18.28241,0.84066,0.48688,0.17130
1253.00000,196.00000,1702.25986,6.24509,14.96750,30.41232,19.40623,0.50508,0.39066,0.09411
1254.00000,240.00000,1710.11097,5.51843,15.85667,19.68550,21.32760,0.73178,0.21458,0.06470
1255.00000,300.00000,1712.67502,6.39676,15.11945,26.98019,18.44958,0.51050,0.08463,0.05582
1256.00000,176.00000,1700.53532,4.53992,16.94858,36.48173,16.98106,0.50000,0.19553,0.13329
1257.00000,82.00000,1707.39176,3.65992,17.44130,20.27935,23.89474,0.52632,0.13563,0.07692
1258.00000,134.00000,1710.91322,5.60553,15.81658,28.14196,22.04397,0.64133,0.22613,0.00000
1259.00000,117.00000,1700.98128,4.16244,17.22465,28.11175,18.48041,0.50000,0.13940,0.07143
1260.00000,155.00000,1693.27512,5.02869,16.34750,27.88629,23.28480,0.57120,0.04038,0.00319
1261.00000,224.00000,1700.31960,5.98240,15.43495,28.82904,16.21245,0.50000,0.15525,0.01131
1262.00000,198.00000,1686.09352,5.51217,16.07033,30.85933,19.91163,0.66501,0.13345,0.02344
1263.00000,300.00000,1693.77057,4.96569,16.39051,21.02190,15.34307,0.67518,0.19708,0.01606
1264.00000,162.00000,1685.19803,3.97251,17.44845,23.21907,17.50172,0.50000,0.22938,0.09192
1265.00000,119.00000,1685.68500,4.86445,16.51280,36.14787,18.49479,0.50000,0.18199,0.06730
1266.00000,300.00000,1688.61871,6.23997,15.22278,25.84670,14.16977,0.55086,0.16762,0.04370
1267.00000,158.00000,1692.29557,3.61322,17.70925,24.51278,15.10749,0.50000,0.12423,0.10749
1268.00000,300.00000,1692.91998,5.42431,16.10625,26.83958,19.10833,0.60694,0.14375,0.04722
1269.00000,300.00000,1697.19513,4.97874,16.49906,26.96123,17.07630,0.56066,0.11194,0.01501
1270.00000,94.00000,1689.00380,5.14948,16.30069,22.50515,21.15979,0.55928,0.17010,0.13230
1271.00000,206.00000,1681.48500,5.16941,16.23929,29.37442,14.77719,0.58405,0.26104,0.07910
1272.00000,213.00000,1673.19474,5.82654,15.51594,24.20904,14.95775,0.69125,0.28317,0.07932
1273.00000,147.00000,1681.74216,4.35127,17.05685,28.41320,15.96954,0.51117,0.21827,0.07817
1274.00000,137.00000,1690.42411,5.53514,15.95936,35.04572,18.31414,0.50000,0.17612,0.08975
1275.00000,188.00000,1682.70845,4.67498,16.88153,26.25721,14.53235,0.50000,0.09821,0.04131
1276.00000,137.00000,1684.47841,4.23957,17.17998,23.56019,16.70441,0.74791,0.12396,0.00715
1277.00000,152.00000,1692.88047,5.03108,16.56394,30.76732,14.74156,0.55551,0.19183,0.06838
1278.00000,209.00000,1685.07761,5.04514,16.46763,20.85520,20.27002,0.69549,0.07751,0.01448
1279.00000,139.00000,1689.52051,3.34604,18.16422,28.20039,17.53959,0.50000,0.08309,0.04497
1280.00000,89.00000,1682.30029,5.05965,16.40351,36.17427,11.62924,0.50000,0.41520,0.01170
1281.00000,109.00000,1686.10356,3.61700,17.59286,31.49738,12.58027,0.50000,0.20462,0.05771
1282.00000,167.00000,1690.51647,4.22938,17.03421,22.08853,14.89839,0.57596,0.25151,0.07143
1283.00000,95.00000,1692.39806,5.44194,15.99882,33.18365,18.50118,0.50000,0.16114,0.01896
1284.00000,156.00000,1684.83300,4.47229,16.91951,28.35308,12.66439,0.50000,0.12225,0.05771
1285.00000,162.00000,1694.31728,4.43434,16.78384,20.05556,13.71717,0.50000,0.27778,0.09596
1286.00000,155.00000,1698.68694,4.70041,16.76543,28.40823,12.09547,0.50000,0.27078,0.15473
1287.00000,247.00000,1705.84722,4.72237,16.80429,27.71001,19.44213,0.52731,0.09818,0.01105
1288.00000,165.00000,1710.38847,4.15917,17.49726,29.18661,24.66740,0.55159,0.08891,0.03732
1289.00000,300.00000,1718.32335,6.39897,14.93151,16.36986,16.91610,0.73074,0.33048,0.08305
1290.00000,191.00000,1710.32828,4.38545,16.97455,25.58545,17.01818,0.59545,0.12545,0.05727
1291.00000,300.00000,1701.41088,6.35569,15.24551,24.29581,15.15928,0.51467,0.17365,0.06886
1292.00000,120.00000,1691.36173,4.27993,16.88209,28.69127,19.31323,0.50000,0.22772,0.03330
1293.00000,104.00000,1698.96121,5.04598,16.44368,31.77241,12.74483,0.50000,0.34253,0.16437
1294.00000,146.00000,1703.03010,4.58676,16.83088,31.39853,21.07353,0.57132,0.18382,0.00441
1295.00000,156.00000,1710.75712,4.84852,16.64544,27.80900,24.33699,0.76180,0.15368,0.01866
1296.00000,300.00000,1702.95895,5.73874,15.62578,20.09633,21.15385,0.74705,0.18572,0.08663
1297.00000,112.00000,1690.39180,3.25482,18.00214,32.77088,16.18844,0.50000,0.17559,0.07816
1298.00000,135.00000,1682.06306,3.11622,18.16986,16.25798,20.56833,0.74457,0.04725,0.03959
1299.00000,186.00000,1691.79195,3.71719,17.58595,22.28373,19.46858,0.65434,0.12200,0.00924
1300.00000,300.00000,1683.30819,4.52311,16.71533,19.24250,13.66829,0.67640,0.08273,0.04866
1301.00000,157.00000,1674.25292,4.10265,17.27545,25.63302,15.46279,0.61976,0.21471,0.10950
1302.00000,178.00000,1662.87841,4.99225,16.42119,21.85099,11.00431,0.50000,0.15159,0.10336
1303.00000,192.00000,1666.93497,5.09834,16.37670,23.90998,19.56505,0.75227,0.10893,0.06657
1304.00000,159.00000,1676.61261,5.21709,16.17706,31.13780,14.36105,0.50000,0.23326,0.14319
1305.00000,124.00000,1681.21750,4.58178,16.96480,37.84472,25.88095,0.50000,0.18012,0.07453
1306.00000,163.00000,1689.26446,3.37224,17.95460,18.18547,25.31518,0.65435,0.04799,0.01297
1307.00000,300.00000,1693.54429,4.98091,16.56680,17.52282,18.40581,0.70290,0.14938,0.04066
1308.00000,167.00000,1685.92491,4.95861,16.47642,22.85852,19.41097,0.62368,0.10780,0.04139
1309.00000,300.00000,1677.88395,5.93615,15.51291,18.67360,13.82712,0.87195,0.26327,0.01220
1310.00000,122.00000,1686.61256,4.54490,16.67840,25.77427,20.12379,0.52245,0.10922,0.08617
1311.00000,199.00000,1687.90026,4.06667,17.29500,33.96750,16.13333,0.52167,0.06500,0.00167
1312.00000,242.00000,1679.28579,5.17057,16.31770,26.47939,17.26354,0.52668,0.16815,0.04123
1313.00000,155.00000,1671.81375,3.72786,17.58210,26.64760,18.58026,0.53736,0.11716,0.04336
1314.00000,139.00000,1662.49241,4.43232,16.81322,24.95488,12.81637,0.50000,0.10598,0.09549
1315.00000,205.00000,1669.07545,4.88675,16.50616,25.80971,16.63790,0.70378,0.31125,0.02542
1316.00000,259.00000,1672.54913,5.17427,16.24481,27.18534,18.95228,0.62033,0.12586,0.04149
1317.00000,97.00000,1680.71545,4.00000,17.36225,23.79148,16.08676,0.50000,0.20396,0.10654
1318.00000,167.00000,1673.36484,3.92390,17.41908,19.37835,15.10289,0.53323,0.11361,0.06109
1319.00000,141.00000,1678.88068,4.21814,17.35212,33.53105,13.67647,0.50000,0.10376,0.00245
1320.00000,165.00000,1667.57067,5.47822,16.02733,25.81981,18.37233,0.58369,0.13664,0.00512
1321.00000,300.00000,1676.25194,7.10203,14.38710,19.41335,15.63316,0.68305,0.23631,0.02176
1322.00000,170.00000,1684.20097,5.37992,16.04451,24.84783,23.93789,0.75569,0.09420,0.00518
1323.00000,73.00000,1689.04237,3.65263,17.70827,35.67669,15.17594,0.50000,0.14286,0.03910
1324.00000,131.00000,1680.98573,4.72555,16.71130,31.23077,18.57075,0.50000,0.14530,0.08547
1325.00000,120.00000,1689.05824,4.35887,16.99395,33.50504,16.50504,0.50000,0.19859,0.06452
1326.00000,159.00000,1692.03448,5.11285,16.26112,29.89786,12.41021,0.50000,0.11532,0.06837
1327.00000,300.00000,1693.67916,5.51324,15.97353,24.49957,16.66354,0.64646,0.21178,0.03587
1328.00000,300.00000,1702.85534,6.54017,15.02382,27.28310,14.54792,0.55734,0.17452,0.00776
1329.00000,80.00000,1694.35682,3.82313,17.64966,32.84524,15.21939,0.50000,0.12755,0.06633
1330.00000,300.00000,1701.91243,5.90488,15.52838,24.54516,26.70983,0.82174,0.13989,0.01199
1331.00000,196.00000,1693.26723,5.10902,16.40549,25.31137,13.40078,0.62392,0.23765,0.01569
1332.00000,196.00000,1684.55610,4.30494,17.07361,19.54469,19.53628,0.65510,0.15668,0.03049
1333.00000,119.00000,1690.93476,3.84468,17.50213,31.64362,16.46809,0.66755,0.19255,0.08298
1334.00000,300.00000,1681.96984,6.92177,14.59192,20.74381,15.38983,0.69654,0.23338,0.08409
1335.00000,114.00000,1689.01356,5.01351,16.45218,26.31393,18.33888,0.50000,0.23181,0.07069
1336.00000,127.00000,1694.30553,4.67255,16.77059,32.52745,15.90000,0.51667,0.20686,0.07059
1337.00000,300.00000,1697.25151,5.72363,15.72132,22.68591,18.47344,0.71747,0.22556,0.02309
1338.00000,300.00000,1706.63636,4.23924,17.21736,24.78410,14.40700,0.61853,0.16995,0.04012
1339.00000,153.00000,1705.78021,5.22583,16.24882,36.76673,11.35091,0.50000,0.20825,0.03516
1340.00000,151.00000,1696.99197,4.04455,17.25182,28.73545,17.66000,0.50000,0.14455,0.11909
1341.00000,300.00000,1700.98796,5.71801,15.75622,21.20558,13.64099,0.55973,0.24742,0.05215
1342.00000,147.00000,1706.85029,4.17455,17.13328,29.37403,19.45916,0.50000,0.12640,0.06879
1343.00000,129.00000,1712.45885,3.48870,17.90958,29.30571,16.10657,0.63832,0.11518,0.11195
1344.00000,105.00000,1713.92002,5.06029,16.30441,26.02353,26.46324,0.54118,0.07353,0.03235
1345.00000,157.00000,1722.15493,4.90380,16.64810,28.65316,17.30464,0.53544,0.20338,0.00928
1346.00000,164.00000,1711.60209,5.37444,16.29718,31.62927,15.26746,0.50260,0.12333,0.00594
1347.00000,300.00000,1716.93009,5.36261,16.01546,18.94378,16.00914,0.53057,0.13212,0.08503
1348.00000,173.00000,1723.90966,4.07516,17.35930,26.31347,16.93401,0.60449,0.12007,0.07608
1349.00000,223.00000,1720.14305,6.04653,15.39312,23.26028,10.75927,0.51416,0.16318,0.03978
1350.00000,149.00000,1727.77742,4.67758,16.82488,32.02619,18.72750,0.51473,0.09247,0.07038
1351.00000,169.00000,1732.66525,4.43795,16.90014,33.93795,11.71327,0.50000,0.14051,0.07561
1352.00000,177.00000,1733.88614,3.69885,17.50805,28.46130,14.34713,0.66398,0.15479,0.06667
1353.00000,125.00000,1741.01468,4.53447,16.98678,30.27856,14.59868,0.50000,0.21435,0.06893
1354.00000,300.00000,1748.17806,5.05228,16.28977,19.36520,13.21060,0.50859,0.17177,0.14787
1355.00000,154.00000,1751.37703,3.31501,17.87315,22.81501,19.93658,0.61575,0.10359,0.11416
1356.00000,300.00000,1757.09978,3.44099,17.80774,23.14086,12.90165,0.57234,0.27855,0.10089
1357.00000,174.00000,1764.81722,4.77107,16.66629,24.69021,25.48633,0.61390,0.10251,0.03759
1358.00000,86.00000,1752.19524,4.31801,17.13168,30.62981,14.05217,0.50000,0.34783,0.15031
1359.00000,148.00000,1740.04389,4.31884,17.12648,26.40975,24.47694,0.64361,0.10804,0.02635
1360.00000,92.00000,1748.54644,4.09724,17.41524,34.18003,16.67674,0.50000,0.16163,0.07884
1361.00000,156.00000,1738.50199,4.58590,16.74449,28.62996,22.96256,0.70264,0.09251,0.04736
1362.00000,300.00000,1746.75986,4.66534,16.94661,23.21992,21.16016,0.67490,0.08924,0.02948
1363.00000,147.00000,1737.48180,5.24269,16.18263,30.93912,15.35795,0.51623,0.18588,0.06818
1364.00000,122.00000,1728.52919,4.51057,16.85206,30.41935,19.53838,0.58231,0.16574,0.03226
1365.00000,134.00000,1736.35551,4.59287,16.66199,25.06263,19.58423,0.57721,0.09071,0.05616
1366.00000,300.00000,1740.43803,4.54180,16.96785,20.98794,18.59164,0.74277,0.13183,0.05466
1367.00000,123.00000,1748.08031,5.16112,16.38216,27.98136,21.68975,0.73435,0.16511,0.00666
1368.00000,167.00000,1738.28699,5.10435,16.38478,30.64783,26.22283,0.60652,0.05435,0.00000
1369.00000,165.00000,1728.10611,4.30776,17.19442,26.29991,15.24324,0.57541,0.28684,0.09852
1370.00000,143.00000,1719.38512,4.12266,17.12828,27.63858,11.68539,0.50000,0.21910,0.06180
1371.00000,150.00000,1727.80680,4.09281,17.28467,24.77164,17.81022,0.58290,0.14077,0.02294
1372.00000,210.00000,1735.82868,4.66571,16.89504,28.33501,14.71387,0.50036,0.12940,0.04457
1373.00000,156.00000,1727.28236,4.67356,16.75711,28.23342,19.56331,0.70198,0.11714,0.02153
1374.00000,300.00000,1717.58955,6.31330,15.14678,19.26524,22.69528,0.82618,0.16910,0.01631
1375.00000,300.00000,1725.16763,5.94549,15.48684,26.53759,11.83177,0.50000,0.09492,0.04981
1376.00000,164.00000,1716.18855,3.81283,17.57196,28.97465,15.56152,0.50000,0.16928,0.04698
1377.00000,145.00000,1725.11853,3.35206,17.82772,22.84082,13.43914,0.50000,0.09831,0.11891
1378.00000,300.00000,1728.84889,5.16710,16.35640,25.10117,21.04439,0.72389,0.11684,0.01436
1379.00000,139.00000,1735.35717,4.10862,17.21207,28.03534,14.36466,0.50000,0.16034,0.13276
1380.00000,154.00000,1726.40777,4.92706,16.63765,29.08157,15.77647,0.55098,0.18275,0.02118
1381.00000,136.00000,1734.70496,4.33454,16.98096,26.87670,17.70898,0.50000,0.16319,0.10698
1382.00000,91.00000,1742.73305,4.65412,16.69647,39.39176,14.91882,0.50000,0.23176,0.04588
1383.00000,93.00000,1750.51085,3.25032,18.11378,29.87737,15.17573,0.50000,0.16308,0.06068
1384.00000,163.00000,1753.86854,3.92512,17.41991,20.97630,17.36303,0.67678,0.14597,0.15924
1385.00000,152.00000,1761.75550,5.50699,15.96853,31.97552,20.28788,0.61946,0.14452,0.01166
1386.00000,179.00000,1767.17700,6.10320,15.38434,27.02936,18.33185,0.59342,0.32295,0.08897
1387.00000,156.00000,1757.60364,4.32084,16.83372,21.11007,16.59719,0.61651,0.20492,0.09016
1388.00000,300.00000,1758.71709,5.58926,15.94628,18.83802,17.74793,0.75207,0.10661,0.06612
1389.00000,300.00000,1749.26239,5.40052,16.15116,18.94444,12.13566,0.50000,0.09109,0.06718
1390.00000,147.00000,1740.36781,4.01544,17.28958,26.06467,11.74903,0.80454,0.38224,0.11969
1391.00000,151.00000,1747.91520,4.55761,16.73087,25.86456,18.44943,0.50000,0.18470,0.11258
1392.00000,117.00000,1755.71206,3.50995,17.80474,30.58483,12.44645,0.50000,0.15355,0.09289
1393.00000,119.00000,1761.94911,4.36188,17.11098,26.50905,17.53800,0.68878,0.06634,0.01930
1394.00000,198.00000,1764.45003,4.58912,16.71107,21.05722,14.58818,0.66041,0.26266,0.25328
1395.00000,128.00000,1753.32033,4.78133,16.84441,39.84861,18.10934,0.50000,0.21194,0.08663
1396.00000,196.00000,1758.83907,4.39677,17.21269,21.84453,19.94527,0.70771,0.15920,0.05970
1397.00000,118.00000,1764.72507,4.27249,17.14815,25.94444,22.67328,0.62302,0.10317,0.02778
1398.00000,300.00000,1755.91479,5.29812,16.09382,24.33079,19.03614,0.61119,0.11605,0.03683
1399.00000,176.00000,1746.55692,5.41331,16.07628,33.66158,14.22191,0.58010,0.26976,0.01942
1400.00000,226.00000,1737.65540,4.66190,16.87389,25.75392,16.54260,0.50954,0.22086,0.10089
1401.00000,136.00000,1744.47151,4.29624,17.17107,22.87344,20.65925,0.62587,0.06259,0.02364
1402.00000,300.00000,1746.58679,5.76476,15.85727,24.48282,20.72952,0.73700,0.26167,0.01762
1403.00000,300.00000,1737.62116,6.08193,15.38282,26.73932,18.03327,0.62140,0.09335,0.02085
1404.00000,114.00000,1727.31464,3.93423,17.40641,25.38280,19.08094,0.53710,0.12310,0.08938
1405.00000,300.00000,1732.04426,5.25818,16.11065,27.26931,19.61935,0.63118,0.14823,0.09603
1406.00000,207.00000,1724.12865,4.10287,17.37605,23.66189,17.87099,0.53331,0.20742,0.09949
1407.00000,158.00000,1714.78717,5.21750,16.34178,29.00327,19.47915,0.54497,0.18070,0.06460
1408.00000,300.00000,1722.64016,5.46312,16.09553,26.32588,18.60641,0.64541,0.17654,0.02116
1409.00000,207.00000,1729.26235,4.37768,17.12934,26.83222,17.17369,0.55543,0.20769,0.06430
1410.00000,193.00000,1721.50922,3.89981,17.38752,18.71645,14.58034,0.56474,0.17675,0.07467
1411.00000,109.00000,1709.43129,3.93824,17.73529,31.07794,15.91912,0.62868,0.00588,0.00000
1412.00000,197.00000,1718.07941,4.73346,16.68272,30.86256,17.85164,0.58895,0.09891,0.03661
1413.00000,161.00000,1710.01664,3.72766,17.48475,20.68875,13.98633,0.70189,0.13460,0.06940
1414.00000,100.00000,1716.41295,3.29012,17.88519,25.83210,12.46420,0.50000,0.16296,0.09259
1415.00000,300.00000,1720.12201,5.43839,15.97413,17.98026,19.51600,0.74336,0.13615,0.02383
1416.00000,105.00000,1725.26664,3.68293,17.73171,28.86585,18.18659,0.50000,0.15244,0.07561
1417.00000,209.00000,1717.09835,5.10676,16.27189,28.70178,14.27616,0.52420,0.23274,0.09609
1418.00000,69.00000,1726.03231,4.85639,16.31524,26.23643,16.38704,0.50000,0.32574,0.05079
1419.00000,154.00000,1732.41759,4.98208,16.40761,23.37738,18.18813,0.74468,0.16125,0.06943
1420.00000,300.00000,1740.22006,4.53425,16.89122,20.47462,17.13940,0.65431,0.13618,0.02337
1421.00000,114.00000,1747.65691,2.89677,18.58707,24.09906,16.26486,0.50000,0.20334,0.13556
1422.00000,300.00000,1747.09250,5.13209,16.32613,23.40620,18.06254,0.64407,0.04968,0.03039
1423.00000,119.00000,1749.73648,3.27426,18.13924,24.81857,13.57384,0.52813,0.10267,0.00563
1424.00000,300.00000,1741.52185,5.77764,15.67344,19.18234,13.15629,0.58958,0.12961,0.02097
1425.00000,122.00000,1732.54282,4.14987,17.09634,32.20607,18.56021,0.50000,0.18376,0.01873
1426.00000,157.00000,1740.42607,4.38424,17.02463,29.58539,18.08210,0.50000,0.10263,0.06486
1427.00000,219.00000,1747.25727,4.32970,17.06135,29.06078,15.34862,0.53354,0.10952,0.02523
1428.00000,225.00000,1754.62841,4.86318,16.72219,31.41225,14.40274,0.50000,0.17728,0.02023
1429.00000,120.00000,1758.60396,4.54657,16.76388,32.99341,22.58608,0.50000,0.05362,0.02258
1430.00000,119.00000,1764.33438,3.80322,17.41438,33.63671,15.70388,0.50000,0.17502,0.03974
1431.00000,300.00000,1754.08171,4.09275,17.31729,19.26011,16.82985,0.54184,0.06904,0.06346
1432.00000,186.00000,1756.60118,5.15174,16.26931,27.73616,14.53110,0.63329,0.26111,0.02802
1433.00000,300.00000,1759.99948,5.48294,16.04608,19.70734,21.11177,0.89974,0.13140,0.06058
1434.00000,300.00000,1763.27638,5.09606,16.30435,15.60971,18.95956,0.66936,0.08190,0.05056
1435.00000,117.00000,1752.45139,5.02050,16.47476,25.76025,25.58833,0.71767,0.09464,0.04101
1436.00000,282.00000,1750.61605,5.65026,15.82289,24.09079,16.91880,0.55243,0.14386,0.04668
1437.00000,300.00000,1741.81875,5.49150,16.06104,23.69478,16.91819,0.51888,0.12649,0.08748
1438.00000,220.00000,1746.60480,4.88544,16.64387,22.14210,20.55062,0.87966,0.13677,0.02043
1439.00000,300.00000,1745.57946,5.90184,15.59597,20.21648,23.69062,0.83260,0.16915,0.04908
1440.00000,300.00000,1735.22019,6.55464,14.81512,28.91231,17.89071,0.50000,0.19957,0.02505
1441.00000,128.00000,1727.55096,5.22793,16.22432,30.08919,16.47568,0.50000,0.13694,0.02973
1442.00000,239.00000,1733.99342,4.26336,17.02818,17.22643,19.60350,0.88873,0.09621,0.00389
1443.00000,141.00000,1742.02515,5.00728,16.22930,26.48135,14.05641,0.50955,0.23931,0.07188
1444.00000,164.00000,1733.33002,3.33449,17.88386,15.50871,11.39257,0.84088,0.13821,0.06736
1445.00000,152.00000,1736.29797,4.65433,16.65854,29.45669,16.90076,0.50000,0.21362,0.11102
1446.00000,176.00000,1726.20103,3.43451,17.81664,23.51464,14.13328,0.50809,0.21880,0.11248
1447.00000,166.00000,1732.52447,6.25358,15.61918,29.47043,14.69265,0.50000,0.30197,0.19624
1448.00000,97.00000,1737.37736,5.85144,15.34146,31.41242,14.71729,0.50000,0.34812,0.05100
1449.00000,188.00000,1739.79159,4.43235,16.86961,24.64804,20.46863,0.72892,0.05392,0.00588
1450.00000,300.00000,1747.96656,5.00659,16.56044,29.60055,19.25824,0.50797,0.13462,0.04451
1451.00000,207.00000,1739.53820,5.56823,15.85867,22.79142,24.11988,0.68129,0.14425,0.00000
1452.00000,114.00000,1740.06267,3.92254,17.46473,23.05809,16.13001,0.69571,0.26556,0.14385
1453.00000,156.00000,1732.01779,4.66319,16.59269,25.52742,16.87206,0.51088,0.21323,0.08181
1454.00000,148.00000,1734.77566,3.47849,17.77754,24.37671,14.25813,0.56978,0.20986,0.05352
1455.00000,300.00000,1736.81023,5.30803,16.09901,28.06106,17.47855,0.59983,0.07371,0.02035
1456.00000,253.00000,1745.02020,5.71472,15.65542,13.78630,21.14213,0.85123,0.25358,0.02352
1457.00000,300.00000,1751.68746,4.80938,16.70312,16.39688,19.29453,0.76172,0.12812,0.05625
1458.00000,180.00000,1742.25616,4.47976,16.70378,28.93725,13.35358,0.50000,0.20715,0.12416
1459.00000,141.00000,1732.27266,4.29607,17.11425,25.03931,21.82678,0.60381,0.07617,0.03194
1460.00000,147.00000,1740.17261,3.99325,17.50422,30.62648,13.49410,0.50000,0.28246,0.16273
1461.00000,300.00000,1731.90974,7.42332,14.19518,23.29151,12.67110,0.50887,0.23701,0.13752
1462.00000,300.00000,1738.83812,6.71542,14.83052,24.17054,16.20063,0.50000,0.26294,0.05966
1463.00000,103.00000,1742.37488,4.23392,16.92572,29.15743,12.22616,0.50000,0.42683,0.16519
1464.00000,70.00000,1749.98722,5.19728,16.49320,43.60884,17.79592,0.50000,0.30612,0.01190
1465.00000,200.00000,1758.08160,5.21588,16.31348,28.44830,18.08354,0.53929,0.14475,0.06121
1466.00000,300.00000,1765.15367,6.74426,14.85595,27.24426,18.39509,0.51775,0.19363,0.01514
1467.00000,91.00000,1756.32314,2.99810,18.41255,17.52471,18.50951,0.69106,0.01141,0.02281
1468.00000,192.00000,1762.32939,6.02889,15.53186,32.53866,20.23534,0.64359,0.16143,0.02889
1469.00000,293.00000,1752.98449,7.32803,14.34053,26.37294,15.33883,0.55344,0.15179,0.01990
1470.00000,300.00000,1739.97300,4.69579,16.81591,21.31123,18.00624,0.82137,0.11856,0.02496
1471.00000,172.00000,1747.77450,4.01701,17.50227,24.73016,19.55215,0.64002,0.04762,0.02948
1472.00000,300.00000,1736.08785,5.76383,15.63142,14.69170,17.28656,0.79941,0.15711,0.03755
1473.00000,192.00000,1727.25215,4.07435,17.28996,24.59201,12.90613,0.58457,0.14591,0.00279
1474.00000,300.00000,1718.93663,5.91672,15.63534,27.14218,15.91672,0.50000,0.08031,0.02915
1475.00000,124.00000,1710.15145,3.60591,17.57943,30.06721,13.41039,0.51222,0.14053,0.05295
1476.00000,179.00000,1718.30385,4.71904,16.66167,29.82920,17.30248,0.50000,0.19231,0.14407
1477.00000,157.00000,1725.40357,4.49522,16.88098,21.84591,15.66738,0.56057,0.14346,0.00319
1478.00000,137.00000,1726.69721,4.61599,16.50912,24.76195,11.55691,0.50000,0.24414,0.09470
1479.00000,194.00000,1733.55683,3.99763,17.27046,21.78173,21.00356,0.67141,0.11507,0.08897
1480.00000,300.00000,1741.80704,5.91224,15.69130,26.00154,25.58276,0.54580,0.07005,0.04696
1481.00000,152.00000,1734.04711,4.72600,16.74395,33.11241,17.44653,0.50000,0.06011,0.04137
1482.00000,136.00000,1741.91398,3.68147,17.55293,22.72401,13.71456,0.50000,0.15974,0.07750
1483.00000,167.00000,1749.47421,5.31931,16.10974,27.25413,13.05858,0.59200,0.33333,0.08251
1484.00000,131.00000,1753.64362,4.25204,17.30100,32.52312,15.86129,0.50000,0.11967,0.00453
1485.00000,157.00000,1757.97639,4.51366,17.04918,31.00638,23.31603,0.66211,0.06102,0.01002
1486.00000,131.00000,1766.11345,4.07398,17.25936,34.56506,16.57487,0.50000,0.11943,0.08289
1487.00000,161.00000,1757.30669,4.06428,17.35557,31.13751,15.65745,0.50000,0.12856,0.06672
1488.00000,220.00000,1763.14212,4.56860,16.94059,25.83805,19.19024,0.58805,0.07284,0.04102
1489.00000,229.00000,1768.74580,4.65783,16.78956,24.10191,19.31897,0.59528,0.14664,0.09445
1490.00000,218.00000,1775.97861,4.01709,17.31032,25.27087,15.32610,0.65582,0.11111,0.02038
1491.00000,235.00000,1766.27643,4.88727,16.53846,25.72414,14.71088,0.55869,0.17308,0.03581
1492.00000,121.00000,1772.13713,3.58812,17.75050,30.57525,13.01782,0.50000,0.14752,0.08218
1493.00000,184.00000,1778.04062,5.75647,15.88015,24.42378,25.57047,0.65388,0.18121,0.05944
1494.00000,178.00000,1780.19919,5.92509,15.62906,29.56588,21.33303,0.57581,0.19856,0.04964
1495.00000,300.00000,1785.42819,7.22438,14.43160,24.17344,16.84602,0.52433,0.12936,0.02633
1496.00000,172.00000,1774.67798,5.55178,15.91471,28.72324,24.36902,0.64534,0.08877,0.06876
1497.00000,300.00000,1781.31019,5.44897,16.09496,24.69444,16.13760,0.60659,0.14664,0.07041
1498.00000,118.00000,1787.62470,3.87102,17.69044,25.48710,22.64188,0.56904,0.18665,0.11684
1499.00000,125.00000,1788.70097,3.79503,17.65395,30.57498,16.53949,0.50000,0.12156,0.03461
1500.00000,211.00000,1777.76670,5.70298,15.80222,31.99653,15.77030,0.55135,0.21305,0.01804
1501.00000,123.00000,1785.23846,4.41313,17.01351,33.27413,10.95174,0.50000,0.19112,0.03089
1502.00000,168.00000,1771.82380,3.89538,17.33333,27.20276,13.58962,0.56042,0.15328,0.04055
1503.00000,182.00000,1778.89642,4.33693,17.19870,20.77754,14.91361,0.69816,0.09287,0.04536
1504.00000,169.00000,1786.00491,4.93460,16.47867,25.12796,17.92227,0.53697,0.17630,0.04171
1505.00000,109.00000,1777.64844,3.92905,17.45833,32.71059,18.76914,0.50000,0.17342,0.10473
1506.00000,142.00000,1764.52113,4.68191,16.82021,31.95745,22.70957,0.55160,0.04362,0.02766
1507.00000,141.00000,1771.79211,4.66064,16.63700,21.27399,23.21836,0.67803,0.10848,0.05007
1508.00000,300.00000,1763.17090,4.82432,16.70626,19.62731,22.96586,0.69488,0.09317,0.04836
1509.00000,161.00000,1754.65700,5.50732,16.13582,39.34621,18.76032,0.50000,0.26964,0.02929
1510.00000,300.00000,1746.35119,5.76622,15.78514,19.63986,15.23919,0.53885,0.22230,0.05946
1511.00000,202.00000,1748.61000,4.36871,17.01379,31.00839,13.84233,0.50000,0.10192,0.02338
1512.00000,300.00000,1755.83731,5.35281,15.98078,21.57802,17.06687,0.69101,0.18832,0.03997
1513.00000,115.00000,1763.13339,3.73022,17.54623,33.06864,11.46520,0.50000,0.32984,0.10677
1514.00000,123.00000,1754.19600,3.78488,17.49709,30.07703,21.37791,0.52398,0.14971,0.00872
1515.00000,125.00000,1758.72232,4.31595,17.01534,26.16462,15.36912,0.55521,0.30879,0.10634
1516.00000,134.00000,1745.56700,3.93269,17.59003,33.61801,17.41434,0.52885,0.15909,0.02622
1517.00000,160.00000,1751.82903,3.68252,17.48531,15.84336,21.66853,0.72098,0.07133,0.02517
1518.00000,134.00000,1760.08811,3.11821,18.16773,30.60703,13.24361,0.50000,0.11741,0.07268
1519.00000,111.00000,1747.43484,4.69970,16.71772,27.24775,21.51051,0.57282,0.08108,0.01351
1520.00000,202.00000,1754.51965,5.43325,15.96238,22.85922,24.21117,0.86165,0.24879,0.05583
1521.00000,300.00000,1744.63335,5.45927,15.91777,18.00931,19.78045,0.80915,0.19007,0.02948
1522.00000,212.00000,1736.76046,6.07598,15.30488,24.94559,18.91276,0.73265,0.09099,0.03002
1523.00000,150.00000,1727.89592,4.77344,16.72423,28.75952,17.77159,0.50000,0.16620,0.14856
1524.00000,171.00000,1720.04787,5.13457,16.24749,26.09822,12.76411,0.50116,0.17711,0.11060
1525.00000,152.00000,1722.86608,6.02093,15.54806,31.44341,15.84341,0.63062,0.34419,0.04961
1526.00000,236.00000,1725.60929,5.05729,16.22005,29.98893,15.39779,0.50000,0.20573,0.04297
1527.00000,166.00000,1733.86581,5.34279,16.04985,25.23390,15.55215,0.50000,0.16641,0.06135
1528.00000,128.00000,1741.24581,4.10836,17.19974,24.88903,16.29373,0.61292,0.18930,0.11097
1529.00000,132.00000,1743.52984,4.45913,17.04696,36.28609,19.30957,0.50000,0.14348,0.01130
1530.00000,114.00000,1735.61591,3.57692,17.71836,24.38586,14.64888,0.61476,0.23201,0.16625
1531.00000,98.00000,1742.94417,3.99091,17.41688,29.23247,19.75325,0.69610,0.19351,0.05584
1532.00000,177.00000,1747.01642,4.97408,16.47732,23.56156,21.35529,0.76080,0.08207,0.00540
1533.00000,130.00000,1755.76897,3.67396,17.60521,25.15000,16.43958,0.50000,0.10000,0.05417
1534.00000,164.00000,1748.13817,5.19589,16.17641,21.82468,18.51515,0.56818,0.22186,0.09524
1535.00000,162.00000,1754.30706,3.91282,17.31909,26.29817,14.38797,0.51962,0.21186,0.10811
1536.00000,300.00000,1759.80198,4.78378,16.49155,15.50000,12.92399,0.65118,0.11149,0.06166
1537.00000,122.00000,1763.68448,4.55662,16.98090,24.64256,15.95089,0.77558,0.13779,0.06412
1538.00000,300.00000,1762.56701,6.16758,15.19168,24.06736,20.18565,0.67881,0.10405,0.02081
1539.00000,172.00000,1750.83137,4.77884,16.77788,28.10582,23.41373,0.69638,0.07340,0.06292
1540.00000,151.00000,1741.11927,3.76739,17.53998,21.47664,18.90135,0.70976,0.13811,0.05504
1541.00000,154.00000,1730.61656,4.43454,16.88669,23.27723,19.24422,0.70132,0.09681,0.09791
1542.00000,137.00000,1732.94181,3.97166,17.34143,18.33738,17.75034,0.62551,0.10391,0.07557
1543.00000,300.00000,1723.84784,8.61306,12.99945,22.50878,13.75027,0.59715,0.22997,0.03074
1544.00000,124.00000,1715.16746,4.10147,17.34952,29.66956,16.20382,0.58977,0.20208,0.02949
1545.00000,176.00000,1719.77404,4.79680,16.65280,26.88480,22.11920,0.66760,0.10880,0.01680
1546.00000,137.00000,1727.81045,4.75178,16.78430,33.24504,13.36875,0.50000,0.13164,0.04282
1547.00000,205.00000,1734.76321,4.94291,16.53194,34.39570,17.21990,0.50000,0.13793,0.04127
1548.00000,300.00000,1743.18365,3.74637,17.49435,17.24717,22.21486,0.61834,0.11228,0.08320
1549.00000,226.00000,1749.75111,4.20623,17.32087,29.64237,14.75950,0.50000,0.18318,0.09969
1550.00000,164.00000,1747.78291,5.01696,16.57891,34.73746,16.76696,0.50000,0.14897,0.02434
1551.00000,93.00000,1753.52550,4.46144,16.97637,36.72886,16.07836,0.50498,0.11443,0.02736
1552.00000,184.00000,1761.00003,4.74556,16.54256,20.46773,16.00842,0.81525,0.15529,0.00655
1553.00000,96.00000,1766.23045,3.67468,17.61168,34.25200,16.02749,0.50000,0.12371,0.04238
1554.00000,134.00000,1757.31422,5.09043,16.59894,31.85000,25.08404,0.73989,0.11809,0.01277
1555.00000,68.00000,1764.26393,3.34387,18.13197,29.65428,15.17100,0.50000,0.43680,0.17658
1556.00000,300.00000,1751.96995,6.78976,14.73554,25.42651,13.88253,0.50000,0.15301,0.02831
1557.00000,181.00000,1760.55039,4.60410,16.80915,27.19479,20.05757,0.50000,0.11751,0.03155
1558.00000,170.00000,1760.13734,4.92308,16.61243,29.85873,12.93269,0.50000,0.19157,0.06731
1559.00000,99.00000,1764.22552,4.83673,16.61465,31.44298,12.92557,0.50000,0.24490,0.07683
1560.00000,100.00000,1771.11137,4.54249,16.85565,27.61234,18.75320,0.50000,0.20838,0.05355
1561.00000,126.00000,1777.71625,4.14558,17.08658,32.20742,12.81922,0.50000,0.15319,0.03330
1562.00000,300.00000,1783.85162,4.92363,16.49282,22.80940,13.27742,0.52023,0.20039,0.02807
1563.00000,300.00000,1790.23611,6.05495,15.37813,22.69587,13.35092,0.50000,0.06746,0.04461
1564.00000,168.00000,1788.76100,3.88163,17.42774,30.55556,16.76325,0.50000,0.11329,0.03341
1565.00000,88.00000,1795.29448,5.29156,16.14908,26.40369,20.43668,0.50000,0.18997,0.06069
1566.00000,86.00000,1799.14534,4.29307,17.16238,21.98416,20.23168,0.56238,0.01980,0.00198
1567.00000,300.00000,1804.25517,5.84894,15.65293,24.89513,14.79338,0.57491,0.21411,0.02684
1568.00000,240.00000,1793.99422,5.85753,15.57671,24.23562,17.70616,0.68425,0.23014,0.04452
1569.00000,91.00000,1791.37013,4.38621,17.01839,32.84598,17.34368,0.50000,0.14483,0.03218
1570.00000,85.00000,1780.64192,4.62821,16.59402,22.80199,12.05983,0.75356,0.37179,0.07977
1571.00000,300.00000,1787.03511,5.38502,16.10272,22.95030,17.42677,0.75845,0.20212,0.16832
1572.00000,212.00000,1792.50069,5.26206,16.22175,31.71411,16.08002,0.50000,0.18815,0.01588
1573.00000,275.00000,1783.60876,5.17745,16.33641,19.28928,20.58688,0.86368,0.23752,0.04806
1574.00000,300.00000,1790.97086,6.46855,15.12148,22.71800,18.36659,0.68040,0.13449,0.07881
1575.00000,177.00000,1794.46967,5.34751,15.98315,27.19743,15.70787,0.51204,0.18700,0.17657
1576.00000,204.00000,1799.56086,3.81810,17.60914,19.54944,18.46082,0.54338,0.06250,0.02239
1577.00000,108.00000,1800.43492,4.72297,16.75676,30.13851,17.99155,0.58108,0.15709,0.04899
1578.00000,300.00000,1806.74968,4.94184,16.46967,20.92245,19.23765,0.60131,0.14321,0.01626
1579.00000,201.00000,1796.44398,5.06830,16.39495,25.22049,19.71418,0.53118,0.12324,0.12398
1580.00000,270.00000,1801.73370,5.87778,15.62763,26.09675,14.93953,0.63908,0.34500,0.09739
1581.00000,300.00000,1806.81011,6.44274,15.01094,26.22684,14.36616,0.61306,0.17870,0.05179
1582.00000,300.00000,1811.02811,6.72676,14.78455,26.85490,18.02513,0.62437,0.14950,0.02010
1583.00000,156.00000,1807.89372,4.97454,16.58873,34.43210,16.38040,0.50000,0.16127,0.05324
1584.00000,288.00000,1813.47350,5.78767,15.62951,29.14633,16.34682,0.56631,0.15504,0.07347
1585.00000,150.00000,1819.79809,4.45612,16.95341,23.38353,17.09534,0.68093,0.19285,0.03142
1586.00000,150.00000,1825.46184,5.46868,15.93848,21.82215,16.63870,0.69855,0.24161,0.07606
1587.00000,89.00000,1829.28196,3.76630,17.75835,28.99841,12.18919,0.50000,0.30843,0.12560
1588.00000,300.00000,1818.86917,5.44515,15.99505,22.43737,20.82873,0.67834,0.12243,0.06582
1589.00000,192.00000,1825.45088,4.93553,16.40698,28.16320,16.01410,0.50000,0.18200,0.02485
1590.00000,300.00000,1824.50718,5.16350,16.25729,24.93409,17.44930,0.50063,0.06971,0.04689
1591.00000,155.00000,1829.95121,4.23936,17.13830,20.86303,21.93085,0.84176,0.06516,0.02926
1592.00000,187.00000,1835.98894,5.00893,16.44940,24.64286,20.34821,0.52232,0.13294,0.15179
1593.00000,133.00000,1825.28605,4.30731,17.01479,35.95727,10.33607,0.50000,0.21528,0.04355
1594.00000,161.00000,1830.66394,4.88949,16.69093,29.00180,16.08895,0.57682,0.29919,0.03774
1595.00000,300.00000,1835.13758,6.35003,15.18754,27.12462,15.66891,0.56781,0.17532,0.06475
1596.00000,135.00000,1840.99738,5.31934,16.13101,26.57625,16.63460,0.53378,0.33367,0.09928
1597.00000,149.00000,1846.69113,3.50839,17.74528,20.09224,13.22117,0.61373,0.15828,0.05660
1598.00000,177.00000,1852.11010,4.06395,17.28980,18.65170,21.17143,0.70000,0.11973,0.02993
1599.00000,178.00000,1852.76001,4.75396,16.44954,20.85571,8.34028,0.53795,0.51460,0.00083
1600.00000,300.00000,1842.13042,6.34981,15.02433,13.89125,17.65856,0.81027,0.17414,0.05399
1601.00000,268.00000,1846.40234,5.55140,15.94860,24.84201,15.86168,0.53775,0.19734,0.03426
1602.00000,144.00000,1834.25365,3.80200,17.40400,21.26700,17.87000,0.50000,0.18500,0.13400
1603.00000,300.00000,1837.06075,4.19723,17.16824,23.19471,14.21865,0.51418,0.14430,0.07687
1604.00000,132.00000,1838.41435,5.74752,15.78725,36.64901,12.21523,0.66225,0.44950,0.00414
1605.00000,300.00000,1845.69363,5.26524,16.16639,19.30890,18.83443,0.68163,0.07825,0.08814
1606.00000,163.00000,1851.16358,4.58117,17.08451,34.94292,14.02817,0.50000,0.10007,0.06746
1607.00000,174.00000,1839.56901,4.02961,17.33142,23.05826,16.53582,0.57163,0.17096,0.08787
1608.00000,164.00000,1846.65478,4.73630,16.55822,29.00571,22.49543,0.63071,0.04680,0.00685
1609.00000,125.00000,1851.60123,3.78696,17.56128,33.21595,19.70331,0.50000,0.10992,0.07296
1610.00000,140.00000,1842.46858,4.15649,17.29008,25.38645,15.53340,0.55010,0.23950,0.04962
1611.00000,300.00000,1847.11754,5.94269,15.40633,18.96407,18.46536,0.81779,0.28828,0.06501
1612.00000,300.00000,1852.37497,4.44563,16.85324,19.61174,14.76184,0.54003,0.08272,0.06071
1613.00000,129.00000,1840.97794,4.54839,16.90084,26.35842,17.21147,0.54779,0.21983,0.11470
1614.00000,140.00000,1845.78938,4.85799,16.53146,30.86565,14.83673,0.51318,0.13861,0.04762
1615.00000,300.00000,1834.88573,7.09850,14.42237,20.06511,14.95743,0.59015,0.17529,0.01753
1616.00000,168.00000,1836.34469,4.72693,16.74294,28.07704,13.68955,0.50000,0.15027,0.02288
1617.00000,300.00000,1826.29798,6.62821,14.98860,20.20940,13.79487,0.59687,0.14245,0.03419
1618.00000,300.00000,1831.29839,5.50018,15.97127,39.27698,10.85856,0.50000,0.06961,0.05157
1619.00000,300.00000,1837.46831,5.52565,15.88792,20.95817,18.54459,0.66890,0.22257,0.17758
1620.00000,115.00000,1843.51422,4.97249,16.61650,25.32039,28.01294,0.75324,0.05178,0.00162
1621.00000,195.00000,1833.62480,5.75476,15.67440,22.58492,11.40431,0.50414,0.27506,0.02983
1622.00000,179.00000,1822.78228,6.14819,15.25796,20.55982,14.76509,0.61526,0.31065,0.05379
1623.00000,109.00000,1828.13075,4.20128,17.17785,30.46219,14.79446,0.52982,0.25879,0.00000
1624.00000,300.00000,1833.96671,4.42968,16.95484,22.16000,17.61226,0.53000,0.08774,0.01097
1625.00000,142.00000,1840.73571,3.18107,18.09736,23.85805,16.09827,0.50000,0.10646,0.06460
1626.00000,113.00000,1838.09659,5.74510,15.63261,36.45511,20.02270,0.50000,0.24149,0.08153
1627.00000,300.00000,1843.08355,5.47608,15.92203,20.68458,13.60130,0.51772,0.08683,0.05080
1628.00000,250.00000,1845.59007,4.80963,16.68298,24.38695,21.13131,0.73193,0.11111,0.01709
1629.00000,300.00000,1849.63979,3.94547,17.49270,16.17040,16.64946,0.74684,0.05063,0.00876
1630.00000,186.00000,1854.89800,3.67264,17.67264,24.10660,19.15566,0.61557,0.12547,0.03679
1631.00000,139.00000,1843.76897,4.69361,16.85404,27.96864,20.85283,0.53257,0.04222,0.05308
1632.00000,266.00000,1845.68260,5.27038,15.98762,17.99071,21.34881,0.57276,0.13725,0.00826
1633.00000,148.00000,1835.34924,4.75026,16.44502,22.65159,21.40391,0.66855,0.06166,0.00411
1634.00000,98.00000,1837.57392,4.56564,16.71622,24.42664,21.29344,0.57336,0.07529,0.06371
1635.00000,171.00000,1826.32103,4.22889,17.26805,19.22399,21.48470,0.66095,0.05386,0.02570
1636.00000,101.00000,1817.20495,5.20418,16.37819,33.95592,18.67517,0.67343,0.24826,0.03016
1637.00000,161.00000,1806.95075,4.06854,17.39719,27.58794,12.87448,0.50000,0.16433,0.00991
1638.00000,120.00000,1810.08133,5.42704,16.08584,32.40021,15.17918,0.50644,0.25215,0.09227
1639.00000,113.00000,1816.56660,2.86242,18.45973,26.58837,13.38479,0.50000,0.13535,0.07271
1640.00000,121.00000,1822.65728,3.45972,17.83694,28.90472,16.07269,0.50344,0.11297,0.03635
1641.00000,300.00000,1829.51053,4.94399,16.49593,31.01426,17.37322,0.50000,0.12729,0.02648
1642.00000,132.00000,1834.55196,3.44772,18.02947,28.97053,12.87167,0.50380,0.10361,0.06369
1643.00000,138.00000,1841.75798,3.72403,17.79939,28.21079,18.43686,0.50000,0.25356,0.14766
1644.00000,291.00000,1844.24411,5.49683,16.02748,18.66596,11.78929,0.50000,0.15363,0.03665
1645.00000,145.00000,1845.68814,4.02020,17.24820,20.67532,17.07792,0.57792,0.08369,0.02886
1646.00000,97.00000,1851.21878,4.31620,16.99441,36.46592,15.04693,0.50000,0.18659,0.07486
1647.00000,131.00000,1842.18883,3.67638,17.66734,25.95879,14.11256,0.50000,0.16482,0.08543
1648.00000,300.00000,1847.30319,5.98111,15.45000,25.14000,18.18944,0.74528,0.16889,0.01000
1649.00000,141.00000,1850.67902,4.37868,17.01929,28.68223,15.75330,0.53198,0.17157,0.05685
1650.00000,171.00000,1855.74901,3.86588,17.59529,28.84078,13.12941,0.50000,0.09569,0.05961
1651.00000,120.00000,1859.30189,3.51744,17.73605,27.34535,15.78605,0.50000,0.14535,0.14651
1652.00000,173.00000,1863.03865,3.49815,17.75462,21.90983,15.58980,0.50000,0.10865,0.11160
1653.00000,239.00000,1864.28000,3.57355,17.78306,21.51634,16.69911,0.53566,0.08470,0.06464
1654.00000,265.00000,1867.53296,5.43986,16.07698,28.30997,17.62749,0.52887,0.18969,0.05086
1655.00000,91.00000,1857.39984,4.39591,16.78033,32.30779,12.75734,0.50000,0.20179,0.03576
1656.00000,300.00000,1846.55074,5.40057,16.07296,21.33763,17.55222,0.75322,0.13662,0.01431
1657.00000,163.00000,1850.18532,4.30999,16.91051,22.58755,22.76135,0.57977,0.01556,0.02464
1658.00000,176.00000,1839.25815,4.05401,17.36544,26.99640,13.99280,0.52430,0.14851,0.06391
1659.00000,177.00000,1829.41848,4.47727,16.83612,18.81459,14.38636,0.71591,0.22967,0.06699
1660.00000,159.00000,1819.84386,4.36364,16.83392,26.37850,15.63199,0.50000,0.25699,0.16871
1661.00000,243.00000,1810.92038,5.65949,15.84023,29.27762,9.99547,0.50000,0.13428,0.10708
1662.00000,213.00000,1815.43009,4.49159,16.79185,25.89903,16.64128,0.61559,0.22055,0.13818
1663.00000,125.00000,1821.37657,4.66162,16.69394,26.47879,19.38485,0.50758,0.21414,0.05455
1664.00000,300.00000,1809.59188,5.57770,15.86554,19.89122,15.59392,0.65878,0.13919,0.03176
1665.00000,221.00000,1811.82903,4.94114,16.52726,34.53036,17.01177,0.50186,0.19888,0.01921
1666.00000,101.00000,1800.88197,3.61519,17.52896,23.30888,11.79923,0.55148,0.19434,0.10167
1667.00000,274.00000,1803.46340,5.05003,16.41244,23.31305,17.49087,0.65247,0.16971,0.05815
1668.00000,185.00000,1808.04327,5.15031,16.57294,33.44651,25.29708,0.78559,0.07515,0.01592
1669.00000,300.00000,1796.61276,7.85617,13.53837,19.74645,15.47527,0.65463,0.24218,0.01080
1670.00000,142.00000,1787.06854,4.45788,17.13175,25.09071,18.18790,0.84395,0.01728,0.01080
1671.00000,100.00000,1795.52712,3.63782,17.71154,25.62500,18.69231,0.73237,0.16827,0.11699
1672.00000,142.00000,1785.99607,4.04014,17.19126,21.48878,15.31523,0.61570,0.12515,0.06375
1673.00000,179.00000,1779.00170,4.11496,17.15651,13.83102,19.58310,0.75831,0.30609,0.11080
1674.00000,138.00000,1768.38945,3.39657,17.85701,27.43184,14.88465,0.58389,0.21258,0.14681
1675.00000,71.00000,1777.67713,2.95043,18.29095,27.89009,14.27586,0.50000,0.04741,0.14224
1676.00000,169.00000,1780.98162,4.50198,16.83884,33.93263,11.63738,0.50000,0.08256,0.00859
1677.00000,102.00000,1773.14721,3.94810,17.28028,17.65917,18.26298,0.76644,0.20069,0.00346
1678.00000,300.00000,1779.09718,6.92705,14.48292,18.37211,21.33610,0.79594,0.15512,0.03693
1679.00000,145.00000,1770.15366,3.64909,17.59802,29.57661,17.73064,0.50000,0.09638,0.06343
1680.00000,158.00000,1761.31560,3.86946,17.45608,28.41741,19.67365,0.50000,0.11201,0.11039
1681.00000,185.00000,1768.51970,5.49143,15.87827,23.51668,25.81605,0.78494,0.05140,0.01172
1682.00000,128.00000,1774.50873,5.57888,16.08230,28.95473,21.62963,0.90535,0.08916,0.00000
1683.00000,192.00000,1765.64261,4.51629,16.90309,23.52966,11.64077,0.58354,0.21303,0.04678
1684.00000,156.00000,1757.31075,4.49102,16.94696,27.50813,13.23439,0.50000,0.17280,0.01882
1685.00000,230.00000,1764.96411,6.59454,14.82321,24.01638,12.33788,0.50000,0.18908,0.10375
1686.00000,213.00000,1771.68123,3.99272,17.28052,18.94907,15.40016,0.62369,0.08246,0.02668
1687.00000,198.00000,1777.05286,4.18833,17.18333,23.32833,19.80417,0.77000,0.06083,0.05083
1688.00000,76.00000,1767.91849,5.06747,16.28936,35.51574,19.02549,0.50000,0.16492,0.08996
1689.00000,179.00000,1776.16789,4.56744,16.93392,35.47071,15.85831,0.50000,0.08038,0.01635
1690.00000,300.00000,1782.40397,4.93494,16.44831,19.01961,12.03209,0.67201,0.31373,0.01783
1691.00000,148.00000,1789.32768,4.63399,16.86275,31.61811,22.14472,0.55135,0.02801,0.00187
1692.00000,219.00000,1789.11126,4.66386,16.80056,26.63296,21.41105,0.59551,0.12360,0.07491
1693.00000,214.00000,1779.10898,5.51625,16.01949,31.18989,18.48809,0.55668,0.16173,0.04621
1694.00000,300.00000,1769.55521,6.32350,15.10914,17.82793,15.34120,0.67994,0.14651,0.04425
1695.00000,148.00000,1757.42948,4.72300,16.60105,33.18990,12.91812,0.50392,0.19861,0.01829
1696.00000,90.00000,1755.06333,3.84959,17.60569,29.95935,20.23171,0.50000,0.11518,0.07182
1697.00000,218.00000,1762.36153,5.77348,15.88889,30.53405,10.31183,0.50000,0.22724,0.03656
1698.00000,77.00000,1768.64317,5.54204,16.04528,36.83571,19.80595,0.50000,0.24968,0.05951
1699.00000,139.00000,1773.64927,4.29873,17.08521,32.63173,18.34280,0.50000,0.21548,0.11166
1700.00000,196.00000,1780.37013,4.78208,16.53488,26.06804,17.13609,0.60551,0.16710,0.00603
1701.00000,260.00000,1787.45487,4.80016,16.69552,22.71755,17.08183,0.77380,0.13375,0.01888
1702.00000,135.00000,1773.69744,5.45270,15.97297,30.61486,19.81869,0.75000,0.39302,0.03941
1703.00000,206.00000,1765.07940,4.25037,17.28111,26.19400,15.06515,0.53148,0.15227,0.07467
1704.00000,195.00000,1771.70230,5.20972,16.22379,29.36381,13.51087,0.56042,0.16240,0.06458
1705.00000,300.00000,1778.43442,6.08635,15.49225,16.22583,20.00295,0.67860,0.10923,0.06790
1706.00000,207.00000,1780.99451,3.53520,17.71416,21.33842,17.78032,0.50000,0.11111,0.10263
1707.00000,249.00000,1771.01577,4.44781,16.98451,26.44310,14.96162,0.53569,0.15623,0.07340
1708.00000,153.00000,1776.20682,4.08719,17.32831,23.33046,20.19053,0.61249,0.07966,0.06136
1709.00000,155.00000,1782.26331,3.05065,18.18570,22.42403,14.67229,0.52929,0.09136,0.07746
1710.00000,171.00000,1773.58687,4.29872,17.06259,28.64794,18.54623,0.50000,0.18777,0.04196
1711.00000,300.00000,1763.93266,6.20368,15.25056,26.53348,16.96819,0.54408,0.15402,0.09096
1712.00000,300.00000,1771.63039,7.27473,14.18681,23.50061,14.18437,0.61600,0.43346,0.04579
1713.00000,202.00000,1778.20873,4.94590,16.72575,26.44123,25.37873,0.67677,0.06063,0.02519
1714.00000,300.00000,1785.87978,5.76447,15.63715,22.86574,19.40741,0.51823,0.03241,0.02488
1715.00000,300.00000,1776.63181,6.90734,14.61322,30.15721,15.05674,0.57470,0.22540,0.01249
1716.00000,300.00000,1782.84912,6.26544,15.27766,21.08893,17.70265,0.65852,0.22132,0.11948
1717.00000,300.00000,1790.54490,4.99866,16.26622,20.71037,14.68161,0.63880,0.17324,0.00602
1718.00000,151.00000,1787.64663,3.66149,17.66223,31.82114,11.03104,0.50000,0.11530,0.03326
1719.00000,123.00000,1786.28841,4.30925,16.99422,24.46387,25.17341,0.85405,0.05925,0.00145
1720.00000,300.00000,1788.52280,6.74873,14.76401,21.04697,11.73005,0.50000,0.26995,0.15563
1721.00000,164.00000,1779.38981,4.05286,17.23348,28.83113,14.72614,0.50000,0.15712,0.10206
1722.00000,227.00000,1788.17180,4.62624,16.67838,29.56766,18.71705,0.55624,0.09900,0.03808
1723.00000,199.00000,1793.99468,4.71918,16.64612,26.31849,24.47489,0.68493,0.08105,0.00799
1724.00000,185.00000,1798.84900,5.59887,15.85188,27.09639,11.01772,0.50000,0.15025,0.04040
1725.00000,169.00000,1789.04155,4.77873,16.45253,31.30550,15.34190,0.55853,0.11278,0.07566
1726.00000,300.00000,1795.61916,5.28678,16.06904,23.75358,17.91768,0.52469,0.17631,0.03930
1727.00000,272.00000,1800.94069,5.11676,16.31518,23.84392,11.39564,0.50000,0.19298,0.02904
1728.00000,167.00000,1807.08442,5.60646,15.80176,34.60352,15.13583,0.50000,0.11307,0.01395
1729.00000,196.00000,1812.75245,5.93780,15.45263,16.98278,9.94163,0.50000,0.24689,0.12057
1730.00000,128.00000,1819.77531,6.21001,15.12731,36.17954,30.05985,0.71164,0.05223,0.04679
1731.00000,153.00000,1823.00200,4.76280,16.61964,26.76489,21.00000,0.53971,0.06061,0.04598
1732.00000,213.00000,1811.93892,4.86779,16.43289,30.41879,15.35168,0.51208,0.08926,0.02886
1733.00000,92.00000,1801.88665,3.54675,17.81098,26.47561,22.94512,0.50000,0.01626,0.01626
1734.00000,300.00000,1793.49463,5.88046,15.57342,23.94903,18.23968,0.52640,0.15352,0.04126
1735.00000,174.00000,1783.85097,3.23521,18.10245,27.28788,13.87374,0.50000,0.06349,0.04401
1736.00000,300.00000,1789.63154,6.39802,14.93783,21.64904,13.65137,0.55113,0.13364,0.01976
1737.00000,300.00000,1795.60918,7.42408,14.17696,26.61099,15.73351,0.57173,0.22251,0.02932
1738.00000,261.00000,1801.22537,4.77015,16.53982,28.98856,10.62423,0.50000,0.09013,0.01812
1739.00000,192.00000,1805.24405,4.20748,16.98469,21.43197,10.96429,0.50000,0.12925,0.07738
1740.00000,221.00000,1811.82719,5.17156,16.33860,30.31678,19.22874,0.60722,0.19338,0.00451
1741.00000,105.00000,1818.70451,4.44837,16.72554,27.13723,21.78940,0.57609,0.09783,0.03668
1742.00000,300.00000,1808.99352,6.69078,14.92057,20.65603,14.03475,0.72660,0.29220,0.03617
1743.00000,120.00000,1799.84385,3.80041,17.56790,33.59979,16.83642,0.50000,0.10597,0.06379
1744.00000,120.00000,1804.92476,3.74045,17.67062,25.97760,15.58366,0.53821,0.10408,0.05138
1745.00000,220.00000,1805.62408,4.52174,16.74513,18.13343,23.93403,0.72639,0.12894,0.03298
1746.00000,203.00000,1796.25079,4.31700,17.00300,19.12100,17.21700,0.65850,0.19800,0.08500
1747.00000,300.00000,1785.48406,5.67910,15.75315,23.50576,17.07515,0.50000,0.04553,0.03566
1748.00000,165.00000,1792.78525,4.27626,17.08738,29.26655,18.18094,0.55163,0.11209,0.03177
1749.00000,216.00000,1798.72532,4.46107,16.85639,25.69312,12.88738,0.66024,0.11943,0.01209
1750.00000,166.00000,1789.92846,4.08696,17.28854,25.52767,15.56917,0.87006,0.05435,0.00692
1751.00000,300.00000,1795.70263,6.02735,15.37435,31.27063,16.65252,0.50000,0.14946,0.00424
1752.00000,164.00000,1787.65524,4.54790,16.90120,22.86627,19.43014,0.66168,0.10080,0.01397
1753.00000,300.00000,1794.73039,5.84801,15.62948,18.66601,13.07306,0.50000,0.12068,0.10176
1754.00000,177.00000,1800.72768,5.02410,16.31777,28.48569,22.94352,0.55873,0.08358,0.02636
1755.00000,130.00000,1807.53799,2.98647,18.35068,22.54631,12.51301,0.50000,0.09886,0.18730
1756.00000,300.00000,1811.90166,5.07270,16.39668,21.60904,17.12078,0.56125,0.11792,0.03663
1757.00000,122.00000,1815.97957,4.18766,17.26735,23.96144,17.65424,0.62147,0.10411,0.03985
1758.00000,98.00000,1821.42399,4.37380,17.03195,24.13099,20.62780,0.57268,0.03834,0.01917
1759.00000,300.00000,1813.98725,4.58146,16.95122,12.98341,17.17561,0.78049,0.07415,0.00976
1760.00000,158.00000,1804.88517,4.12837,17.40311,30.86509,11.10139,0.50000,0.15454,0.04742
1761.00000,183.00000,1802.50738,5.84066,15.63402,24.23734,15.22573,0.54979,0.15104,0.01577
1762.00000,300.00000,1804.94177,5.12083,16.25892,26.13751,11.20138,0.50000,0.14212,0.04028
1763.00000,136.00000,1811.18995,4.58747,16.84279,28.10757,24.25059,0.73168,0.02600,0.00709
1764.00000,90.00000,1817.64999,4.19444,17.36458,28.39062,23.08507,0.50000,0.05382,0.00000
1765.00000,161.00000,1807.86833,5.07845,16.23240,33.02933,15.87610,0.50000,0.22581,0.09751
1766.00000,300.00000,1797.93259,5.57781,15.82921,18.66800,19.64884,0.73583,0.08061,0.07981
1767.00000,146.00000,1801.56412,4.19157,17.29789,32.93951,17.07516,0.50000,0.06783,0.00825
1768.00000,193.00000,1792.41344,4.67373,16.87434,27.34822,15.34368,0.50000,0.17335,0.04542
1769.00000,104.00000,1782.62963,4.22732,17.10139,28.77268,13.52188,0.50000,0.23693,0.07684
1770.00000,300.00000,1791.08817,5.34769,16.05556,22.80087,16.66479,0.65044,0.16792,0.04432
1771.00000,188.00000,1797.67878,4.63743,16.58041,24.79605,13.43933,0.50000,0.22515,0.05556
1772.00000,175.00000,1805.54742,5.07359,16.54609,30.36406,15.06429,0.51627,0.19985,0.05267
1773.00000,300.00000,1808.33026,5.48482,15.77487,18.55565,16.60624,0.58094,0.09949,0.02192
1774.00000,164.00000,1815.61731,6.09407,15.55889,34.29407,17.47036,0.54704,0.22846,0.03874
1775.00000,129.00000,1805.63128,4.03178,17.15437,23.01930,9.37911,0.51532,0.27469,0.09875
1776.00000,132.00000,1807.86773,4.54167,16.60913,30.46131,23.18155,0.81349,0.14286,0.00992
1777.00000,300.00000,1810.29353,5.61335,15.89689,21.13946,13.07601,0.61269,0.22009,0.05420
1778.00000,300.00000,1810.96672,4.50657,16.92871,19.75922,9.52470,0.50000,0.22014,0.06692
1779.00000,112.00000,1818.57812,5.50548,15.84759,33.49890,17.04276,0.50000,0.30592,0.14693
1780.00000,300.00000,1824.17496,4.50712,16.90168,22.73157,15.56016,0.61061,0.17788,0.11772
1781.00000,158.00000,1829.54358,4.09889,17.22702,36.15738,17.75766,0.50000,0.11838,0.01253
1782.00000,138.00000,1820.63781,5.60591,15.72315,27.92414,17.57438,0.53941,0.20000,0.06995
1783.00000,226.00000,1821.93315,5.41990,15.98185,27.33166,9.51001,0.57196,0.34355,0.04130
1784.00000,90.00000,1826.02778,2.95880,18.22187,21.58637,21.95087,0.67353,0.00951,0.02377
1785.00000,220.00000,1831.59843,4.87523,16.51903,29.86213,16.65565,0.55240,0.20774,0.05802
1786.00000,198.00000,1823.37600,4.86486,16.64603,26.12031,19.80558,0.60026,0.18309,0.04359
1787.00000,171.00000,1828.28965,3.72239,17.56418,24.75721,17.21194,0.50000,0.12836,0.05174
1788.00000,103.00000,1832.00761,5.06907,16.21622,21.27027,17.08859,0.64264,0.22523,0.07958
1789.00000,102.00000,1838.37959,4.60825,16.79639,32.68041,25.94588,0.52577,0.03866,0.00902
1790.00000,300.00000,1825.60644,5.57490,15.94110,22.41229,15.93406,0.50000,0.10371,0.07939
1791.00000,300.00000,1813.03232,5.78673,15.48934,22.40995,13.15403,0.50000,0.12500,0.05983
1792.00000,174.00000,1818.73896,4.07726,17.22300,23.95259,14.33626,0.53863,0.14838,0.12291
1793.00000,217.00000,1824.21116,4.92843,16.79361,29.56102,15.96677,0.50000,0.18466,0.04281
1794.00000,106.00000,1816.19105,4.13299,17.34783,31.21100,14.32609,0.50000,0.14578,0.08951
1795.00000,100.00000,1822.61450,4.75576,16.64670,27.39017,21.07527,0.61751,0.06144,0.02458
1796.00000,300.00000,1826.95690,6.57428,14.91648,22.15447,17.79897,0.66408,0.14339,0.00443
1797.00000,300.00000,1817.02503,4.46498,16.89419,19.30999,13.69374,0.52161,0.13636,0.04545
1798.00000,300.00000,1816.58451,6.73655,14.96960,22.24474,17.02728,0.61146,0.11146,0.04287
1799.00000,300.00000,1814.30590,5.59974,15.77220,20.70592,19.45109,0.71203,0.08559,0.02059
1800.00000,126.00000,1813.93513,3.52884,17.61975,27.66862,14.22776,0.52004,0.17204,0.04985
1801.00000,151.00000,1803.12173,3.93123,17.31234,29.15659,8.88484,0.50000,0.14333,0.05717
1802.00000,157.00000,1811.38464,4.15457,17.21767,21.97161,12.76025,0.54101,0.12408,0.13039
1803.00000,169.00000,1817.33468,3.98480,17.31915,17.95593,22.58967,0.84422,0.04255,0.00912
1804.00000,151.00000,1823.07322,4.11475,17.23862,26.12659,14.55464,0.50000,0.14208,0.05373
1805.00000,138.00000,1813.08540,3.93510,17.56490,34.22596,15.88301,0.50000,0.09375,0.05128
1806.00000,134.00000,1816.80277,3.74442,17.65720,27.37728,13.42191,0.50000,0.18661,0.07606
1807.00000,106.00000,1822.11506,3.76211,17.45521,18.75624,11.08076,0.50000,0.26138,0.09985
1808.00000,283.00000,1827.39809,6.31006,15.17161,22.84119,9.22397,0.50000,0.24724,0.04363
1809.00000,232.00000,1833.01276,4.91288,16.35732,24.83586,15.25758,0.50915,0.13699,0.08965
1810.00000,142.00000,1837.43610,4.33136,17.04831,30.53814,11.48051,0.50000,0.22712,0.10169
1811.00000,177.00000,1825.00203,3.64208,17.73497,20.18852,16.47951,0.62500,0.06967,0.01366
1812.00000,94.00000,1830.40874,4.01576,17.51146,35.97994,17.07736,0.52077,0.12607,0.01433
1813.00000,150.00000,1821.71488,6.94477,14.46657,27.43387,18.46439,0.50000,0.30087,0.05087
1814.00000,120.00000,1813.18384,4.12185,17.24901,27.87152,27.11788,0.58146,0.04768,0.00397
1815.00000,96.00000,1817.88818,3.82681,17.57414,32.05219,13.14709,0.50000,0.23725,0.01661
1816.00000,192.00000,1808.24823,5.43094,16.03584,26.29895,13.10402,0.59878,0.35315,0.04895
1817.00000,137.00000,1810.56687,4.07636,17.22908,31.72461,12.51990,0.56621,0.13323,0.01300
1818.00000,300.00000,1817.12368,6.43668,14.98890,18.42363,18.22128,0.59269,0.13838,0.08290
1819.00000,176.00000,1823.16946,4.62753,16.78474,31.56360,15.40444,0.50000,0.15395,0.03392
1820.00000,178.00000,1824.94598,4.91023,16.32722,20.49807,13.33205,0.61197,0.23263,0.08301
1821.00000,152.00000,1827.13759,3.13814,18.08191,19.49267,22.74328,0.74878,0.03423,0.01222
1822.00000,195.00000,1831.87858,3.50088,17.95158,23.11532,17.77817,0.51761,0.06690,0.06602
1823.00000,138.00000,1821.54501,5.39950,16.21601,39.09591,20.66972,0.50000,0.25438,0.09174
1824.00000,226.00000,1811.99956,4.54778,16.91066,26.35042,18.44529,0.61565,0.13019,0.04848
1825.00000,113.00000,1813.42464,3.86289,17.49182,22.52201,15.25660,0.50000,0.28553,0.29686
1826.00000,122.00000,1802.72998,4.35533,17.02707,15.66667,13.04738,0.59052,0.35025,0.12352
1827.00000,125.00000,1808.78318,4.50660,16.86555,27.20408,19.80912,0.67767,0.11044,0.05882
1828.00000,213.00000,1799.74965,4.20890,17.02780,22.71882,17.16044,0.63662,0.12629,0.02542
1829.00000,300.00000,1790.62479,6.02910,15.44432,23.97258,16.13486,0.55008,0.16284,0.01119
1830.00000,88.00000,1795.72554,4.91404,16.45559,34.09169,21.22206,0.50000,0.18768,0.08309
1831.00000,143.00000,1801.60692,4.57715,16.83828,27.75371,17.16469,0.60460,0.09347,0.00297
1832.00000,121.00000,1806.27855,4.11058,17.22788,29.26250,20.25673,0.57356,0.14808,0.03558
1833.00000,119.00000,1798.87206,3.96130,17.56502,29.32353,27.34056,0.57276,0.01858,0.02786
1834.00000,180.00000,1800.91513,4.69058,16.77195,28.26338,18.21092,0.55942,0.12634,0.00964
1835.00000,162.00000,1792.11259,5.87857,15.75387,32.33822,18.48655,0.51589,0.23798,0.00570
1836.00000,252.00000,1782.55377,4.36020,17.06681,23.02324,15.44227,0.65723,0.14742,0.02251
1837.00000,144.00000,1789.82845,5.26423,16.23496,36.38455,15.51545,0.50000,0.20081,0.06098
1838.00000,103.00000,1796.64923,3.50167,17.78500,21.35500,16.60667,0.90833,0.13667,0.04167
1839.00000,300.00000,1800.32129,5.90089,15.64295,25.24142,17.01525,0.56417,0.15502,0.01906
1840.00000,300.00000,1790.28161,6.20609,15.48088,22.86827,21.53966,0.74079,0.08782,0.01700
1841.00000,164.00000,1788.82394,4.89249,16.47283,28.72023,21.45665,0.63295,0.13179,0.05087
1842.00000,131.00000,1777.59808,4.33065,16.99821,27.37534,10.91778,0.50000,0.31635,0.13226
1843.00000,112.00000,1769.26756,4.60238,16.75594,33.62066,16.61700,0.50000,0.14168,0.03016
1844.00000,146.00000,1774.20661,2.15083,19.06057,18.68527,16.75534,0.55463,0.07482,0.07126
1845.00000,156.00000,1778.18518,4.57951,16.87464,31.06017,15.72278,0.50000,0.11390,0.07736
1846.00000,246.00000,1771.50264,4.23856,17.31426,19.40669,19.18926,0.67254,0.08803,0.05810
1847.00000,153.00000,1779.49636,3.80167,17.60056,20.82298,16.88971,0.53800,0.13160,0.06117
1848.00000,284.00000,1786.27865,5.24662,16.19953,24.18305,13.29900,0.58417,0.14773,0.05356
1849.00000,124.00000,1792.96595,4.84028,16.58472,27.97083,22.59583,0.81250,0.06528,0.01250
1850.00000,75.00000,1796.57716,5.46560,15.87040,31.46240,17.23040,0.73200,0.22240,0.02880
1851.00000,147.00000,1788.27371,4.67401,16.81057,25.57122,21.78708,0.67841,0.07342,0.04552
1852.00000,300.00000,1794.77130,6.26521,15.32461,22.38048,16.95545,0.55835,0.12376,0.06648
1853.00000,208.00000,1786.36149,4.45802,16.97343,21.25292,18.46546,0.73592,0.10308,0.02976
1854.00000,300.00000,1789.06471,4.51190,16.94597,14.78205,13.71978,0.54533,0.09890,0.01190
1855.00000,124.00000,1782.21766,4.96536,16.56518,32.33181,20.15861,0.50000,0.16591,0.04831
1856.00000,264.00000,1779.26103,5.26273,16.18231,24.45442,16.13204,0.76910,0.21515,0.03016
1857.00000,300.00000,1783.65804,6.08071,15.40879,23.27822,14.43963,0.57251,0.16732,0.04659
1858.00000,300.00000,1775.22403,5.40803,15.95052,24.60303,14.21013,0.58877,0.17462,0.00582
1859.00000,180.00000,1784.05761,4.50852,16.83698,23.40754,18.35523,0.68674,0.27129,0.04015
1860.00000,140.00000,1785.09912,4.05004,17.18786,31.41674,11.88187,0.50000,0.08368,0.05086
1861.00000,228.00000,1776.40941,4.90035,16.58633,21.68946,24.85747,0.76362,0.11703,0.03360
1862.00000,117.00000,1779.20367,4.25957,16.98880,35.39309,14.02988,0.50000,0.11485,0.01961
1863.00000,171.00000,1771.87467,4.85154,16.55213,27.21852,15.16347,0.50000,0.20767,0.06005
1864.00000,116.00000,1776.75779,3.71171,17.58108,25.06757,17.97410,0.51351,0.19707,0.07883
1865.00000,286.00000,1763.22688,6.57838,14.91972,25.28698,12.59166,0.50000,0.19595,0.09229
1866.00000,58.00000,1772.08133,4.66092,16.57663,26.91954,10.75862,0.50000,0.21456,0.07471
1867.00000,245.00000,1778.77428,4.70559,16.73132,22.57690,10.75455,0.50000,0.09479,0.05022
1868.00000,210.00000,1783.61249,5.03427,16.26636,24.94470,17.47040,0.53388,0.16589,0.04517
1869.00000,273.00000,1792.06425,5.33559,16.14594,23.86268,8.92549,0.50000,0.14901,0.05172
1870.00000,127.00000,1799.26996,5.53456,15.97288,35.37795,17.06824,0.50000,0.25284,0.04987
1871.00000,125.00000,1805.90259,4.30938,17.03992,23.75649,17.48703,0.50000,0.17764,0.21158
1872.00000,300.00000,1810.17861,6.99380,14.57920,22.70386,17.50551,0.52548,0.08884,0.00689
1873.00000,123.00000,1811.07472,5.02914,16.20959,31.57519,11.34023,0.50000,0.18891,0.03759
1874.00000,193.00000,1808.29332,4.70126,16.90723,24.41352,18.58569,0.64269,0.24214,0.08491
1875.00000,300.00000,1814.67849,5.32215,16.20515,24.96802,16.96724,0.74649,0.17239,0.00234
1876.00000,300.00000,1819.87826,5.94122,15.41144,17.97022,19.12774,0.68299,0.10188,0.02429
1877.00000,188.00000,1811.83445,4.17473,17.21416,27.12007,20.15323,0.55197,0.11918,0.02867
1878.00000,300.00000,1804.65318,6.00862,15.49451,25.31270,14.40517,0.64342,0.29702,0.01489
1879.00000,206.00000,1797.86448,4.68699,16.66423,28.77317,12.33659,0.50000,0.32033,0.07642
1880.00000,115.00000,1795.88240,3.57203,17.87273,28.10769,20.33566,0.63217,0.01259,0.01399
1881.00000,190.00000,1785.03464,3.77492,17.49299,22.41822,13.09657,0.68185,0.13240,0.04984
1882.00000,181.00000,1778.38071,4.15668,17.14127,23.25599,16.96147,0.53767,0.15325,0.07363
1883.00000,144.00000,1786.39769,5.68425,15.72960,36.93735,14.95383,0.50000,0.23743,0.06678
1884.00000,239.00000,1777.27217,3.70483,17.69988,27.76733,13.48453,0.50000,0.14480,0.06436
1885.00000,157.00000,1782.66886,5.22616,16.27494,25.19180,18.22062,0.65410,0.22284,0.07761
1886.00000,108.00000,1790.41432,4.32192,16.98150,34.35523,11.84181,0.50000,0.12303,0.02683
1887.00000,133.00000,1781.23461,4.28800,17.10311,31.44622,11.47733,0.50000,0.09422,0.03644
1888.00000,300.00000,1787.38638,5.66961,15.88535,22.20963,16.49050,0.67537,0.19199,0.00950
1889.00000,90.00000,1792.41072,3.73848,17.59562,32.51498,18.94931,0.50000,0.12212,0.05415
1890.00000,177.00000,1791.36829,5.36950,16.20912,28.61242,16.03616,0.59002,0.10063,0.01258
1891.00000,300.00000,1797.55044,4.51021,16.87218,25.44631,16.81351,0.50000,0.16658,0.13201
1892.00000,162.00000,1790.18487,3.89221,17.46852,18.54109,16.83671,0.50000,0.07044,0.00213
1893.00000,165.00000,1797.59020,4.16561,17.28025,31.46815,12.63933,0.52866,0.11385,0.06768
1894.00000,300.00000,1789.85954,6.55414,14.97820,18.21128,19.30226,0.83195,0.12481,0.00677
1895.00000,300.00000,1796.30234,7.14794,14.39829,21.60669,19.33428,0.79979,0.09317,0.00569
1896.00000,159.00000,1789.10940,3.32094,17.97847,24.07143,16.83366,0.52202,0.08121,0.04403
1897.00000,300.00000,1782.02597,5.39375,15.95451,20.80597,15.01137,0.54229,0.11940,0.04122
1898.00000,300.00000,1775.25010,4.96364,16.49802,19.02688,18.94387,0.56759,0.15573,0.07589
1899.00000,174.00000,1773.23456,4.20408,17.10115,26.43922,16.14374,0.52440,0.03372,0.01242
1900.00000,242.00000,1771.60092,4.87671,16.49689,23.13200,14.70735,0.53487,0.16999,0.03051
1901.00000,121.00000,1764.17544,5.02450,16.38022,36.44646,20.59347,0.50000,0.19419,0.03085
1902.00000,165.00000,1768.88510,4.34230,17.10853,27.92672,13.92115,0.50000,0.23469,0.13729
1903.00000,94.00000,1772.44454,5.65636,16.12842,38.50297,18.13436,0.50000,0.27229,0.08918
1904.00000,120.00000,1778.43244,4.32759,16.87241,24.80345,18.47931,0.64914,0.18276,0.02931
1905.00000,79.00000,1780.53929,2.72605,18.49617,19.56513,18.84100,0.60153,0.10345,0.04981
1906.00000,200.00000,1772.39750,5.95405,15.55890,27.31662,22.32832,0.66792,0.17460,0.04678
1907.00000,300.00000,1765.41631,5.04299,16.32919,21.11878,15.11991,0.54553,0.05090,0.05373
1908.00000,259.00000,1770.01191,4.93625,16.53767,21.38055,14.00064,0.50000,0.14552,0.08435
1909.00000,83.00000,1777.50344,4.12500,17.08816,30.54211,16.41053,0.50000,0.20263,0.08158
1910.00000,125.00000,1782.15152,4.00573,17.26908,28.84733,23.83015,0.51431,0.19656,0.08588
1911.00000,149.00000,1788.97450,4.26974,17.17237,18.36053,21.17500,0.60461,0.10658,0.08026
1912.00000,95.00000,1793.45413,3.74830,17.50113,35.82766,17.69161,0.50000,0.15986,0.06689
1913.00000,157.00000,1781.18389,5.06302,16.27259,29.41458,15.67122,0.50000,0.19590,0.07593
1914.00000,144.00000,1782.90221,4.47518,17.06672,35.63303,14.41904,0.50000,0.17575,0.07811
1915.00000,300.00000,1785.32760,6.01096,15.35558,17.58267,17.59462,0.70020,0.20817,0.08964
1916.00000,133.00000,1792.65520,3.92766,17.48723,26.31809,19.21809,0.75957,0.04468,0.01277
1917.00000,300.00000,1784.26149,4.98963,16.35204,21.64552,13.98292,0.50000,0.10677,0.03539
1918.00000,203.00000,1775.77355,5.40511,16.05766,32.36569,16.68759,0.50328,0.20511,0.05912
1919.00000,300.00000,1784.02827,7.50000,14.02197,13.86292,19.79701,0.77988,0.32777,0.04569
1920.00000,300.00000,1791.49898,5.67798,15.67195,22.61312,12.32202,0.54827,0.11765,0.01508
1921.00000,193.00000,1779.80016,4.12580,17.30671,31.91378,21.26714,0.50000,0.12367,0.03110
1922.00000,190.00000,1777.93062,5.13988,16.31640,25.70608,16.88510,0.70316,0.19650,0.08826
1923.00000,191.00000,1781.73679,5.28625,16.23420,28.49257,23.20260,0.61664,0.08736,0.03160
1924.00000,145.00000,1786.25955,4.42226,16.94477,31.05098,21.66610,0.50000,0.14528,0.06627
1925.00000,165.00000,1778.00441,5.48006,16.08757,34.55981,15.34011,0.69937,0.13761,0.02346
1926.00000,194.00000,1784.40631,5.01175,16.49927,30.91043,18.61601,0.62739,0.19163,0.03084
1927.00000,300.00000,1791.81320,7.04588,14.53190,21.72616,13.95054,0.71111,0.25950,0.06667
1928.00000,204.00000,1800.09226,4.95111,16.57185,28.45630,16.63333,0.58222,0.17037,0.02741
1929.00000,151.00000,1806.75239,5.75870,15.51962,31.58993,15.74981,0.50000,0.28571,0.05477
1930.00000,151.00000,1812.49367,4.60880,16.69285,33.50039,17.24273,0.50000,0.17518,0.06991
1931.00000,143.00000,1815.35688,3.61848,17.52459,23.12072,24.00745,0.64978,0.11326,0.02981
1932.00000,152.00000,1822.11749,4.47106,16.95238,32.48718,10.08791,0.50000,0.15238,0.09231
1933.00000,144.00000,1812.38932,3.47517,17.88442,29.63356,13.97774,0.50000,0.09846,0.04623
1934.00000,172.00000,1814.68788,4.32702,17.13895,30.95228,15.27228,0.50000,0.08140,0.06386
1935.00000,300.00000,1820.75439,6.11901,15.40102,23.00451,8.90355,0.50000,0.16695,0.09250
1936.00000,119.00000,1826.09313,4.51884,17.19420,25.04348,16.78841,0.58696,0.14058,0.05072
1937.00000,151.00000,1832.76076,3.14737,18.06491,23.45088,18.79737,0.50000,0.09123,0.05088
1938.00000,165.00000,1825.26928,4.06705,17.34189,26.21026,14.25662,0.50000,0.21523,0.13659
1939.00000,234.00000,1830.44099,4.80917,16.71225,26.68670,23.07964,0.74117,0.06762,0.01427
1940.00000,257.00000,1833.84803,5.40798,16.07977,25.87066,11.91111,0.50000,0.14416,0.08889
1941.00000,112.00000,1824.26383,3.64341,17.56744,21.20930,21.06822,0.50000,0.08062,0.10853
1942.00000,300.00000,1827.31345,6.00531,15.43767,19.95159,15.24072,0.66645,0.16379,0.02785
1943.00000,300.00000,1817.32317,4.21373,17.21030,17.61116,16.76395,0.67940,0.06524,0.02403
1944.00000,194.00000,1808.61239,5.08016,16.24683,23.28651,13.36111,0.51389,0.17460,0.10952
1945.00000,119.00000,1801.71818,3.51092,17.66376,20.26929,12.28239,0.60553,0.24745,0.17176
1946.00000,97.00000,1805.14114,4.48799,16.97472,26.09608,17.53097,0.50000,0.21239,0.12642
1947.00000,240.00000,1809.85339,4.97363,16.43736,28.44011,14.02692,0.50000,0.19890,0.08352
1948.00000,109.00000,1814.95654,4.27806,17.04737,33.19464,16.25335,0.50000,0.07827,0.05046
1949.00000,300.00000,1820.22247,5.51788,15.87774,25.80219,18.78316,0.57353,0.05421,0.01615
1950.00000,143.00000,1821.97902,4.78095,16.64381,32.42857,21.56190,0.50000,0.12286,0.07238
1951.00000,207.00000,1826.01395,5.34325,16.26829,34.30042,11.98215,0.50000,0.16300,0.03272
1952.00000,300.00000,1827.52376,6.35359,15.24895,20.51561,17.21772,0.72574,0.19747,0.03460
1953.00000,192.00000,1832.61352,4.92782,16.53609,27.19762,15.41836,0.50000,0.11352,0.06517
1954.00000,163.00000,1825.35834,4.33840,17.03574,27.51331,13.20228,0.50000,0.21673,0.15513
1955.00000,300.00000,1828.00919,7.36602,14.00625,20.24797,12.78763,0.52498,0.17926,0.04747
1956.00000,137.00000,1830.59372,3.50346,17.75606,28.23875,15.55363,0.50000,0.12543,0.05709
1957.00000,128.00000,1838.57842,3.49748,17.70420,30.34622,17.66471,0.50000,0.09832,0.06555
1958.00000,174.00000,1840.56804,4.65619,16.71565,31.66781,14.42652,0.50000,0.17772,0.03486
1959.00000,216.00000,1847.55053,3.75211,17.70223,27.10130,22.59248,0.54566,0.05833,0.07598
1960.00000,300.00000,1850.27680,6.07407,15.45528,20.65221,16.60885,0.64182,0.12466,0.03613
1961.00000,199.00000,1840.99746,5.18745,16.50127,29.42833,22.86938,0.61790,0.08567,0.02714
1962.00000,139.00000,1838.14282,4.42130,17.03241,35.40355,14.84954,0.50000,0.07485,0.02855
1963.00000,132.00000,1829.77503,4.08842,17.35290,37.29734,15.99218,0.50000,0.16901,0.01956
1964.00000,217.00000,1835.49746,4.10532,17.29425,19.68838,19.13138,0.76547,0.05429,0.02606
1965.00000,158.00000,1839.01434,4.63855,16.87282,39.28648,19.00201,0.50000,0.12450,0.05087
1966.00000,154.00000,1829.86548,4.84673,16.50488,36.36213,18.68445,0.50301,0.19609,0.01503
1967.00000,164.00000,1834.80335,5.15748,16.34996,23.76115,15.67542,0.50000,0.17060,0.05337
1968.00000,300.00000,1840.98350,6.16922,15.22563,24.58982,16.83200,0.50000,0.14347,0.03740
1969.00000,300.00000,1846.04295,4.69097,16.65271,18.85054,15.16968,0.61480,0.10830,0.01661
1970.00000,224.00000,1851.32363,5.21152,16.14784,25.99014,14.25246,0.50227,0.13192,0.01365
1971.00000,217.00000,1846.45845,4.27454,17.18712,24.11426,14.92791,0.72048,0.14340,0.02454
1972.00000,207.00000,1851.33819,4.74201,16.73032,27.49961,16.61730,0.51169,0.12081,0.03196
1973.00000,130.00000,1858.19157,3.83231,17.63525,27.13464,25.59853,0.61138,0.06365,0.03917
1974.00000,166.00000,1860.80545,4.37202,16.95388,29.87394,17.18294,0.65257,0.22521,0.02152
1975.00000,234.00000,1850.32379,4.31117,17.19060,25.68972,21.87323,0.71897,0.08245,0.01330
1976.00000,300.00000,1857.65180,4.57980,16.62492,20.61077,18.29024,0.78721,0.12593,0.00741
1977.00000,158.00000,1848.32185,5.22496,16.13629,31.66010,16.95977,0.55542,0.21839,0.02956
1978.00000,300.00000,1839.18484,5.98902,15.49298,21.46370,19.60464,0.63209,0.09091,0.00854
1979.00000,283.00000,1844.41892,4.77125,16.75142,24.35340,16.72734,0.64802,0.12748,0.06445
1980.00000,300.00000,1841.62237,4.00657,17.36662,21.96452,15.95729,0.52168,0.11038,0.03679
1981.00000,171.00000,1833.53903,4.07866,17.26444,25.83431,14.18494,0.50000,0.21004,0.16318
1982.00000,300.00000,1831.82139,7.36461,14.06275,21.31430,12.77445,0.61193,0.08762,0.01865
1983.00000,167.00000,1836.46602,3.51090,17.85702,26.06452,19.49869,0.60898,0.09067,0.05667
1984.00000,88.00000,1844.12513,3.93943,17.31359,28.03499,17.24630,0.50000,0.26514,0.09152
1985.00000,256.00000,1849.71982,4.96180,16.51028,24.04701,17.08521,0.57689,0.09011,0.03330
1986.00000,300.00000,1856.14105,5.91637,15.67925,28.40082,14.44059,0.50000,0.23202,0.03774
1987.00000,300.00000,1845.62033,5.75803,15.81476,28.24607,17.16678,0.53520,0.09569,0.05947
1988.00000,136.00000,1852.60961,4.62488,16.87653,34.36852,16.48539,0.50000,0.12818,0.05749
1989.00000,151.00000,1849.67195,4.54615,17.00769,27.21442,15.79135,0.50385,0.12885,0.06827
1990.00000,186.00000,1856.23965,5.43030,15.98711,26.61483,15.12732,0.59629,0.12651,0.02579
1991.00000,300.00000,1861.30431,5.50739,15.97559,17.32884,19.46628,0.70263,0.18690,0.01670
1992.00000,300.00000,1849.29589,4.72733,16.71054,24.93754,17.87710,0.53627,0.11081,0.05709
1993.00000,121.00000,1838.15743,2.52301,18.68252,19.15798,22.19172,0.55675,0.03681,0.05521
1994.00000,97.00000,1838.08972,3.11202,17.99389,12.93483,13.81874,0.55601,0.27902,0.12220
1995.00000,137.00000,1825.11132,4.03466,17.32713,31.79205,14.90871,0.50000,0.14539,0.04480
1996.00000,300.00000,1817.42117,4.81533,16.49807,25.60174,14.72999,0.58390,0.03375,0.01639
1997.00000,108.00000,1822.14675,3.55056,17.69021,19.46067,15.76886,0.75201,0.12039,0.00963
1998.00000,160.00000,1827.78066,4.33992,17.11394,29.77495,13.39831,0.63512,0.20716,0.00000
1999.00000,300.00000,1816.95205,6.99337,14.52504,17.33432,16.95950,0.58432,0.08837,0.05744
2000.00000,156.00000,1809.92988,4.71850,16.61930,23.61752,14.28954,0.62690,0.24576,0.05362
2001.00000,300.00000,1807.86707,6.39685,15.20917,23.34097,14.99212,0.56626,0.18052,0.03940
2002.00000,239.00000,1813.77857,3.77987,17.56219,22.38216,17.19967,0.61047,0.12275,0.06874
2003.00000,300.00000,1819.57823,7.71495,13.80123,19.96456,20.65177,0.84438,0.08166,0.04931
2004.00000,162.00000,1809.97029,4.11486,17.23311,27.55068,15.99324,0.51689,0.11740,0.05321
2005.00000,300.00000,1802.57919,5.03017,16.35776,17.07974,15.22198,0.65517,0.11351,0.03951
2006.00000,121.00000,1807.68696,4.50343,16.93425,34.07458,11.18449,0.50000,0.25221,0.11482
2007.00000,300.00000,1800.42385,5.04005,16.30175,22.72138,14.85505,0.53215,0.07332,0.05697
2008.00000,300.00000,1806.34153,5.97818,15.40606,22.20727,14.75939,0.54818,0.19030,0.03030
2009.00000,195.00000,1812.95860,4.18746,17.30134,32.54511,14.96801,0.50000,0.06142,0.03071
2010.00000,300.00000,1819.72678,5.46843,15.89634,16.97818,15.51052,0.51871,0.09665,0.03663
2011.00000,291.00000,1827.26683,5.24213,16.12316,18.70959,17.74878,0.69874,0.09377,0.02589
2012.00000,209.00000,1824.42647,4.51489,16.66850,20.35580,14.82602,0.60031,0.20690,0.04075
2013.00000,127.00000,1829.80367,3.64007,17.69759,33.62338,15.50371,0.50000,0.08534,0.08442
2014.00000,253.00000,1835.94158,5.08359,16.39801,29.45629,21.74540,0.61273,0.06442,0.02454
2015.00000,300.00000,1838.07743,6.14541,15.42486,14.29732,16.56133,0.68603,0.08936,0.03981
2016.00000,190.00000,1830.38350,4.21368,17.18632,17.84421,20.52526,0.63579,0.18737,0.07474
2017.00000,122.00000,1828.65869,4.28462,17.01077,24.17538,26.12308,0.59538,0.02462,0.00615
2018.00000,140.00000,1821.33566,3.20169,18.13729,21.71525,19.73390,0.59915,0.05763,0.05763
2019.00000,170.00000,1807.93749,5.29287,16.28073,27.96434,16.09484,0.53490,0.07208,0.08574
2020.00000,109.00000,1800.62671,4.14002,17.29368,32.48575,19.66791,0.53841,0.09418,0.01487
2021.00000,300.00000,1803.42060,6.99415,14.50718,26.09526,14.63332,0.54710,0.08781,0.01330
2022.00000,165.00000,1793.63014,3.94513,17.54759,24.11646,16.93057,0.58847,0.09742,0.05263
2023.00000,112.00000,1800.74264,6.14649,15.56780,29.70460,25.76634,0.57264,0.20460,0.03027
2024.00000,165.00000,1794.30519,5.93986,15.39695,27.52847,14.68484,0.50601,0.22694,0.03528
2025.00000,115.00000,1801.29122,5.55252,15.91597,31.93067,18.14496,0.50368,0.36975,0.07668
2026.00000,300.00000,1807.14808,5.94653,15.50707,20.23725,19.25200,0.74831,0.18746,0.03073
2027.00000,300.00000,1812.93465,6.17903,15.21950,20.63090,15.60270,0.53771,0.07909,0.01594
2028.00000,94.00000,1813.62394,3.11488,18.17396,27.22101,11.27024,0.50000,0.27462,0.06455
2029.00000,152.00000,1812.66978,4.19573,17.19744,27.37094,10.16667,0.50000,0.12991,0.10256
2030.00000,300.00000,1818.17513,6.82650,14.64650,24.47200,9.48200,0.50000,0.16950,0.03600
2031.00000,300.00000,1824.43639,4.56063,16.87559,26.06457,16.58031,0.54764,0.11496,0.04882
2032.00000,212.00000,1828.86461,4.67663,16.70380,22.15399,23.32428,0.69112,0.14674,0.00362
2033.00000,196.00000,1819.18148,4.69841,16.70426,23.32414,15.66917,0.66291,0.13868,0.05263
2034.00000,136.00000,1810.50508,4.88035,16.54336,27.22173,18.46981,0.65642,0.17453,0.01756
2035.00000,234.00000,1818.47458,4.16496,17.11035,25.57167,10.78498,0.50000,0.16155,0.05859
2036.00000,165.00000,1826.47505,4.95581,16.37349,26.74341,13.53885,0.50000,0.15538,0.04134
2037.00000,157.00000,1833.21694,4.68937,16.64837,31.50104,11.83669,0.50000,0.11536,0.02849
2038.00000,98.00000,1839.80917,5.25255,16.24802,38.60815,18.82673,0.50000,0.28426,0.09400
2039.00000,91.00000,1842.46838,4.59952,16.80815,31.35971,10.62110,0.50000,0.22902,0.06355
2040.00000,282.00000,1844.37198,4.85246,16.50820,21.50249,15.98931,0.61012,0.09765,0.06201
2041.00000,217.00000,1850.37483,5.43835,16.12490,32.77486,18.89737,0.55847,0.26651,0.04375
2042.00000,201.00000,1855.29995,5.02437,16.44118,27.38908,18.62101,0.58697,0.11933,0.00000
2043.00000,272.00000,1844.45929,6.32356,15.08616,29.09074,10.75710,0.50000,0.13841,0.10037
2044.00000,120.00000,1835.44903,3.79201,17.43388,19.05647,14.84573,0.52479,0.20937,0.14325
2045.00000,74.00000,1841.08627,3.71857,17.53659,19.14447,19.04503,0.61632,0.19887,0.00563
2046.00000,300.00000,1847.23638,5.12070,16.34641,22.27037,17.25588,0.64001,0.19493,0.06095
2047.00000,214.00000,1839.26632,5.45426,16.03785,27.70899,20.29890,0.61159,0.16325,0.05915
2048.00000,94.00000,1845.14394,4.88906,16.24961,20.26040,17.55008,0.56317,0.37288,0.16795
2049.00000,180.00000,1832.99791,4.60302,16.77885,30.18681,17.62088,0.50000,0.09615,0.09409
2050.00000,119.00000,1839.16964,3.89237,17.65753,33.56262,18.62231,0.50000,0.20254,0.16341
2051.00000,135.00000,1842.77540,5.53824,15.95547,34.12488,22.50339,0.50000,0.08422,0.03098
2052.00000,98.00000,1846.15206,3.11799,18.15771,26.53972,15.46145,0.50000,0.10748,0.02804
2053.00000,300.00000,1833.60513,4.84912,16.45614,17.78596,15.44649,0.65000,0.07193,0.06404
2054.00000,185.00000,1840.95880,5.37283,16.22038,33.13358,19.78868,0.58792,0.14415,0.02264
2055.00000,300.00000,1830.93858,6.24207,15.08483,20.35586,21.33724,0.58690,0.08000,0.03862
2056.00000,162.00000,1822.00821,4.27247,17.17304,26.93308,18.55067,0.55641,0.06979,0.00191
2057.00000,163.00000,1819.17803,3.95178,17.34433,29.38832,10.22589,0.50000,0.16159,0.05753
2058.00000,170.00000,1809.19757,3.66000,17.77111,20.11111,16.13333,0.57444,0.12889,0.09222
2059.00000,187.00000,1817.10378,4.29896,17.03038,25.46043,18.36930,0.58673,0.11031,0.05596
2060.00000,179.00000,1824.49351,4.79584,16.65408,28.76040,15.95840,0.50000,0.16564,0.02542
2061.00000,179.00000,1831.87848,4.70625,16.94125,20.47000,21.56500,0.81312,0.12750,0.14125
2062.00000,300.00000,1839.12922,5.46592,15.81586,20.84535,14.81848,0.51180,0.12385,0.05701
2063.00000,300.00000,1829.97644,5.98679,15.42260,16.52018,16.73881,0.68379,0.17168,0.04329
2064.00000,109.00000,1829.57981,5.23573,16.12156,30.83404,15.77378,0.50000,0.20719,0.04651
2065.00000,300.00000,1819.75366,5.88089,15.53869,19.96675,12.97521,0.51995,0.08343,0.07376
2066.00000,150.00000,1824.72925,4.11215,17.06854,28.07996,18.32918,0.71236,0.09138,0.02908
2067.00000,300.00000,1830.03877,6.93163,14.58421,23.21401,13.73986,0.50000,0.16176,0.01167
2068.00000,300.00000,1821.70710,5.64114,15.86535,25.26004,13.55219,0.53799,0.12662,0.06856
2069.00000,300.00000,1828.79390,6.55338,14.96856,27.12337,16.15836,0.59490,0.16489,0.02372
2070.00000,134.00000,1827.06873,4.51729,16.79248,28.76692,20.25263,0.67820,0.10075,0.02256
2071.00000,123.00000,1825.65345,4.09099,17.26011,31.05790,14.81526,0.52895,0.32996,0.04688
2072.00000,168.00000,1814.67671,4.28032,17.04920,16.61785,17.93135,0.77002,0.19680,0.02174
2073.00000,180.00000,1822.55304,5.61401,15.90739,31.02802,18.93152,0.55097,0.18444,0.04669
2074.00000,164.00000,1828.79552,4.38909,16.86315,24.14222,12.22809,0.57066,0.18068,0.11896
2075.00000,189.00000,1836.49473,4.69223,16.82106,25.85992,21.91922,0.56851,0.11043,0.01738
2076.00000,114.00000,1843.37690,3.58767,17.68904,17.45205,19.34247,0.77055,0.11644,0.06986
2077.00000,259.00000,1831.86945,4.89149,16.53005,22.74239,14.55113,0.50000,0.15535,0.06089
2078.00000,183.00000,1822.23979,3.93998,17.40514,21.45123,17.42015,0.66024,0.12111,0.03537
2079.00000,104.00000,1824.71102,3.03008,18.26692,19.87030,21.93421,0.50564,0.06203,0.07519
2080.00000,171.00000,1815.09964,4.15299,17.21836,33.48748,14.91864,0.50000,0.12796,0.08206
2081.00000,176.00000,1806.75032,4.75254,16.56980,37.25698,18.55203,0.50000,0.17132,0.06980
2082.00000,258.00000,1808.99489,4.27682,17.15421,18.69061,21.56801,0.66188,0.06226,0.02299
2083.00000,180.00000,1815.11395,5.06311,16.26756,26.40356,16.71644,0.53511,0.16267,0.04267
2084.00000,300.00000,1807.96673,5.94939,15.35915,22.01707,13.99207,0.50000,0.10305,0.06524
2085.00000,300.00000,1798.77906,5.54231,16.04930,24.35376,19.90673,0.71686,0.07795,0.01199
2086.00000,144.00000,1805.57798,3.55846,17.73647,31.39703,12.06370,0.50000,0.08988,0.06021
2087.00000,179.00000,1805.98321,3.31368,17.96218,21.84538,20.20022,0.54394,0.05117,0.04783
2088.00000,204.00000,1811.67396,5.02187,16.45173,25.80694,15.62896,0.55505,0.14027,0.02489
2089.00000,174.00000,1803.74768,3.76615,17.55902,22.54788,18.43207,0.63753,0.02227,0.01670
2090.00000,300.00000,1810.29527,5.30322,16.08008,23.12252,14.13826,0.71492,0.20465,0.08077
2091.00000,300.00000,1801.20042,6.01729,15.48837,24.23792,18.50149,0.56887,0.16816,0.03637
2092.00000,152.00000,1806.71752,3.55120,17.73957,20.58154,19.79014,0.66688,0.20607,0.09102
2093.00000,171.00000,1814.29516,4.61839,16.72773,29.74222,15.06083,0.50000,0.14193,0.04055
2094.00000,300.00000,1806.49744,7.49655,13.93534,21.10797,12.29316,0.52856,0.31450,0.05587
2095.00000,163.00000,1812.19768,3.30028,18.03892,24.42632,20.82669,0.50000,0.04727,0.06487
2096.00000,128.00000,1818.78468,5.26139,16.07909,19.01206,18.99866,0.85389,0.27078,0.05362
2097.00000,267.00000,1825.09528,5.66528,15.80237,25.78398,16.16617,0.54303,0.12760,0.02493
2098.00000,300.00000,1831.95602,4.93545,16.51641,28.26313,14.54267,0.55853,0.11761,0.03556
2099.00000,98.00000,1839.43997,3.82018,17.51754,32.00658,15.55044,0.50000,0.21382,0.06031
2100.00000,196.00000,1843.75036,3.85517,17.49418,25.05895,13.18122,0.71689,0.10626,0.02693
2101.00000,300.00000,1850.40005,5.42921,16.00448,18.32706,18.46774,0.78943,0.09229,0.02778
2102.00000,156.00000,1853.40464,3.60505,17.77443,29.17671,17.20847,0.50000,0.09121,0.11889
2103.00000,300.00000,1844.25103,5.62642,15.96604,20.49245,17.60566,0.53742,0.07170,0.07987
2104.00000,300.00000,1846.56931,6.02005,15.47177,24.13245,14.72665,0.51214,0.17678,0.01319
2105.00000,157.00000,1846.71453,4.26080,17.28123,35.60723,20.85467,0.50000,0.12569,0.04085
2106.00000,153.00000,1844.93600,4.87043,16.72425,34.16113,19.00664,0.57849,0.13123,0.02326
2107.00000,194.00000,1847.79659,3.74134,17.70824,24.96151,18.08083,0.52771,0.19246,0.07852
2108.00000,300.00000,1854.89860,5.37884,15.95941,22.35240,15.01415,0.52306,0.14330,0.03321
2109.00000,192.00000,1857.47790,4.34486,17.14780,23.40363,14.45030,0.63354,0.13310,0.03717
2110.00000,123.00000,1864.76653,3.90089,17.48365,27.34192,14.10307,0.50000,0.15956,0.00991
2111.00000,122.00000,1868.81663,4.13181,17.07631,30.18038,11.62735,0.50000,0.08028,0.01090
2112.00000,148.00000,1875.90626,5.10139,16.43500,38.30744,19.17825,0.50000,0.06214,0.01472
2113.00000,137.00000,1880.26922,3.86072,17.69038,29.84168,14.66633,0.53006,0.13327,0.00000
2114.00000,300.00000,1885.13526,5.62577,15.96472,20.97009,16.60966,0.82209,0.16411,0.03451
2115.00000,78.00000,1874.88528,2.72897,18.44860,25.95171,13.06075,0.50000,0.26791,0.15109
2116.00000,300.00000,1872.59175,5.78268,15.68883,21.60447,14.85140,0.53380,0.09777,0.03855
2117.00000,300.00000,1876.89579,6.32590,15.12242,25.85637,15.73885,0.50000,0.15778,0.02067
2118.00000,132.00000,1883.24991,3.81918,17.47453,28.45954,14.88911,0.50000,0.23077,0.16583
2119.00000,135.00000,1887.40575,4.01311,17.23864,31.12500,13.97727,0.50000,0.14248,0.06556
2120.00000,149.00000,1891.08142,3.47878,17.80815,25.03820,19.79881,0.50000,0.15874,0.07046
2121.00000,164.00000,1895.32661,4.65627,16.84554,33.13561,17.82524,0.50000,0.09500,0.02248
2122.00000,148.00000,1895.93941,3.44526,17.79474,26.18947,13.05474,0.59474,0.04947,0.02000
2123.00000,300.00000,1900.58275,4.76419,16.48298,18.66646,14.02144,0.64061,0.07062,0.03279
2124.00000,253.00000,1890.48704,4.27415,17.02415,24.54710,15.34239,0.50000,0.09179,0.01691
2125.00000,198.00000,1894.48926,3.83072,17.38233,20.61354,14.18580,0.52023,0.07597,0.02973
2126.00000,151.00000,1900.38412,3.96664,17.38751,28.05560,12.31394,0.50000,0.08041,0.02481
2127.00000,230.00000,1905.27166,4.83555,16.62771,26.26802,17.86284,0.58328,0.16375,0.05248
2128.00000,167.00000,1908.96524,5.10364,16.33940,32.24604,13.82911,0.50000,0.18987,0.07278
2129.00000,182.00000,1899.53927,4.31073,16.99527,19.82808,15.32492,0.63525,0.29732,0.07965
2130.00000,300.00000,1904.11807,6.08415,15.50313,18.88004,19.74485,0.77753,0.08863,0.03312
2131.00000,192.00000,1909.77603,4.79804,16.69306,24.66103,16.42616,0.60365,0.12278,0.02669
2132.00000,163.00000,1900.84063,5.03988,16.20993,32.01505,15.48157,0.50000,0.10685,0.05869
2133.00000,101.00000,1891.50061,4.26329,17.04574,29.27441,15.36836,0.50000,0.15451,0.05439
2134.00000,124.00000,1896.45948,4.87958,16.58092,32.37765,11.83430,0.50000,0.34297,0.08863
2135.00000,300.00000,1900.06084,5.63525,15.89403,23.93443,16.82611,0.56879,0.06089,0.02927
2136.00000,300.00000,1905.93249,6.99617,14.49699,21.86769,14.24330,0.50765,0.10990,0.02788
2137.00000,170.00000,1909.58615,4.70772,16.75205,30.18883,16.71757,0.50000,0.15764,0.06650
2138.00000,211.00000,1912.33908,4.47182,16.83763,22.06590,20.35626,0.68863,0.04871,0.04011
2139.00000,199.00000,1917.26819,4.58010,16.82605,24.39806,16.16019,0.73625,0.18123,0.00971
2140.00000,241.00000,1906.98102,4.30073,16.97819,24.93787,13.80965,0.50000,0.09055,0.04032
2141.00000,206.00000,1914.09881,4.10291,17.20777,29.20129,15.14822,0.55534,0.26214,0.03107
2142.00000,300.00000,1917.63473,6.94408,14.65277,26.16421,12.99695,0.50305,0.13320,0.02593
2143.00000,156.00000,1919.50407,3.82011,17.61564,24.86927,15.03687,0.79385,0.07709,0.02011
2144.00000,188.00000,1924.82674,4.63959,16.82540,27.65733,15.09617,0.50000,0.18768,0.09150
2145.00000,84.00000,1916.01994,4.92109,16.40000,32.34150,13.44898,0.50000,0.18095,0.05850
2146.00000,140.00000,1920.21746,4.09101,17.16085,22.26561,18.86772,0.51481,0.10899,0.06032
2147.00000,113.00000,1924.23270,3.25950,17.85059,28.11664,14.58060,0.50000,0.09436,0.02228
2148.00000,228.00000,1924.96120,4.02957,17.34935,22.37246,15.83734,0.69039,0.20425,0.03327
2149.00000,142.00000,1914.46613,3.02963,18.26243,24.34286,16.91746,0.50000,0.15556,0.18307
2150.00000,126.00000,1904.68642,5.24114,16.14272,32.30217,22.30807,0.60433,0.09154,0.00689
2151.00000,177.00000,1905.54614,4.78599,16.63628,28.51152,22.77159,0.64971,0.14012,0.06334
2152.00000,300.00000,1909.27542,6.09067,15.35048,23.71527,12.20414,0.50000,0.12460,0.02333
2153.00000,108.00000,1900.55320,2.87260,18.46248,23.60908,18.28796,0.57417,0.02094,0.02269
2154.00000,96.00000,1902.19349,5.47942,15.97442,33.46385,15.87319,0.50000,0.24917,0.05784
2155.00000,250.00000,1892.53340,5.26800,16.22041,26.55542,15.56481,0.50000,0.13400,0.09831
2156.00000,183.00000,1893.87494,4.45770,16.86109,22.63847,11.75245,0.57213,0.15316,0.06768
2157.00000,165.00000,1897.66859,3.93577,17.36766,19.41196,13.25360,0.59302,0.09524,0.09635
2158.00000,300.00000,1902.52676,6.66625,14.74210,21.87863,12.68394,0.54930,0.20038,0.06511
2159.00000,300.00000,1905.67889,7.12537,14.32998,20.60438,14.36014,0.50000,0.07688,0.03962
2160.00000,114.00000,1902.63609,5.46117,16.01231,41.16856,20.45360,0.50000,0.22727,0.00000
2161.00000,300.00000,1900.16271,4.77952,16.66406,25.08219,17.96673,0.53816,0.14547,0.01761
2162.00000,92.00000,1905.79922,2.34909,18.85823,15.14329,15.08841,0.50000,0.18445,0.18445
2163.00000,300.00000,1902.35599,6.66899,14.94356,22.95561,20.12555,0.51458,0.07292,0.02980
2164.00000,132.00000,1903.71004,3.64767,17.60725,22.64560,16.47358,0.76373,0.24456,0.04352
2165.00000,150.00000,1903.75412,4.87387,16.52744,33.97789,20.07862,0.50000,0.13432,0.04341
2166.00000,127.00000,1909.41286,4.75145,16.39749,28.87621,15.43037,0.50000,0.22534,0.03965
2167.00000,179.00000,1913.93119,5.93129,15.47515,31.99927,16.28289,0.50000,0.10380,0.00512
2168.00000,300.00000,1917.30858,7.13051,14.39741,26.04350,18.98707,0.60170,0.16343,0.03233
2169.00000,93.00000,1920.16038,4.44585,17.00422,35.70886,18.56540,0.51969,0.05907,0.00000
2170.00000,106.00000,1918.02444,3.56650,17.76650,26.89137,12.79492,0.50000,0.21320,0.08528
2171.00000,203.00000,1908.63551,4.46851,16.86077,24.49503,24.46409,0.66519,0.12265,0.03757
2172.00000,111.00000,1909.08826,4.32715,17.34040,27.02649,23.35762,0.51325,0.07417,0.11126
2173.00000,300.00000,1898.73889,6.65367,14.73613,18.72639,17.96702,0.56409,0.06297,0.01724
2174.00000,300.00000,1888.07334,6.65031,14.77914,23.12960,19.99770,0.62845,0.11656,0.06902
2175.00000,300.00000,1886.34442,7.47830,13.87056,21.17680,20.21942,0.69376,0.15549,0.03315
2176.00000,118.00000,1876.18156,4.06524,17.39144,31.24567,17.34760,0.50000,0.14271,0.05810
2177.00000,172.00000,1867.32803,4.92427,16.40635,26.59772,20.78420,0.54153,0.11401,0.01303
2178.00000,169.00000,1869.84723,4.69122,16.59450,29.12334,17.15705,0.59938,0.18190,0.02573
2179.00000,275.00000,1874.04387,6.54758,14.90142,25.99316,16.25470,0.50000,0.18974,0.17265
2180.00000,175.00000,1880.81895,5.19739,16.42012,33.31797,13.69048,0.50000,0.19816,0.11444
2181.00000,155.00000,1886.13223,4.35080,16.86057,22.32060,11.52043,0.50000,0.25133,0.09325
2182.00000,116.00000,1888.80845,2.91874,18.23944,24.31636,15.06934,0.50000,0.11159,0.05959
2183.00000,231.00000,1894.84857,5.92777,15.62359,26.69715,14.28960,0.50000,0.08549,0.01723
2184.00000,179.00000,1898.28989,4.47586,16.99143,29.90810,21.04595,0.60047,0.14642,0.09112
2185.00000,133.00000,1899.70286,4.34610,17.02270,19.27518,15.84823,0.65603,0.32199,0.11064
2186.00000,168.00000,1900.58483,5.14007,16.29642,22.93051,16.05755,0.71661,0.14007,0.05103
2187.00000,119.00000,1905.17052,4.80020,16.57684,33.01639,18.08914,0.67623,0.17520,0.06455
2188.00000,178.00000,1894.45047,4.87761,16.46667,30.07363,21.45075,0.75124,0.09254,0.00498
2189.00000,300.00000,1900.24958,5.83956,15.61758,23.61392,15.34359,0.60659,0.18168,0.02051
2190.00000,131.00000,1889.75552,4.03478,17.23664,31.01357,10.95081,0.50000,0.10517,0.02375
2191.00000,129.00000,1879.07958,3.94995,17.38038,29.95295,18.44545,0.51151,0.14314,0.09910
2192.00000,115.00000,1884.73760,4.00000,17.21392,22.77759,15.81834,0.62903,0.17487,0.04414
2193.00000,154.00000,1890.45295,4.70010,16.66602,27.77410,15.29796,0.51168,0.18598,0.09542
2194.00000,91.00000,1879.45434,2.13490,19.00619,23.69059,13.43936,0.50000,0.10396,0.06683
2195.00000,300.00000,1881.40520,6.46055,14.99857,19.33286,20.11693,0.83429,0.19225,0.04089
2196.00000,159.00000,1882.92319,3.14854,18.10964,22.99912,13.40584,0.52918,0.09019,0.05747
2197.00000,175.00000,1871.18571,4.51730,16.88160,29.08743,17.55191,0.57741,0.10291,0.00820
2198.00000,123.00000,1874.01469,3.35996,17.90975,26.31846,11.79772,0.68568,0.11100,0.03008
2199.00000,157.00000,1879.37108,4.53288,16.75747,28.45602,14.88898,0.50000,0.09821,0.02733
2200.00000,108.00000,1884.45927,4.59917,17.06380,23.40499,19.67268,0.52774,0.09154,0.05409
2201.00000,212.00000,1889.24896,4.50207,16.81336,22.92287,17.79683,0.52032,0.10675,0.10262
2202.00000,243.00000,1892.59340,5.07493,16.31873,32.19314,19.57045,0.57599,0.15251,0.02586
2203.00000,131.00000,1896.57774,4.54821,17.05418,31.57392,19.63453,0.50000,0.21028,0.07713
2204.00000,149.00000,1901.04250,5.47414,16.08405,29.07112,18.09375,0.50000,0.11746,0.01616
2205.00000,300.00000,1906.23876,5.40446,15.93501,14.43744,16.91174,0.89961,0.08147,0.03589
2206.00000,141.00000,1898.57673,5.08302,16.53085,36.67708,12.87357,0.50000,0.37091,0.05027
2207.00000,163.00000,1888.86188,4.43808,16.88682,23.07856,23.80426,0.69707,0.09454,0.01198
2208.00000,109.00000,1893.38279,3.49859,17.89577,25.46479,17.93380,0.80915,0.02676,0.01408
2209.00000,300.00000,1884.21516,4.43485,16.89514,18.66924,18.51195,0.80918,0.12799,0.03392
2210.00000,118.00000,1875.52092,4.25055,17.16630,25.21064,14.97007,0.54268,0.32483,0.19401
2211.00000,300.00000,1865.79742,5.66963,15.63278,22.00699,20.44854,0.75921,0.08132,0.04257
2212.00000,267.00000,1872.24355,4.90923,16.66369,28.01935,16.55432,0.53460,0.10119,0.03497
2213.00000,300.00000,1861.62577,5.10201,16.34765,25.16443,17.24765,0.63490,0.13356,0.00134
2214.00000,300.00000,1852.00125,6.49041,14.98235,19.66078,19.10744,0.76516,0.14121,0.04682
2215.00000,94.00000,1841.29125,4.05767,17.30406,32.22280,22.42988,0.63303,0.05767,0.00000
2216.00000,151.00000,1832.90528,5.14047,16.40651,31.93581,18.36558,0.55628,0.24930,0.09209
2217.00000,185.00000,1822.62131,5.59477,15.95207,26.47495,21.85294,0.62364,0.10131,0.04466
2218.00000,161.00000,1829.56363,4.29652,17.03043,25.21217,11.97217,0.64696,0.16435,0.08609
2219.00000,300.00000,1822.74435,4.61471,16.74654,18.88274,19.35397,0.69629,0.11945,0.04443
2220.00000,160.00000,1831.39815,5.16341,16.17584,32.32948,11.59059,0.50044,0.18917,0.02043
2221.00000,82.00000,1829.27985,5.23710,16.43236,38.04881,16.44770,0.50000,0.23989,0.07810
2222.00000,123.00000,1821.32069,3.59398,17.80000,21.35940,20.32331,0.80451,0.02857,0.00150
2223.00000,168.00000,1828.39250,4.13934,17.17213,20.67725,16.68852,0.70184,0.22439,0.02357
2224.00000,143.00000,1820.86505,4.02098,17.56174,34.49637,14.44956,0.50000,0.08878,0.00726
2225.00000,119.00000,1813.38162,6.44805,14.99722,40.27644,14.44156,0.50000,0.18275,0.01577
2226.00000,156.00000,1816.41062,4.27094,16.96946,28.60788,17.36650,0.66355,0.10049,0.07783
2227.00000,135.00000,1823.73005,4.02844,17.45046,31.16514,18.95229,0.50000,0.16055,0.09817
2228.00000,121.00000,1828.62341,3.58755,17.75977,20.98553,18.92764,0.63242,0.01158,0.01013
2229.00000,99.00000,1832.81041,4.14768,17.15893,29.87201,20.28270,0.50844,0.10970,0.04219
2230.00000,256.00000,1823.80285,3.76053,17.46579,19.53509,19.87456,0.75132,0.04737,0.02807
2231.00000,300.00000,1816.32660,4.74252,16.77741,21.74502,16.28738,0.69352,0.21179,0.09967
2232.00000,254.00000,1808.69407,4.67663,16.77854,20.50192,10.55096,0.50000,0.09962,0.07050
2233.00000,167.00000,1800.32335,5.76908,15.80724,35.82105,22.42500,0.62895,0.19934,0.03487
2234.00000,121.00000,1806.31020,4.47521,16.80774,30.08102,16.61669,0.50000,0.12696,0.04111
2235.00000,300.00000,1813.55364,5.51562,15.96929,24.56466,14.07489,0.54984,0.07866,0.02802
2236.00000,300.00000,1806.44424,6.52147,14.81683,19.37686,20.78966,0.76731,0.12445,0.08589
2237.00000,191.00000,1811.40096,4.38462,17.03019,21.79747,20.00389,0.73028,0.13437,0.03797
2238.00000,173.00000,1803.84338,4.73375,16.63448,25.49729,17.51625,0.76444,0.28610,0.31408
2239.00000,300.00000,1795.61137,5.62025,15.95570,20.42722,20.33861,0.60285,0.12500,0.01108
2240.00000,165.00000,1798.11482,5.03487,16.33496,31.49392,12.49878,0.51744,0.11760,0.05921
2241.00000,139.00000,1799.01636,3.69881,17.50198,23.77411,18.60106,0.58587,0.08983,0.02510
2242.00000,177.00000,1789.56670,4.96993,16.45524,35.01678,9.41469,0.50000,0.18531,0.03636
2243.00000,193.00000,1784.15319,3.88420,17.46540,29.71012,13.42972,0.50000,0.08740,0.06409
2244.00000,216.00000,1791.28295,5.33000,16.21778,35.83500,14.21500,0.50000,0.10556,0.04333
2245.00000,76.00000,1795.53226,3.91034,17.39655,29.68621,13.14655,0.51034,0.30000,0.17586
2246.00000,148.00000,1803.48184,3.27154,18.02231,28.71154,12.85692,0.50000,0.13077,0.03615
2247.00000,170.00000,1811.99172,3.81783,17.48643,24.81298,19.30717,0.68556,0.07171,0.02132
2248.00000,93.00000,1814.14747,3.38492,17.91402,21.89418,13.43254,0.50000,0.26852,0.12037
2249.00000,172.00000,1806.13033,4.52083,17.07176,24.35301,18.23843,0.88021,0.14931,0.00810
2250.00000,300.00000,1809.40666,5.73333,15.77524,18.18000,24.24762,0.79524,0.11619,0.01524
2251.00000,201.00000,1800.06743,5.20271,16.08460,19.83639,13.63687,0.54070,0.13488,0.08380
2252.00000,87.00000,1794.02119,4.62083,16.82083,33.02083,20.06944,0.50000,0.20417,0.08889
2253.00000,94.00000,1799.10395,4.70615,16.87016,39.74374,21.36560,0.50000,0.18907,0.01367
2254.00000,121.00000,1807.33440,4.59649,16.87241,23.50877,15.68740,0.56380,0.18182,0.05742
2255.00000,125.00000,1812.77311,5.70318,15.78799,33.98322,17.07862,0.53136,0.25177,0.03534
2256.00000,300.00000,1816.88754,5.43555,15.96110,19.90313,17.23494,0.80092,0.06102,0.02746
2257.00000,94.00000,1826.18921,3.94638,17.32609,25.00145,14.61304,0.58116,0.39710,0.01159
2258.00000,122.00000,1817.68159,3.32508,17.89934,19.42904,13.60561,0.61469,0.11056,0.01815
2259.00000,300.00000,1821.21138,4.49156,16.91370,15.82176,15.45216,0.61351,0.07036,0.00469
2260.00000,102.00000,1830.24538,3.74252,17.58638,23.71096,16.85382,0.70847,0.02658,0.00166
2261.00000,300.00000,1831.53293,6.24372,15.34577,27.28484,15.49581,0.63290,0.09825,0.01980
2262.00000,184.00000,1823.88826,3.94523,17.39093,20.83192,16.90557,0.56138,0.08215,0.06988
2263.00000,300.00000,1818.02756,5.74692,15.71822,22.12537,15.71060,0.67516,0.22027,0.03808
2264.00000,139.00000,1820.76517,2.74837,18.45425,13.58333,15.01797,0.68709,0.10784,0.02614
2265.00000,300.00000,1823.31683,4.94713,16.44574,23.73678,14.45409,0.63300,0.09794,0.02949
2266.00000,71.00000,1813.61098,2.97895,18.34105,26.21684,18.35158,0.50000,0.00842,0.00842
2267.00000,116.00000,1821.36041,3.21706,18.04860,30.35421,13.65767,0.50000,0.11015,0.11123
2268.00000,142.00000,1812.75396,3.60742,17.68279,29.95726,19.56243,0.55399,0.06974,0.02025
2269.00000,300.00000,1816.56202,4.40808,16.90292,20.16065,12.84708,0.60266,0.15636,0.01890
2270.00000,163.00000,1809.36167,5.01101,16.40088,22.79736,21.33480,0.82104,0.29295,0.02203
2271.00000,192.00000,1808.54302,4.89648,16.39381,25.03842,18.70331,0.65688,0.19210,0.05016
2272.00000,300.00000,1801.74662,5.16183,16.32824,24.64122,22.13664,0.61260,0.11145,0.11985
2273.00000,300.00000,1794.53095,5.56424,15.89583,23.89236,18.16580,0.70443,0.10938,0.01736
2274.00000,300.00000,1795.14766,5.14734,16.32931,20.89855,18.25201,0.72061,0.14171,0.02496
2275.00000,101.00000,1787.71388,4.43345,16.86007,31.70876,14.41297,0.50000,0.30262,0.20023
2276.00000,159.00000,1778.94012,5.12657,16.39946,29.96140,17.58079,0.61311,0.12208,0.08169
2277.00000,119.00000,1780.58241,4.95311,16.57696,32.72171,17.06728,0.65138,0.18756,0.01631
2278.00000,207.00000,1788.59676,4.34868,16.92360,23.64153,15.14789,0.70519,0.19687,0.07052
2279.00000,194.00000,1796.30033,4.89647,16.41085,25.53739,15.94084,0.58669,0.20378,0.02383
2280.00000,133.00000,1789.98011,4.07742,17.14968,20.03484,16.11097,0.59290,0.17677,0.10968
2281.00000,250.00000,1795.96845,4.57397,16.82740,24.00753,21.14110,0.84418,0.15685,0.01438
2282.00000,209.00000,1788.66953,3.69064,17.54975,22.61872,20.40591,0.64532,0.09360,0.04335
2283.00000,68.00000,1780.98085,3.37143,17.92143,31.31786,13.76786,0.50000,0.46607,0.11786
2284.00000,288.00000,1776.11974,6.24516,15.32933,22.63661,13.55912,0.53707,0.16433,0.02204
2285.00000,212.00000,1783.63216,5.21526,16.21662,29.27520,12.59264,0.52861,0.07153,0.00886
2286.00000,151.00000,1789.77502,3.61445,17.76195,26.28586,20.75788,0.67141,0.05799,0.05290
2287.00000,137.00000,1794.92577,3.31159,18.15399,29.83605,14.26087,0.50000,0.08424,0.06703
2288.00000,174.00000,1788.29685,3.96823,17.47649,31.81830,16.56353,0.50000,0.11309,0.07306
2289.00000,300.00000,1796.30536,5.97451,15.55510,19.47204,15.57237,0.78783,0.16283,0.04770
2290.00000,148.00000,1801.43272,5.90099,15.66139,26.93861,14.43465,0.51634,0.21386,0.04653
2291.00000,185.00000,1810.37748,4.37171,17.14428,31.68515,13.17200,0.50000,0.14072,0.11585
2292.00000,300.00000,1814.79309,5.06349,16.29538,22.67702,19.79710,0.58247,0.18427,0.02761
2293.00000,72.00000,1819.99194,3.93574,17.47806,26.01567,14.58150,0.50000,0.24922,0.04232
2294.00000,144.00000,1810.03446,3.88137,17.49778,24.33149,14.55765,0.56098,0.12195,0.04324
2295.00000,204.00000,1815.05968,5.59703,15.95019,24.42825,12.09814,0.51487,0.22379,0.06691
2296.00000,198.00000,1807.38405,4.28852,16.99607,27.32090,18.54465,0.60893,0.07851,0.03729
2297.00000,300.00000,1811.77220,5.08238,16.38254,19.80016,19.06444,0.83197,0.10277,0.02692
2298.00000,89.00000,1803.32532,4.64884,16.61705,33.10116,19.17197,0.57514,0.07081,0.01012
2299.00000,300.00000,1795.53920,5.66615,15.76242,15.33152,19.14130,0.79387,0.09860,0.00776
2300.00000,300.00000,1786.56454,7.56769,14.01439,22.20013,15.79529,0.64356,0.12950,0.00719
2301.00000,224.00000,1778.22418,4.75188,16.68437,28.95125,15.90625,0.50000,0.06125,0.02250
2302.00000,154.00000,1782.31580,3.58263,17.75464,26.62732,17.39629,0.65683,0.05143,0.01180
2303.00000,96.00000,1791.99614,3.97881,17.26695,22.27684,19.10028,0.50000,0.26977,0.26836
2304.00000,300.00000,1785.03173,5.05921,16.34813,20.63351,15.78153,0.57578,0.12611,0.01776
2305.00000,189.00000,1787.99557,3.92236,17.48344,21.80124,17.28468,0.76605,0.08178,0.03727
2306.00000,126.00000,1794.91662,4.83498,16.49065,30.97580,17.95380,0.50000,0.14081,0.04950
2307.00000,127.00000,1788.94109,4.42759,17.07291,29.71429,10.83941,0.50000,0.25813,0.19606
2308.00000,300.00000,1796.49349,4.88490,16.51733,19.89295,13.41522,0.51300,0.06498,0.02661
2309.00000,100.00000,1803.05138,4.65615,16.76341,20.91798,17.91009,0.68612,0.17192,0.04101
2310.00000,175.00000,1808.41020,4.38806,17.11062,27.55048,23.89464,0.61721,0.08780,0.01054
2311.00000,300.00000,1800.65195,5.40509,15.94704,23.06534,16.22696,0.58666,0.20014,0.01238
2312.00000,172.00000,1793.65851,5.27799,16.24023,37.44531,17.11849,0.50000,0.07487,0.05273
2313.00000,181.00000,1799.60719,4.06122,17.44671,30.68330,17.14437,0.50000,0.12094,0.08919
2314.00000,159.00000,1800.89157,4.55908,16.78360,31.74077,20.82201,0.50000,0.10709,0.09970
2315.00000,103.00000,1805.58321,4.86481,16.56859,18.86680,25.65209,0.81213,0.08549,0.00795
2316.00000,198.00000,1807.31598,3.86194,17.61194,21.02519,18.32929,0.77146,0.10448,0.05597
2317.00000,177.00000,1800.44552,4.61507,16.67160,29.96703,12.87079,0.55888,0.31629,0.01884
2318.00000,128.00000,1804.86857,2.70499,18.55522,21.40242,15.75038,0.56354,0.04690,0.02874
2319.00000,127.00000,1806.51639,4.90427,16.66325,39.96154,14.76239,0.50000,0.17265,0.02393
2320.00000,300.00000,1799.04340,7.00000,14.56667,20.23218,16.05057,0.67644,0.17816,0.05805
2321.00000,257.00000,1808.23005,4.46054,17.06949,28.63958,13.68787,0.50530,0.16843,0.06007
2322.00000,300.00000,1814.55835,5.10784,16.43750,24.15686,16.29902,0.58609,0.16605,0.06618
2323.00000,157.00000,1822.22141,4.74507,16.73684,30.13322,10.96957,0.50000,0.14885,0.00164
2324.00000,225.00000,1828.06795,4.12859,17.10848,21.48060,17.21911,0.59842,0.14799,0.02371
2325.00000,132.00000,1836.82168,3.59319,17.69447,31.98383,14.02809,0.50000,0.08340,0.05021
2326.00000,186.00000,1843.86270,4.01656,17.33747,24.81159,23.66356,0.60145,0.10041,0.03727
2327.00000,300.00000,1849.56927,4.11128,17.25915,16.63406,16.69529,0.54518,0.07468,0.06871
2328.00000,300.00000,1838.70324,5.48223,16.06337,21.09815,13.24498,0.63099,0.18934,0.02396
2329.00000,139.00000,1844.10636,4.13246,17.01667,31.31667,19.11579,0.50000,0.09649,0.02368
2330.00000,162.00000,1831.39538,4.98209,16.54226,28.47851,14.62321,0.50000,0.20201,0.06662
2331.00000,300.00000,1836.18114,5.51995,15.87101,20.05519,14.77128,0.60406,0.10771,0.05120
2332.00000,182.00000,1842.92976,4.29897,17.21420,24.57159,20.18442,0.71420,0.11913,0.02749
2333.00000,300.00000,1847.43333,6.09069,15.22059,21.01777,12.25858,0.50000,0.10172,0.04534
2334.00000,146.00000,1839.28283,4.01200,17.43938,24.98800,17.76711,0.66387,0.05642,0.04082
2335.00000,300.00000,1838.86096,4.27490,17.07568,21.91737,16.47181,0.63668,0.07027,0.01853
2336.00000,148.00000,1829.03609,4.18165,17.20787,29.85393,21.77996,0.68493,0.16948,0.02903
2337.00000,133.00000,1837.43671,3.03499,18.20203,19.24492,18.90181,0.55418,0.14221,0.14898
2338.00000,259.00000,1842.35055,5.10005,16.18090,24.92774,11.38252,0.50000,0.11824,0.04447
2339.00000,181.00000,1846.50393,4.09388,17.22449,19.46020,15.39490,0.70816,0.07551,0.01939
2340.00000,181.00000,1851.30039,3.84117,17.49148,30.23586,17.30539,0.55453,0.10566,0.03204
2341.00000,200.00000,1843.26563,5.01297,16.36023,27.79899,11.43156,0.50000,0.11095,0.12464
2342.00000,110.00000,1848.97065,4.13320,17.12145,33.92067,12.59158,0.50000,0.18609,0.05779
2343.00000,84.00000,1855.77521,4.31812,16.98523,36.32081,14.10872,0.50000,0.41342,0.07785
2344.00000,172.00000,1861.59080,4.46841,16.82934,31.23747,15.60930,0.50290,0.21569,0.02977
2345.00000,165.00000,1866.45633,4.19689,17.20035,27.66321,15.72193,0.50000,0.20812,0.15544
2346.00000,103.00000,1872.76047,2.59865,18.52277,17.35413,13.52277,0.55312,0.08432,0.04047
2347.00000,137.00000,1876.50698,4.32383,16.93376,24.07544,17.98712,0.68445,0.13983,0.07728
2348.00000,127.00000,1866.48874,4.16324,17.32546,29.23306,17.14374,0.50000,0.14990,0.08316
2349.00000,165.00000,1868.08774,5.84478,15.71045,29.57612,15.75448,0.50000,0.22537,0.03731
2350.00000,70.00000,1870.04212,3.96315,17.34506,31.23953,9.92630,0.50000,0.21943,0.11725
2351.00000,133.00000,1876.14231,3.96820,17.20943,21.88925,15.69737,0.50000,0.19079,0.04825
2352.00000,188.00000,1882.76243,4.18832,17.25478,25.80060,20.86606,0.86908,0.12991,0.00504
2353.00000,300.00000,1889.11083,5.64858,15.73357,20.56359,11.72755,0.57233,0.22905,0.02532
2354.00000,240.00000,1882.07570,4.66885,16.78384,21.74381,15.21907,0.66048,0.15648,0.02329
2355.00000,194.00000,1872.20000,5.24840,16.18930,29.24201,15.28435,0.56869,0.20927,0.05032
2356.00000,123.00000,1879.87833,4.10000,17.30741,14.43889,23.94259,0.72500,0.03704,0.01852
2357.00000,158.00000,1885.45451,3.82521,17.48206,21.87489,15.48666,0.63707,0.09568,0.03772
2358.00000,300.00000,1875.86672,5.56559,15.81147,24.63942,17.93869,0.68062,0.08372,0.03164
2359.00000,111.00000,1880.05248,4.74310,16.88535,31.70382,16.19002,0.50000,0.18684,0.03397
2360.00000,214.00000,1871.16560,4.60211,16.82477,18.55599,25.17260,0.79249,0.04743,0.00659
2361.00000,164.00000,1873.06935,5.39597,16.08783,31.12527,10.33981,0.50000,0.15047,0.05256
2362.00000,132.00000,1864.77195,4.64861,16.86295,37.74263,21.02072,0.50000,0.12112,0.05578
2363.00000,144.00000,1869.50220,4.62175,16.68669,33.53084,13.56818,0.50000,0.10065,0.05519
2364.00000,120.00000,1873.76935,3.66285,17.57658,36.49648,13.58803,0.50000,0.08187,0.02905
2365.00000,300.00000,1879.88105,5.44872,15.95026,26.96359,20.28564,0.53692,0.04205,0.02974
2366.00000,148.00000,1883.44971,3.94047,17.29953,25.10512,15.65116,0.50000,0.12558,0.02047
2367.00000,150.00000,1882.36585,3.18478,18.09783,21.27853,20.05027,0.61345,0.10462,0.04484
2368.00000,300.00000,1883.82444,6.43555,15.02119,20.52501,15.84638,0.50000,0.09653,0.02237
2369.00000,136.00000,1876.26417,4.09074,17.27221,28.34216,12.15974,0.50000,0.10491,0.08034
2370.00000,300.00000,1876.52275,4.44144,16.95495,20.98198,14.03465,0.51109,0.14276,0.07484
2371.00000,162.00000,1880.36146,5.48074,15.91960,32.49832,19.13400,0.56868,0.17085,0.06198
2372.00000,151.00000,1879.04438,2.84560,18.32618,22.27403,22.83333,0.52454,0.13190,0.14519
2373.00000,153.00000,1881.19807,5.33905,15.99265,29.94935,12.45752,0.50000,0.16667,0.03105
2374.00000,146.00000,1887.05467,5.01996,16.48559,36.53954,16.16260,0.50000,0.08721,0.04656
2375.00000,300.00000,1890.95059,6.15515,15.26516,19.55853,12.84415,0.52398,0.06488,0.04795
2376.00000,139.00000,1894.33575,4.31266,17.00258,30.57537,16.72954,0.50000,0.12575,0.06115
2377.00000,168.00000,1890.46820,4.46792,16.91040,20.62721,13.13717,0.51549,0.08850,0.04093
2378.00000,109.00000,1894.34954,3.09394,18.16316,23.16316,12.25711,0.50000,0.17923,0.18294
2379.00000,206.00000,1886.82448,5.67835,15.71106,28.95405,14.67212,0.54829,0.22118,0.02960
2380.00000,300.00000,1891.60558,5.46875,15.86636,19.82247,15.43750,0.67919,0.07580,0.03059
2381.00000,169.00000,1893.11670,4.05217,17.33169,22.07480,13.32382,0.58071,0.08071,0.01575
2382.00000,109.00000,1890.91840,3.85190,17.42527,25.26223,13.73234,0.61073,0.10734,0.01359
2383.00000,300.00000,1892.88882,5.00460,16.35096,21.38008,17.34789,0.67663,0.16782,0.03065
2384.00000,130.00000,1885.55252,4.53443,16.83982,26.58084,18.30240,0.64895,0.14820,0.07335
2385.00000,149.00000,1878.75826,3.65155,17.57515,28.14190,14.35013,0.50000,0.17548,0.05122
2386.00000,199.00000,1870.16237,5.60735,15.69955,30.45455,17.74017,0.50000,0.10187,0.04449
2387.00000,300.00000,1871.62133,4.16119,17.20459,19.93614,13.60446,0.50000,0.17793,0.16305
2388.00000,155.00000,1875.02745,3.34656,17.80445,25.55276,13.03195,0.50000,0.06292,0.04356
2389.00000,152.00000,1880.85610,3.53968,17.60902,23.60568,10.53801,0.50000,0.12949,0.09607
2390.00000,107.00000,1874.30084,3.12367,18.07463,27.99893,14.10021,0.50000,0.12793,0.01812
2391.00000,173.00000,1878.33628,3.44969,17.97596,25.04185,15.10597,0.50000,0.16207,0.13090
2392.00000,221.00000,1882.43414,3.37052,17.86694,14.42784,17.35005,0.65200,0.07472,0.02149
2393.00000,157.00000,1885.89009,4.48418,16.98840,29.45359,16.89873,0.64715,0.07173,0.02110
2394.00000,111.00000,1876.50706,4.95469,16.44696,31.31823,11.58908,0.50000,0.30072,0.06797
2395.00000,110.00000,1868.59293,4.22126,17.08894,31.29067,14.03905,0.50000,0.10738,0.07484
2396.00000,193.00000,1872.78471,4.90374,16.53364,25.63084,18.10374,0.59766,0.08879,0.08505
2397.00000,144.00000,1873.98729,4.09109,17.39275,31.93144,14.09794,0.58766,0.12047,0.06660
2398.00000,165.00000,1862.74898,4.75363,16.63351,32.61209,15.72226,0.50000,0.08875,0.07881
2399.00000,300.00000,1863.72972,4.83319,16.59281,19.22070,14.13345,0.74893,0.16766,0.05988
2400.00000,300.00000,1865.31772,7.12930,14.23543,18.75112,11.75486,0.53999,0.20553,0.02466
2401.00000,108.00000,1855.32148,4.35347,16.91723,32.47427,11.16107,0.50000,0.22148,0.13758
2402.00000,199.00000,1863.20514,4.20643,17.23755,24.07884,14.34440,0.60581,0.06120,0.07573
2403.00000,212.00000,1867.85826,4.04425,17.26401,21.18584,15.13201,0.58112,0.12463,0.01401
2404.00000,126.00000,1859.86971,3.61530,17.68029,27.06184,13.41614,0.60901,0.25367,0.01468
2405.00000,177.00000,1865.92965,3.77453,17.62478,28.34509,16.77108,0.50000,0.07917,0.07659
2406.00000,149.00000,1872.26981,3.77068,17.54545,28.80590,15.19820,0.50000,0.16462,0.04095
2407.00000,300.00000,1878.03143,4.68872,16.72777,28.03525,11.69631,0.50000,0.06941,0.02223
2408.00000,293.00000,1879.90854,4.85083,16.49724,19.84254,21.70304,0.67541,0.08702,0.08840
2409.00000,164.00000,1875.99832,3.73374,17.67807,34.66130,10.16901,0.50000,0.17304,0.03219
2410.00000,300.00000,1865.01944,5.67202,15.86842,20.27985,10.02311,0.55809,0.16303,0.02439
2411.00000,190.00000,1869.42188,4.03208,17.38773,30.80335,16.50488,0.50000,0.09344,0.07043
2412.00000,300.00000,1874.95037,5.59508,15.88000,26.68369,16.67385,0.50000,0.10338,0.02585
2413.00000,170.00000,1876.19377,3.98876,17.32022,24.22285,15.56461,0.56835,0.14232,0.07303
2414.00000,126.00000,1872.93610,4.81720,16.83751,28.53405,23.80645,0.69235,0.03584,0.00956
2415.00000,121.00000,1862.33243,4.38142,17.04262,27.43825,19.49836,0.70164,0.24044,0.05902
2416.00000,122.00000,1855.40518,2.94804,18.25557,25.33086,13.02651,0.50000,0.09120,0.11347
2417.00000,191.00000,1860.70854,4.95640,16.45785,27.63372,18.96439,0.53634,0.14826,0.03561
2418.00000,178.00000,1863.69283,4.61566,16.83993,27.75022,17.10818,0.55013,0.28320,0.17062
2419.00000,189.00000,1865.18504,4.98718,16.27463,25.48178,12.39609,0.50000,0.17611,0.06748
2420.00000,300.00000,1872.60323,5.49068,15.86945,20.74920,13.16141,0.56270,0.12605,0.04759
2421.00000,186.00000,1876.69808,5.46341,16.01495,26.38788,16.60740,0.57002,0.20456,0.01180
2422.00000,300.00000,1874.83815,3.86881,17.44801,24.65248,13.09770,0.50000,0.07816,0.03838
2423.00000,300.00000,1880.85565,8.17792,13.29304,27.52643,13.26845,0.51962,0.16274,0.03192
2424.00000,300.00000,1879.62955,5.78595,15.67892,17.00865,16.94378,0.71838,0.17081,0.11676
2425.00000,300.00000,1881.07716,5.22905,16.13547,24.58170,17.05517,0.60056,0.07751,0.02723
2426.00000,146.00000,1874.24574,4.06958,17.31014,29.14151,19.88915,0.61262,0.07311,0.00000
2427.00000,175.00000,1865.93749,4.64007,16.78990,28.56352,13.87622,0.50000,0.12866,0.06107
2428.00000,186.00000,1854.38360,3.91054,17.48673,27.94541,12.39955,0.50569,0.11221,0.00379
2429.00000,106.00000,1862.20466,4.48184,16.72486,26.04749,19.84218,0.62291,0.04190,0.03073
2430.00000,300.00000,1854.30812,5.13518,16.31196,22.02513,23.93154,0.83276,0.16638,0.12132
2431.00000,110.00000,1843.85241,4.70711,16.65272,33.25941,17.32845,0.50000,0.24163,0.12134
2432.00000,300.00000,1833.86812,6.66359,14.67899,20.38447,14.24707,0.56808,0.15527,0.02403
2433.00000,86.00000,1838.47558,4.04690,17.14071,21.21576,21.26829,0.54503,0.06191,0.03752
2434.00000,151.00000,1843.91006,4.00000,17.39940,31.48574,16.32508,0.50000,0.10210,0.06907
2435.00000,204.00000,1836.12407,4.75437,16.70583,24.01748,19.05146,0.66311,0.19320,0.01262
2436.00000,153.00000,1842.47647,4.11202,17.19370,24.52509,23.17503,0.73804,0.06418,0.00000
2437.00000,300.00000,1832.78064,5.44597,15.96182,25.21830,15.40994,0.60411,0.12248,0.01729
2438.00000,141.00000,1825.64015,3.85147,17.37133,30.15630,12.24266,0.50000,0.22453,0.13040
2439.00000,93.00000,1816.81248,2.95270,18.19054,27.26757,14.73243,0.50000,0.15811,0.09189
2440.00000,232.00000,1821.29110,5.12573,16.41586,24.39458,13.71373,0.63153,0.14765,0.08575
2441.00000,300.00000,1827.65033,6.58424,15.04874,23.72563,18.13297,0.58514,0.16065,0.04934
2442.00000,177.00000,1833.75256,4.60160,16.80479,32.31350,15.02250,0.50000,0.17417,0.04209
2443.00000,89.00000,1840.56387,3.90727,17.44545,28.30364,19.06000,0.52909,0.01273,0.00000
2444.00000,156.00000,1843.54899,5.24905,16.12691,29.76908,22.46088,0.62882,0.08779,0.00000
2445.00000,179.00000,1835.91320,4.64596,16.78797,22.71696,17.70611,0.64398,0.15286,0.04438
2446.00000,300.00000,1827.31400,5.01995,16.39401,25.26060,16.35162,0.51590,0.07918,0.03616
2447.00000,177.00000,1835.48531,4.97592,16.52739,39.30524,16.46779,0.50000,0.11981,0.07164
2448.00000,139.00000,1835.09530,3.81865,17.67703,34.01468,12.39206,0.50000,0.32729,0.08031
2449.00000,232.00000,1840.48182,6.23135,15.23135,30.32268,17.51370,0.59361,0.16134,0.02283
2450.00000,219.00000,1846.94986,4.64136,16.79971,24.89299,17.95011,0.67679,0.17860,0.07737
2451.00000,134.00000,1840.13409,3.80204,17.65506,36.65166,14.83687,0.50000,0.16907,0.08581
2452.00000,79.00000,1843.69839,3.88600,17.45000,20.34200,21.94200,0.67100,0.05400,0.00400
2453.00000,128.00000,1849.13873,4.96387,16.39745,23.94049,18.66631,0.60733,0.22210,0.02550
2454.00000,178.00000,1841.71961,6.06687,15.44252,32.36063,10.79715,0.50000,0.16078,0.05184
2455.00000,112.00000,1848.70669,4.16434,17.12937,27.50175,25.20455,0.66696,0.01224,0.00350
2456.00000,131.00000,1855.15935,5.19875,16.47138,28.66701,15.18314,0.53434,0.14464,0.02393
2457.00000,198.00000,1845.04646,3.90142,17.51754,25.67204,18.14692,0.58957,0.09005,0.02654
2458.00000,300.00000,1851.67190,5.74575,15.75400,29.19942,14.46531,0.50801,0.07230,0.01601
2459.00000,145.00000,1845.36956,3.96031,17.40353,34.49063,17.66042,0.50055,0.03308,0.05182
2460.00000,176.00000,1846.80245,4.15946,17.08919,22.62432,14.15135,0.70068,0.10811,0.03378
2461.00000,137.00000,1834.29694,4.39490,16.93843,28.66985,14.32378,0.59979,0.21338,0.02017
2462.00000,180.00000,1841.21635,4.58259,16.77753,29.90625,13.59077,0.50000,0.14732,0.08780
2463.00000,132.00000,1846.96807,3.79542,17.51188,34.81239,11.70034,0.50000,0.12903,0.08574
2464.00000,153.00000,1852.75986,5.29307,16.12079,30.61517,18.05337,0.72706,0.31273,0.04963
2465.00000,300.00000,1860.75985,5.62198,15.95715,23.77609,16.24810,0.57636,0.06842,0.03663
2466.00000,136.00000,1864.80749,4.94407,16.44898,36.39834,13.32048,0.50000,0.13605,0.02343
2467.00000,300.00000,1870.13771,5.30641,15.97403,25.10906,18.57703,0.56694,0.04443,0.02827
2468.00000,300.00000,1875.77364,5.84038,15.75658,21.40702,14.38388,0.78053,0.16520,0.00000
2469.00000,135.00000,1875.02038,4.32324,17.03473,30.82814,14.93767,0.51825,0.18789,0.01603
2470.00000,150.00000,1873.87193,4.55042,16.81150,32.58435,19.48633,0.50000,0.08954,0.04241
2471.00000,141.00000,1877.81626,4.26130,17.07724,29.28348,14.58751,0.50000,0.17913,0.04437
2472.00000,101.00000,1879.93842,5.35795,16.26283,30.61076,16.96496,0.53755,0.19524,0.05882
2473.00000,136.00000,1881.13433,4.65601,16.78585,32.16279,16.58333,0.56202,0.17733,0.01550
2474.00000,146.00000,1887.02371,5.07718,16.41379,31.38752,14.57061,0.50000,0.17323,0.06568
2475.00000,197.00000,1887.93268,4.07943,17.37799,23.83923,12.42105,0.51196,0.17225,0.07560
2476.00000,300.00000,1893.93857,3.98900,17.28973,25.34474,14.70171,0.50000,0.06907,0.07641
2477.00000,119.00000,1899.15937,4.06477,17.44128,40.91537,19.76857,0.50000,0.06563,0.03022
2478.00000,154.00000,1897.34467,4.05772,17.28858,21.88582,20.77917,0.70263,0.04266,0.00376
2479.00000,300.00000,1898.20274,6.67201,15.04373,22.39359,21.50510,0.71392,0.11589,0.02478
2480.00000,131.00000,1889.96481,4.47523,16.85321,33.82936,18.45505,0.50000,0.13028,0.03578
2481.00000,300.00000,1880.15631,5.75653,15.69326,22.89477,16.20839,0.68432,0.07909,0.04402
2482.00000,175.00000,1885.94391,4.58283,16.77246,24.67265,15.43812,0.65569,0.12774,0.02994
2483.00000,80.00000,1884.51879,2.54211,18.61579,13.78947,16.03684,0.50000,0.01316,0.01842
2484.00000,256.00000,1889.99188,7.16743,14.40679,28.37975,14.91887,0.56847,0.12255,0.01726
2485.00000,103.00000,1880.79359,3.22283,17.97935,30.81630,11.54891,0.50000,0.14565,0.05217
2486.00000,153.00000,1884.55660,4.72895,16.73158,17.08947,21.63421,0.67303,0.09211,0.04474
2487.00000,186.00000,1888.53823,5.53512,15.85635,28.04104,17.69140,0.65549,0.13812,0.00868
2488.00000,300.00000,1877.77696,5.36511,15.97341,21.51816,11.37419,0.50130,0.15045,0.02464
2489.00000,143.00000,1881.16971,4.77792,16.57741,25.19416,23.67005,0.84581,0.04315,0.00254
2490.00000,150.00000,1888.29812,4.37883,16.97066,21.05102,20.99872,0.92028,0.06505,0.01148
2491.00000,194.00000,1878.80537,5.60208,15.77708,28.15521,18.18229,0.65260,0.15625,0.03021
2492.00000,146.00000,1872.20453,4.87157,16.34776,24.96825,21.17027,0.71356,0.14574,0.05916
2493.00000,137.00000,1863.52325,4.08669,17.25800,25.40351,13.45304,0.50000,0.14035,0.09494
2494.00000,145.00000,1855.37251,4.73908,16.61747,29.97403,22.23967,0.61157,0.05195,0.00708
2495.00000,216.00000,1863.13495,5.13199,16.11186,19.24720,19.75615,0.82550,0.14318,0.02237
2496.00000,132.00000,1856.98565,4.22443,17.22633,30.42045,20.17235,0.50000,0.08333,0.02083
2497.00000,125.00000,1849.33165,5.38611,16.13887,39.99323,16.73328,0.50000,0.11431,0.03556
2498.00000,143.00000,1853.66442,5.32889,16.33046,36.45133,15.92308,0.51413,0.10989,0.00942
2499.00000,157.00000,1861.97242,5.08792,16.37567,29.59591,13.47513,0.50000,0.23002,0.22202
2500.00000,300.00000,1867.81219,5.85473,15.55236,20.78378,21.99240,0.79688,0.11149,0.01098
2501.00000,219.00000,1869.37628,5.09447,16.48485,26.36809,19.62834,0.61898,0.11319,0.05258
2502.00000,144.00000,1861.73320,3.85641,17.44718,24.11282,13.27795,0.50000,0.16821,0.05128
2503.00000,185.00000,1851.78527,3.96053,17.34211,18.55921,17.47478,0.74178,0.08553,0.04057
2504.00000,135.00000,1855.38537,2.95951,18.35951,30.43077,15.15789,0.50000,0.13117,0.06316
2505.00000,300.00000,1862.31996,6.81642,14.70557,23.25748,19.42346,0.64340,0.16129,0.01642
2506.00000,215.00000,1867.62965,4.12116,17.26377,29.53739,13.00290,0.50000,0.10435,0.02319
2507.00000,174.00000,1874.27825,5.54363,15.98684,32.33795,15.04501,0.50000,0.12950,0.01801
2508.00000,224.00000,1879.31901,3.50442,17.76767,24.75177,18.05300,0.61352,0.07244,0.01148
2509.00000,268.00000,1883.96429,4.31831,17.04603,28.90940,15.61773,0.50000,0.16618,0.09690
2510.00000,300.00000,1876.14783,5.90443,15.59449,22.89255,14.75648,0.50000,0.10799,0.07019
2511.00000,144.00000,1878.86380,5.00371,16.32067,31.47822,12.38740,0.50000,0.19092,0.04727
2512.00000,137.00000,1884.41475,5.17656,16.45358,37.61948,10.92237,0.50000,0.09589,0.00609
2513.00000,134.00000,1890.61702,3.74979,17.54772,32.40413,13.69046,0.50000,0.12898,0.04299
2514.00000,214.00000,1897.12291,4.77881,16.71780,29.82881,15.65339,0.57246,0.16186,0.01102
2515.00000,300.00000,1901.25644,5.32514,16.18642,27.70665,13.10549,0.50000,0.08333,0.03709
2516.00000,300.00000,1891.45661,5.95607,15.56620,25.25015,17.02074,0.54088,0.10433,0.07200
2517.00000,135.00000,1893.17557,4.25167,17.14465,30.10786,11.21656,0.50000,0.10702,0.08110
2518.00000,206.00000,1886.55985,5.13596,16.31910,33.88090,12.67584,0.50000,0.18539,0.03596
2519.00000,192.00000,1889.71265,3.63187,17.66484,24.82104,11.85322,0.52119,0.24961,0.03768
2520.00000,145.00000,1896.39885,4.57281,16.90357,30.24204,14.41755,0.59595,0.14658,0.07715
2521.00000,242.00000,1900.97368,3.92423,17.55904,24.38157,15.62730,0.68498,0.16724,0.03208
2522.00000,155.00000,1902.38182,5.64503,15.92880,24.85236,12.84712,0.50000,0.14869,0.01675
2523.00000,242.00000,1893.69370,4.53547,16.94593,29.35930,16.83547,0.50000,0.06395,0.01512
2524.00000,171.00000,1900.48540,4.38695,17.12243,27.92493,14.67918,0.55987,0.12601,0.05094
2525.00000,215.00000,1905.92070,5.01405,16.32904,31.60363,12.77459,0.50000,0.15164,0.00878
2526.00000,300.00000,1912.28455,4.83204,16.46170,18.42235,14.10611,0.60014,0.09698,0.06395
2527.00000,300.00000,1916.62097,5.98095,15.34584,25.28522,17.71247,0.61201,0.08314,0.00462
2528.00000,149.00000,1919.22816,4.03425,17.17397,22.81644,20.71644,0.78151,0.07945,0.03151
2529.00000,224.00000,1925.12321,6.76854,14.78389,25.54987,12.74488,0.50000,0.14322,0.01279
2530.00000,300.00000,1916.56073,4.76965,16.66566,22.90689,12.39480,0.50000,0.08102,0.02721
2531.00000,249.00000,1922.08951,3.85705,17.40324,27.39312,16.49697,0.52967,0.04450,0.03372
2532.00000,300.00000,1926.98092,6.80885,14.85361,25.42865,13.01053,0.50184,0.10795,0.08162
2533.00000,300.00000,1918.05530,5.07460,16.58855,24.57875,19.95855,0.73173,0.12509,0.00528
2534.00000,204.00000,1924.23103,3.85277,17.39771,18.45411,10.16635,0.54732,0.18356,0.10707
2535.00000,300.00000,1915.41011,5.57829,15.75450,26.13584,14.11238,0.74195,0.29678,0.00000
2536.00000,300.00000,1916.13356,5.96615,15.45477,22.72554,10.60554,0.53877,0.32800,0.05846
2537.00000,187.00000,1920.95679,4.93555,16.53802,32.76032,17.14265,0.50000,0.17234,0.10355
2538.00000,110.00000,1922.21435,3.88949,17.61725,27.04313,21.25067,0.57278,0.03100,0.03235
2539.00000,143.00000,1927.41664,3.36752,17.86966,21.70726,13.61111,0.50000,0.17094,0.11111
2540.00000,286.00000,1918.19773,5.90212,15.57985,22.69204,16.26216,0.50000,0.17001,0.03606
2541.00000,168.00000,1910.15725,4.02477,17.30145,25.36721,13.31170,0.54398,0.09735,0.03245
2542.00000,300.00000,1911.90085,6.28690,15.10415,21.53802,15.64089,0.59776,0.09010,0.03195
2543.00000,230.00000,1918.00720,4.19847,17.36371,27.28109,24.16440,0.65801,0.09455,0.01533
2544.00000,300.00000,1915.56470,5.51137,16.04802,20.29739,16.55687,0.74010,0.11120,0.03791
2545.00000,300.00000,1907.08834,4.99554,16.33244,16.39572,13.39750,0.57799,0.14349,0.01872
2546.00000,107.00000,1899.03487,3.08944,18.29068,24.75652,17.69441,0.52795,0.06708,0.01491
2547.00000,133.00000,1895.70375,5.17620,16.41648,34.59611,16.91304,0.54005,0.18192,0.00000
2548.00000,200.00000,1885.38617,4.20157,17.19178,22.72994,19.62622,0.74217,0.06556,0.00294
2549.00000,176.00000,1876.79345,3.53323,17.94713,20.87462,26.02266,0.60272,0.09063,0.05287
2550.00000,114.00000,1869.94190,3.87161,17.39920,33.06319,17.85155,0.50000,0.08726,0.02909
2551.00000,300.00000,1862.80067,4.93925,16.46262,19.26402,18.09502,0.75195,0.07944,0.04206
2552.00000,106.00000,1867.90714,3.87448,17.53931,36.35448,25.68552,0.52207,0.03448,0.01379
2553.00000,300.00000,1859.52863,7.44189,13.99409,26.52397,15.71963,0.69665,0.34209,0.01445
2554.00000,175.00000,1851.77765,3.89350,17.73902,28.36179,16.99837,0.50000,0.04146,0.03902
2555.00000,300.00000,1848.35236,5.29668,16.00000,18.11882,13.71587,0.60295,0.11144,0.05092
2556.00000,134.00000,1841.83654,3.51929,17.86642,26.60301,17.86265,0.50000,0.09501,0.10724
2557.00000,146.00000,1840.37987,4.85430,16.55451,28.72222,18.47694,0.62159,0.06709,0.02621
2558.00000,154.00000,1844.27620,5.34765,16.25222,42.17723,8.86026,0.50000,0.14928,0.02727
2559.00000,159.00000,1837.65882,4.90127,16.37261,24.19108,19.97134,0.72877,0.25584,0.05839
2560.00000,110.00000,1844.44740,4.37638,16.86203,25.66998,12.55519,0.50000,0.23841,0.18433
2561.00000,132.00000,1851.95255,3.92041,17.43061,28.09796,8.84388,0.50000,0.26735,0.04592
2562.00000,300.00000,1853.26371,7.38383,14.28170,24.54468,22.70128,0.74894,0.16426,0.03574
2563.00000,163.00000,1857.86929,3.44007,17.87849,15.28571,17.27915,0.65928,0.15764,0.04926
2564.00000,300.00000,1848.91208,6.72603,14.71233,17.69521,14.07962,0.72646,0.24401,0.05479
2565.00000,300.00000,1841.29047,6.70494,14.73457,19.56049,16.54321,0.70648,0.23272,0.06543
2566.00000,300.00000,1835.40762,7.36364,14.32351,22.60000,17.27712,0.66740,0.31724,0.05078
2567.00000,73.00000,1837.11634,5.09277,16.56761,41.52201,13.97484,0.50000,0.22484,0.04874
2568.00000,174.00000,1843.23632,3.66987,17.66891,23.79692,12.06352,0.72618,0.06256,0.02791
2569.00000,167.00000,1851.78591,4.24957,17.09012,26.99393,20.57452,0.75433,0.05113,0.01906
2570.00000,178.00000,1844.30318,4.08291,17.23852,26.74617,20.93367,0.54592,0.13520,0.06122
2571.00000,102.00000,1838.63007,3.82420,17.28995,27.00342,16.29338,0.50000,0.15297,0.06735
2572.00000,156.00000,1831.20183,3.06290,18.05968,16.38548,15.82581,0.75887,0.17258,0.09516
2573.00000,140.00000,1836.78440,4.36805,17.02249,24.23432,21.26982,0.69645,0.17633,0.02367
2574.00000,128.00000,1828.97865,4.09849,17.21669,25.46118,19.70104,0.61472,0.16107,0.05098
2575.00000,138.00000,1832.85618,4.29725,17.15737,33.94005,20.05329,0.50000,0.11740,0.08993
2576.00000,300.00000,1841.26131,4.87564,16.54572,16.94221,18.52524,0.84674,0.08705,0.01317
2577.00000,100.00000,1848.49979,4.23357,17.11854,23.86854,15.80516,0.50000,0.23005,0.03404
2578.00000,177.00000,1841.40994,4.04102,17.23063,22.61987,24.49863,0.69553,0.07840,0.05469
2579.00000,241.00000,1846.00512,4.87647,16.44326,25.75573,9.39855,0.50000,0.14421,0.03577
2580.00000,300.00000,1838.70105,7.20862,14.40402,28.26322,15.69770,0.55000,0.09368,0.04368
2581.00000,158.00000,1845.76513,5.57677,15.73228,23.20866,10.30906,0.62451,0.36417,0.07776
2582.00000,144.00000,1845.57806,3.75253,17.54377,30.37542,16.18434,0.50000,0.12374,0.17172
2583.00000,153.00000,1849.98497,5.61891,15.91841,28.24776,13.52239,0.53433,0.25672,0.02388
2584.00000,190.00000,1852.98778,5.58138,15.59028,26.74575,13.56113,0.50000,0.19838,0.05668
2585.00000,300.00000,1859.98103,5.07101,16.21805,17.04094,18.70677,0.79198,0.18045,0.01420
2586.00000,150.00000,1866.01560,4.46810,16.91983,28.93793,13.35345,0.62586,0.25172,0.05603
2587.00000,300.00000,1858.89276,5.73246,15.72807,20.45175,17.64985,0.63670,0.07895,0.03655
2588.00000,188.00000,1863.60392,4.92056,16.69550,32.13239,23.78111,0.50000,0.06355,0.02295
2589.00000,177.00000,1863.77115,4.82140,16.86649,32.70380,11.04598,0.50044,0.13970,0.00707
2590.00000,141.00000,1852.53157,4.33520,17.02682,28.46704,20.45475,0.83520,0.12737,0.05475
2591.00000,300.00000,1843.86731,5.23903,16.19835,24.17673,13.49905,0.50000,0.17228,0.08519
2592.00000,121.00000,1836.76201,3.35672,17.98358,22.42090,15.31343,0.56493,0.28209,0.16269
2593.00000,88.00000,1842.93084,3.88488,17.56727,31.35229,14.54369,0.50000,0.15118,0.06103
2594.00000,145.00000,1844.78462,2.53016,18.64444,22.76032,18.53810,0.57619,0.07460,0.05079
2595.00000,276.00000,1847.86185,3.59615,17.65769,19.15385,22.20256,0.68269,0.15256,0.09359
2596.00000,300.00000,1839.32526,4.64259,16.78331,22.81648,11.88711,0.50000,0.08186,0.02354
2597.00000,198.00000,1833.07118,3.69762,17.48358,20.99773,17.54813,0.57814,0.11438,0.05096
2598.00000,300.00000,1838.75490,4.67849,16.68251,19.24013,21.06285,0.72603,0.04351,0.00967
2599.00000,300.00000,1831.65640,4.95153,16.51446,17.78061,16.79252,0.60842,0.24235,0.10204
2600.00000,300.00000,1822.26403,5.50499,15.89191,20.37472,11.50388,0.53908,0.15466,0.07040
2601.00000,183.00000,1821.30390,4.21961,17.10980,21.12353,16.82059,0.72941,0.13137,0.06176
2602.00000,300.00000,1828.15552,5.04463,16.29807,23.37080,10.57466,0.50000,0.04683,0.04187
2603.00000,135.00000,1815.29891,4.18909,17.21543,26.60865,16.06021,0.51411,0.08278,0.02446
2604.00000,156.00000,1821.54148,4.71250,16.70750,29.86583,12.24667,0.50000,0.17167,0.07417
2605.00000,131.00000,1828.48839,3.36710,17.90985,31.26394,17.85223,0.50000,0.14498,0.10595
2606.00000,154.00000,1834.20608,4.72167,16.78736,30.98440,18.10920,0.50000,0.14450,0.09688
2607.00000,96.00000,1838.29287,4.43062,16.84406,28.56938,13.49499,0.50000,0.43634,0.21888
2608.00000,135.00000,1846.65004,5.30239,16.26702,33.53935,18.76481,0.50000,0.14147,0.11583
2609.00000,125.00000,1854.01007,3.09144,18.07588,26.94163,14.58755,0.50000,0.13619,0.09533
2610.00000,224.00000,1857.06284,4.45389,16.92948,21.77758,21.08951,0.71745,0.18716,0.09494
2611.00000,123.00000,1858.68352,4.72122,16.68849,28.27561,13.61985,0.65048,0.18585,0.04752
2612.00000,300.00000,1850.62031,5.71558,15.59744,15.67269,17.02182,0.50376,0.10384,0.10835
2613.00000,144.00000,1857.51283,5.25377,16.49485,35.32831,12.43775,0.50000,0.21808,0.05710
2614.00000,217.00000,1856.56314,4.57249,16.73737,27.07291,17.41342,0.58658,0.05882,0.03894
2615.00000,178.00000,1861.12638,4.40127,16.94304,25.48608,22.34177,0.70316,0.08101,0.04051
2616.00000,200.00000,1853.81049,5.29524,16.20877,34.97468,11.11365,0.50000,0.05497,0.03830
2617.00000,256.00000,1847.62382,4.92897,16.49721,33.58042,11.63572,0.50000,0.11111,0.00254
2618.00000,130.00000,1853.63591,4.88246,16.52080,33.18626,15.24864,0.50000,0.15913,0.06781
2619.00000,187.00000,1857.24586,4.24917,17.16944,24.51938,16.84939,0.63953,0.13178,0.04208
2620.00000,300.00000,1858.94883,5.18215,16.30598,19.10871,21.83225,0.69978,0.13319,0.01656
2621.00000,126.00000,1851.09889,3.93179,17.36016,25.03683,21.03956,0.68963,0.09823,0.02729
2622.00000,300.00000,1841.69901,6.07273,15.48295,25.50625,17.48977,0.52131,0.08920,0.06136
2623.00000,163.00000,1835.50781,5.08411,16.32710,26.21495,19.11332,0.74650,0.05724,0.01051
2624.00000,300.00000,1841.50078,5.46822,16.09413,19.03240,15.70171,0.50000,0.14242,0.11247
2625.00000,300.00000,1834.45817,5.22455,16.10600,21.71757,17.23291,0.76499,0.14854,0.00000
2626.00000,137.00000,1838.31066,4.48031,17.01237,27.87064,17.19348,0.83802,0.16198,0.01125
2627.00000,181.00000,1831.09944,3.97733,17.50364,25.37652,14.53279,0.50729,0.19433,0.09231
2628.00000,300.00000,1823.77752,5.24360,16.15937,17.47069,18.44426,0.77746,0.07762,0.01569
2629.00000,300.00000,1832.48534,4.57324,16.77653,24.72795,25.63901,0.73094,0.06876,0.01420
2630.00000,178.00000,1826.28029,4.19969,17.03137,25.92119,12.36955,0.50000,0.07192,0.03673
2631.00000,187.00000,1820.72563,5.69400,15.62946,31.94153,17.51481,0.56986,0.22399,0.01367
2632.00000,177.00000,1824.73652,4.73279,16.70040,26.17814,17.11336,0.60223,0.12045,0.02733
2633.00000,300.00000,1826.02503,6.08531,15.29738,20.96222,17.27910,0.52346,0.08410,0.07191
2634.00000,226.00000,1818.03274,4.47804,16.97262,33.34569,12.17513,0.51569,0.23388,0.04621
2635.00000,170.00000,1816.74944,3.99396,17.54930,23.53119,18.64487,0.59608,0.04728,0.04125
2636.00000,153.00000,1821.78778,3.96864,17.36636,31.65146,12.44904,0.50000,0.22666,0.04918
2637.00000,192.00000,1814.51328,4.75522,16.68970,27.98632,17.89417,0.66127,0.19654,0.02736
2638.00000,171.00000,1821.99149,4.29306,17.20933,17.68301,19.82895,0.72967,0.09569,0.02153
2639.00000,217.00000,1828.96032,4.30075,17.01719,25.01074,15.32116,0.60795,0.07304,0.01182
2640.00000,300.00000,1823.72590,5.27447,16.05586,21.89790,15.88408,0.69369,0.10090,0.03664
2641.00000,180.00000,1815.87254,4.51741,16.95025,16.38184,16.91667,0.75933,0.13806,0.03234
2642.00000,177.00000,1822.74923,5.13305,16.38075,30.42887,16.50531,0.50000,0.17127,0.02052
2643.00000,197.00000,1816.23574,4.29644,17.08498,26.28261,18.88834,0.51828,0.04051,0.04150
2644.00000,84.00000,1822.84033,5.03443,16.28121,27.26829,27.40459,0.67288,0.12195,0.03300
2645.00000,142.00000,1815.86574,5.24897,16.11001,34.37055,16.53515,0.53309,0.14144,0.01902
2646.00000,199.00000,1821.86084,5.43864,16.16944,25.49327,16.93983,0.55859,0.18448,0.04434
2647.00000,300.00000,1829.51189,5.27816,16.24704,21.08587,15.51960,0.61699,0.07032,0.06907
2648.00000,113.00000,1821.65393,4.77674,16.65524,31.31049,19.41225,0.63655,0.09657,0.03427
2649.00000,300.00000,1828.37221,6.30287,15.19213,25.13142,15.32889,0.51668,0.10674,0.03336
2650.00000,149.00000,1835.69810,3.91727,17.25545,23.66727,14.41818,0.59909,0.10000,0.06545
2651.00000,246.00000,1842.68670,5.09232,16.34127,23.49732,20.55331,0.51042,0.16677,0.09053
2652.00000,156.00000,1849.36359,3.62104,17.72699,34.95050,17.04331,0.50000,0.15777,0.06883
2653.00000,192.00000,1850.36360,5.93062,15.42161,27.11741,17.67779,0.50000,0.15477,0.06204
2654.00000,101.00000,1852.72029,4.06168,17.47826,35.10718,15.17796,0.50000,0.20930,0.01618
2655.00000,300.00000,1858.41936,4.37015,16.91901,20.96586,15.66265,0.57095,0.05288,0.02276
2656.00000,300.00000,1866.29108,3.87910,17.43580,12.11434,15.28960,0.74321,0.07498,0.02999
2657.00000,101.00000,1859.85650,4.14673,17.32429,29.54871,18.80764,0.75709,0.13933,0.06535
2658.00000,134.00000,1860.57850,4.30516,17.09546,22.70423,18.91706,0.71596,0.16119,0.06886
2659.00000,300.00000,1862.79582,4.90693,16.55006,25.00128,19.50578,0.65886,0.09050,0.04236
2660.00000,114.00000,1854.26343,4.78209,16.53035,35.43184,18.88856,0.50000,0.17313,0.06468
2661.00000,145.00000,1847.96815,4.04170,17.27454,30.27454,12.88619,0.50000,0.13640,0.04257
2662.00000,176.00000,1851.82812,4.73776,16.66522,29.95226,9.66956,0.50000,0.10973,0.02418
2663.00000,133.00000,1857.95487,3.42032,17.79572,29.98824,14.54118,0.50000,0.08770,0.06310
2664.00000,106.00000,1864.90300,4.90337,16.57003,33.93702,12.98914,0.50000,0.21607,0.04669
2665.00000,234.00000,1866.74995,3.58453,17.74212,26.97020,12.92951,0.50000,0.06819,0.05043
2666.00000,154.00000,1871.53929,4.68240,16.79251,32.14831,11.11086,0.50000,0.13933,0.05094
2667.00000,300.00000,1878.50137,5.86364,15.49327,19.05051,22.17256,0.78409,0.05724,0.02357
2668.00000,162.00000,1881.53011,3.99774,17.29962,30.27396,15.27094,0.50000,0.16302,0.04226
2669.00000,300.00000,1872.25372,5.15098,16.34556,29.25518,13.18607,0.50000,0.16321,0.03562
2670.00000,152.00000,1877.62450,4.13333,17.32821,30.14974,17.14974,0.60205,0.26359,0.04410
2671.00000,300.00000,1881.58361,6.79785,14.69447,31.42426,17.43193,0.50000,0.10287,0.03634
2672.00000,199.00000,1869.08250,5.20516,16.13398,27.84368,9.95813,0.50000,0.18214,0.06281
2673.00000,300.00000,1875.34201,5.62704,15.83899,23.13315,18.88179,0.71807,0.09851,0.00340
2674.00000,145.00000,1881.85449,4.52008,16.93881,33.24857,21.71511,0.57122,0.13958,0.02008
2675.00000,211.00000,1887.47231,4.16737,17.19915,21.14089,18.04025,0.72034,0.10381,0.06250
2676.00000,163.00000,1877.90244,5.15009,16.35968,37.43694,27.69982,0.61679,0.01599,0.00444
2677.00000,300.00000,1869.99221,6.11226,15.36356,32.11701,13.18955,0.50000,0.15674,0.08290
2678.00000,300.00000,1862.67796,6.48021,14.91910,19.49168,17.48135,0.69535,0.15433,0.03385
2679.00000,300.00000,1870.37549,6.22081,15.43737,25.42392,22.86766,0.61146,0.13447,0.03185
2680.00000,91.00000,1864.06988,3.36551,17.86873,29.23681,12.11712,0.50000,0.18662,0.10167
2681.00000,205.00000,1861.40568,4.38905,17.16618,24.41349,23.04985,0.83675,0.01662,0.01466
2682.00000,180.00000,1862.29059,4.16338,17.22652,28.24941,19.50434,0.50592,0.13181,0.09629
2683.00000,138.00000,1854.15626,5.79470,15.82781,26.79205,26.05828,0.67550,0.10464,0.04371
2684.00000,141.00000,1858.46714,4.92085,16.75627,35.88166,12.87618,0.50000,0.19828,0.07759
2685.00000,129.00000,1849.16571,3.69627,17.56661,33.84725,11.78419,0.50000,0.18739,0.04440
2686.00000,150.00000,1855.76913,4.82808,16.56076,27.30693,17.65977,0.62151,0.07921,0.01980
2687.00000,121.00000,1862.95133,3.28346,17.96175,26.05399,22.03825,0.70304,0.08774,0.03037
2688.00000,300.00000,1853.16207,5.41737,16.05932,16.30191,19.12182,0.76801,0.03919,0.00953
2689.00000,166.00000,1845.33371,4.38296,17.12079,33.09738,16.63109,0.52996,0.07959,0.03933
2690.00000,190.00000,1838.52834,5.25548,16.25850,28.26002,23.69085,0.80310,0.19426,0.03099
2691.00000,124.00000,1832.00158,5.07196,16.44665,31.46650,19.68486,0.51117,0.06452,0.00868
2692.00000,120.00000,1835.55266,4.49538,16.84016,25.33421,22.88771,0.69749,0.04624,0.00264
2693.00000,181.00000,1828.41883,3.86703,17.59559,30.27459,20.57828,0.50000,0.11015,0.08733
2694.00000,147.00000,1821.50408,4.43482,17.04183,31.43872,14.23735,0.54815,0.25973,0.03210
2695.00000,173.00000,1822.65294,4.90589,16.81654,27.17490,19.64544,0.54040,0.08175,0.01806
2696.00000,219.00000,1827.55504,4.37550,16.93576,27.63907,18.27748,0.61589,0.14702,0.03974
2697.00000,87.00000,1819.79035,4.17766,17.12271,28.50366,18.37179,0.66392,0.09524,0.00000
2698.00000,157.00000,1826.57284,3.73737,17.55730,29.41993,11.04769,0.50000,0.12028,0.07972
2699.00000,148.00000,1816.70258,3.94479,17.42577,24.00982,17.33497,0.86258,0.23190,0.06626
2700.00000,184.00000,1822.73839,3.91963,17.45981,25.93832,15.56542,0.51916,0.05701,0.01402
2701.00000,168.00000,1816.99240,4.15031,17.18428,38.22013,15.91698,0.50000,0.07358,0.03711
2702.00000,300.00000,1810.54910,6.08761,15.38731,20.84834,15.50211,0.51450,0.19456,0.02659
2703.00000,262.00000,1816.19380,5.46489,15.95904,23.36606,21.94928,0.67393,0.18856,0.01170
2704.00000,300.00000,1811.86705,5.34956,16.02460,27.86725,13.80677,0.50000,0.07330,0.03024
2705.00000,135.00000,1818.89332,4.89205,16.42776,31.47808,14.60877,0.50000,0.18750,0.08523
2706.00000,106.00000,1824.62863,2.83446,18.42230,18.33446,18.01182,0.61655,0.03885,0.03885
2707.00000,126.00000,1831.18098,3.82579,17.40724,26.84389,15.19457,0.50000,0.26923,0.16403
2708.00000,300.00000,1824.55959,5.56182,15.84909,23.00364,14.36727,0.50485,0.15333,0.01879
2709.00000,168.00000,1831.10510,4.47271,16.97566,35.58038,11.09145,0.55125,0.05531,0.02950
2710.00000,118.00000,1829.90375,3.96506,17.38027,31.72765,15.93320,0.63309,0.18602,0.02878
2711.00000,300.00000,1837.19801,7.83578,13.86119,26.83724,12.42913,0.54081,0.13294,0.00196
2712.00000,300.00000,1841.74452,5.18063,16.35196,21.99938,15.64804,0.57014,0.06456,0.05525
2713.00000,105.00000,1849.38456,3.71401,17.69066,22.07004,19.18288,0.58366,0.10895,0.06031
2714.00000,202.00000,1856.85161,4.89135,16.67788,22.80000,19.29808,0.66635,0.14038,0.01154
2715.00000,215.00000,1848.40157,4.73346,16.70068,29.85652,13.55288,0.50000,0.16759,0.02907
2716.00000,179.00000,1852.63022,4.36449,17.07165,32.27570,17.58100,0.50000,0.09424,0.01791
2717.00000,149.00000,1857.61417,4.30285,17.02236,29.04980,20.81098,0.58791,0.14228,0.01931
2718.00000,130.00000,1848.19025,5.11198,16.34714,24.72788,19.47256,0.61758,0.22284,0.00672
2719.00000,182.00000,1839.37093,5.44285,16.06875,27.92966,14.39648,0.53038,0.10072,0.03118
2720.00000,173.00000,1845.37465,4.18930,17.28807,27.71708,20.68210,0.83230,0.08128,0.00823
2721.00000,192.00000,1851.25559,4.90184,16.60099,28.53037,11.47528,0.58016,0.16667,0.02260
2722.00000,300.00000,1842.04875,4.73901,16.51531,21.07590,13.93875,0.55626,0.06791,0.01465
2723.00000,125.00000,1846.23976,2.68728,18.58383,23.97741,17.63139,0.53805,0.04756,0.05945
2724.00000,166.00000,1846.71048,3.72601,17.79419,20.97727,20.95328,0.61301,0.07955,0.09217
2725.00000,300.00000,1837.86597,6.09871,15.45828,25.47474,15.25147,0.55053,0.09224,0.01234
2726.00000,245.00000,1841.26503,3.89100,17.52038,20.98673,14.11564,0.62085,0.11848,0.01517
2727.00000,163.00000,1846.79212,5.64269,15.68607,22.73059,19.55479,0.80023,0.24658,0.02169
2728.00000,109.00000,1853.84224,4.35404,16.92497,33.07620,19.30129,0.50000,0.21805,0.02579
2729.00000,300.00000,1859.02632,4.23860,17.11482,19.57573,19.55375,0.59202,0.04642,0.02932
2730.00000,141.00000,1847.15456,5.06725,16.45807,32.15902,11.93750,0.50000,0.19304,0.05380
2731.00000,300.00000,1837.14051,5.69247,15.64158,20.89677,19.22294,0.68495,0.07384,0.06308
2732.00000,300.00000,1841.28734,6.27486,15.18324,20.94804,13.38603,0.62346,0.08603,0.05196
2733.00000,91.00000,1831.68550,3.08093,18.22908,28.27023,11.86420,0.50000,0.23457,0.08230
2734.00000,300.00000,1838.78400,6.03022,15.34695,22.91214,14.43760,0.50000,0.11136,0.06212
2735.00000,47.00000,1845.00600,3.76383,17.51702,35.40000,12.50426,0.50000,0.15957,0.01064
2736.00000,109.00000,1848.53352,4.10885,17.19884,24.80552,20.78374,0.57547,0.12482,0.03048
2737.00000,282.00000,1855.03860,5.92503,15.54618,24.38153,19.84940,0.78916,0.25234,0.08099
2738.00000,106.00000,1846.77527,2.91224,18.34082,28.80918,11.83367,0.50000,0.25612,0.08673
2739.00000,192.00000,1839.14504,3.84081,17.49788,24.18713,12.83489,0.68459,0.20914,0.01101
2740.00000,184.00000,1846.56526,6.10759,15.31917,24.72875,15.80651,0.75136,0.30289,0.03255
2741.00000,149.00000,1840.10861,3.83165,17.47975,19.02152,22.79494,0.83987,0.18987,0.01392
2742.00000,179.00000,1847.05743,4.77322,16.79482,23.42225,27.94168,0.74730,0.04212,0.00864
2743.00000,135.00000,1851.82685,3.39370,17.91535,21.87697,15.75984,0.67274,0.11811,0.05315
2744.00000,150.00000,1845.48578,4.02203,17.40308,29.57599,19.93722,0.74229,0.03304,0.00771
2745.00000,135.00000,1853.90670,5.81577,15.87318,32.87661,16.56127,0.57069,0.30506,0.01371
2746.00000,172.00000,1846.69942,4.11054,17.24525,23.28325,14.31347,0.54836,0.12781,0.06477
2747.00000,128.00000,1852.66426,4.30895,17.01638,26.41485,17.50109,0.66703,0.17467,0.03493
2748.00000,134.00000,1858.29352,3.43862,17.90069,16.57379,16.32690,0.82069,0.11034,0.08000
2749.00000,120.00000,1864.99764,3.34724,17.94589,23.52988,14.88726,0.53664,0.14656,0.08343
2750.00000,186.00000,1858.77060,4.06611,17.36569,24.57824,17.68201,0.67699,0.13640,0.05021
2751.00000,300.00000,1863.75389,4.65106,16.73813,23.55739,15.28100,0.50000,0.05541,0.03232
2752.00000,300.00000,1869.06331,5.12874,16.19923,19.84061,17.99464,0.68161,0.08506,0.01226
2753.00000,124.00000,1867.57646,4.62225,16.60231,29.32529,19.92865,0.56348,0.14166,0.01679
2754.00000,108.00000,1857.71681,4.23404,17.30851,34.07872,14.35213,0.50000,0.14681,0.04149
2755.00000,168.00000,1851.93067,5.07291,16.32575,36.31639,16.95652,0.50000,0.12375,0.01137
2756.00000,104.00000,1853.64318,4.06761,17.24646,33.32933,10.61832,0.50000,0.26499,0.03490
2757.00000,151.00000,1858.04001,3.27712,17.91766,28.59145,11.59857,0.50000,0.17736,0.06651
2758.00000,148.00000,1863.25556,4.68287,16.86911,36.64099,15.55123,0.50000,0.11818,0.03889
2759.00000,194.00000,1866.10293,3.27890,17.90604,20.93139,10.28710,0.50000,0.11857,0.05817
2760.00000,186.00000,1870.93015,6.45374,14.76285,26.41398,11.41330,0.50000,0.18026,0.09527
2761.00000,169.00000,1877.79025,3.90967,17.54552,30.08748,12.52703,0.50000,0.06686,0.04694
2762.00000,160.00000,1880.41742,4.58348,16.71806,31.29727,20.91141,0.65503,0.09540,0.01193
2763.00000,110.00000,1885.70167,3.87296,17.39277,26.48485,11.72844,0.54487,0.25874,0.07459
2764.00000,186.00000,1889.39672,4.33365,16.98384,26.63213,21.33460,0.59791,0.17015,0.10076
2765.00000,300.00000,1894.24938,6.05683,15.45178,24.80941,15.49770,0.50000,0.08381,0.03387
2766.00000,300.00000,1884.80597,6.52806,15.03093,25.87572,16.68958,0.61512,0.29324,0.03494
2767.00000,132.00000,1890.40223,3.61872,17.74763,24.25645,18.36906,0.67436,0.08684,0.04342
2768.00000,166.00000,1896.42619,5.32998,16.00640,21.41956,16.15082,0.66590,0.22121,0.03291
2769.00000,163.00000,1888.79409,4.58895,16.82712,34.58824,12.46485,0.50000,0.15638,0.03802
2770.00000,125.00000,1894.62996,5.21237,16.29301,29.42608,21.94489,0.53360,0.07392,0.08468
2771.00000,116.00000,1900.46919,4.83075,16.52750,27.83075,22.01269,0.73202,0.06488,0.01693
2772.00000,148.00000,1892.03751,4.08197,17.18735,22.64403,15.64754,0.75293,0.10539,0.01639
2773.00000,70.00000,1885.04263,3.50093,17.74579,30.20561,21.55327,0.50000,0.00561,0.01308
2774.00000,200.00000,1875.88430,4.34948,17.04348,35.13539,11.50468,0.50000,0.08641,0.02972
2775.00000,169.00000,1867.08014,4.12524,17.15414,23.46435,19.70809,0.71098,0.10886,0.01445
2776.00000,128.00000,1869.32391,3.56712,17.67671,24.69726,17.26849,0.57671,0.08767,0.01781
2777.00000,197.00000,1860.97514,5.11514,16.42110,24.83816,7.70692,0.55918,0.27214,0.04187
2778.00000,156.00000,1851.50092,5.44851,16.01831,36.20366,14.87338,0.50000,0.13654,0.00839
2779.00000,300.00000,1856.47884,4.83028,16.59021,17.91208,19.16896,0.77943,0.12920,0.02141
2780.00000,300.00000,1863.24486,6.47647,14.97737,24.80762,19.07862,0.52025,0.07266,0.01191
2781.00000,160.00000,1856.14288,4.31830,17.07739,34.09152,15.95087,0.50000,0.15612,0.04441
2782.00000,300.00000,1855.29216,7.45610,14.06098,23.92927,13.98110,0.52927,0.11768,0.01646
2783.00000,300.00000,1859.64985,6.79186,14.70266,20.65493,17.72144,0.80869,0.07121,0.01565
2784.00000,300.00000,1865.41889,5.17757,16.14019,24.39377,12.59938,0.52056,0.09283,0.01682
2785.00000,122.00000,1858.33492,4.08380,17.24581,33.33892,16.74022,0.50000,0.23557,0.05866
2786.00000,67.00000,1857.07048,4.31016,17.22103,35.00535,15.31373,0.50624,0.18360,0.02496
2787.00000,99.00000,1861.26084,3.10308,18.09385,24.45538,17.13538,0.55077,0.05231,0.00308
2788.00000,300.00000,1867.65552,5.42442,16.03912,22.86781,12.20036,0.54564,0.10788,0.06698
2789.00000,300.00000,1859.35584,5.36267,16.16429,27.51068,12.00102,0.50000,0.13174,0.15107
2790.00000,167.00000,1866.29595,6.03925,15.50491,30.17930,15.36485,0.50000,0.24621,0.11062
2791.00000,300.00000,1868.14890,4.76425,16.80921,25.80976,14.09046,0.50000,0.06414,0.04770
2792.00000,300.00000,1871.26076,6.71539,14.89906,27.33646,13.91451,0.50000,0.08549,0.03696
2793.00000,300.00000,1877.44516,5.26444,16.15962,23.67600,18.42942,0.56611,0.06194,0.02263
2794.00000,300.00000,1885.16462,7.35186,14.13085,22.82983,22.25085,0.65153,0.04203,0.04068
2795.00000,197.00000,1890.73211,5.50000,16.05971,32.14245,22.73237,0.65180,0.21223,0.03525
2796.00000,300.00000,1882.73854,6.77982,14.70257,24.36364,18.29427,0.50000,0.13925,0.05255
2797.00000,300.00000,1886.42193,5.48080,16.05997,25.13730,11.67649,0.50000,0.05576,0.03945
2798.00000,105.00000,1892.75858,3.82578,17.47255,25.23986,13.39857,0.56623,0.20167,0.14558
2799.00000,140.00000,1897.14204,4.10320,17.32405,32.99484,24.56553,0.51754,0.02890,0.02064
2800.00000,206.00000,1903.32895,3.87227,17.47731,23.94538,17.51429,0.69202,0.19832,0.08739
2801.00000,300.00000,1893.71010,7.03320,14.51758,18.64258,9.81641,0.50716,0.16471,0.12305
2802.00000,93.00000,1883.97230,4.49031,16.81235,30.82930,12.54600,0.56780,0.46610,0.09927
2803.00000,96.00000,1889.46478,3.23680,17.99429,24.35663,20.77033,0.59772,0.04993,0.01284
2804.00000,158.00000,1895.61411,4.88222,16.52743,37.50256,15.84857,0.50000,0.15069,0.05999
2805.00000,146.00000,1886.18369,4.90176,16.50417,30.03892,10.35310,0.54866,0.30677,0.08156
2806.00000,150.00000,1891.93855,3.02780,18.09351,26.21651,11.18703,0.51179,0.10783,0.09099
2807.00000,110.00000,1897.90605,4.06841,17.33624,28.09461,20.35808,0.62664,0.11208,0.04512
2808.00000,222.00000,1904.42982,4.42454,16.92210,22.95716,21.97663,0.64167,0.08569,0.03603
2809.00000,174.00000,1895.01323,4.12105,17.27193,28.23860,18.50526,0.62193,0.13333,0.01316
2810.00000,248.00000,1887.19542,5.29452,16.20264,26.71617,14.02643,0.50881,0.16237,0.02329
2811.00000,300.00000,1879.92295,5.10098,16.41799,23.22399,14.86108,0.53856,0.16279,0.01836
2812.00000,300.00000,1885.07406,5.78414,15.63600,24.66319,15.71701,0.50000,0.04688,0.03299
2813.00000,270.00000,1882.01066,6.72937,14.84356,28.27129,11.33729,0.50000,0.14257,0.01980
2814.00000,131.00000,1886.37322,4.06358,17.28772,29.06358,19.27802,0.75377,0.09914,0.01185
2815.00000,113.00000,1891.32240,2.86207,18.26029,26.38154,14.05673,0.50000,0.10345,0.09010
2816.00000,300.00000,1883.45713,5.39766,15.93178,21.96681,18.28519,0.70836,0.17763,0.02766
2817.00000,300.00000,1888.76442,5.61330,15.59843,17.50219,15.34471,0.69335,0.10236,0.05424
2818.00000,207.00000,1881.01476,4.80536,16.63470,29.27362,18.20381,0.50000,0.07475,0.07264
2819.00000,300.00000,1873.26178,7.01029,14.39222,26.84391,15.52430,0.50000,0.09605,0.00000
2820.00000,166.00000,1865.21402,3.92898,17.48769,25.87500,18.22538,0.53456,0.14678,0.13636
2821.00000,141.00000,1869.23975,4.15136,17.09011,25.65179,14.61067,0.50000,0.11374,0.06037
2822.00000,186.00000,1872.02465,4.98064,16.49916,26.98485,14.03199,0.56818,0.23822,0.02357
2823.00000,139.00000,1879.61173,4.39366,16.95399,25.62679,15.72495,0.56697,0.15337,0.06237
2824.00000,170.00000,1886.04543,4.36482,17.21842,22.71547,20.38135,0.77627,0.07320,0.06730
2825.00000,129.00000,1893.06023,5.24148,16.34564,32.97917,16.59564,0.50000,0.19034,0.01799
2826.00000,300.00000,1885.49940,6.08458,15.27114,21.77425,11.92910,0.50000,0.12687,0.01866
2827.00000,102.00000,1890.30964,4.32965,16.94372,38.41809,15.67236,0.50000,0.19899,0.01307
2828.00000,300.00000,1887.64186,6.76673,14.62388,30.69980,13.86913,0.50000,0.08941,0.02997
2829.00000,107.00000,1891.67330,4.00576,17.23631,27.37320,23.29683,0.76225,0.11527,0.05764
2830.00000,155.00000,1897.01857,3.45059,17.97765,25.90941,18.85765,0.51059,0.01529,0.00706
2831.00000,108.00000,1888.73417,3.00697,18.28920,22.37631,20.56272,0.53484,0.04007,0.03833
2832.00000,300.00000,1878.27390,5.60277,15.90975,22.64690,19.40119,0.62516,0.10013,0.03821
2833.00000,300.00000,1870.82734,4.28354,17.09210,22.42785,14.08339,0.61748,0.05076,0.01015
2834.00000,167.00000,1875.45275,4.37402,17.04593,23.45669,18.53937,0.83727,0.09711,0.02625
2835.00000,121.00000,1865.67743,4.97315,16.56107,33.05772,23.34631,0.63087,0.10201,0.08054
2836.00000,206.00000,1857.95817,4.91294,16.60448,29.95605,20.63018,0.51575,0.05556,0.00580
2837.00000,300.00000,1849.70908,6.54191,14.90861,20.13853,13.30966,0.52503,0.12980,0.01630
2838.00000,125.00000,1842.73428,4.03329,17.14424,20.99307,23.28433,0.64008,0.05270,0.04716
2839.00000,144.00000,1849.91381,3.39055,18.00415,31.70896,20.60614,0.50000,0.12604,0.06965
2840.00000,175.00000,1843.17286,3.93946,17.41330,27.48954,12.00374,0.59903,0.19656,0.03438
2841.00000,300.00000,1849.32638,6.72962,14.65076,17.12127,12.43274,0.50000,0.14248,0.04970
2842.00000,183.00000,1854.70735,4.53084,16.80374,25.97290,18.65234,0.52757,0.12523,0.03738
2843.00000,173.00000,1861.06755,5.15284,16.61967,26.69076,30.02370,0.71505,0.05569,0.02133
2844.00000,218.00000,1854.11261,3.79696,17.49642,21.99284,18.88014,0.59168,0.13059,0.11538
2845.00000,300.00000,1844.42035,5.63970,15.75617,23.24096,17.62306,0.62106,0.13884,0.02582
2846.00000,300.00000,1838.15353,5.19190,16.10956,20.24369,15.26959,0.54880,0.12351,0.00398
2847.00000,115.00000,1844.83652,3.81550,17.54039,31.09607,14.75437,0.50000,0.22598,0.14629
2848.00000,120.00000,1851.20596,4.62526,16.50411,31.64476,21.52669,0.55544,0.12834,0.05647
2849.00000,300.00000,1853.17437,5.82697,15.53103,21.83652,13.26969,0.60263,0.17064,0.03878
2850.00000,148.00000,1858.21601,3.15143,18.12857,19.84571,17.77714,0.56571,0.13429,0.12429
2851.00000,176.00000,1863.33501,4.91684,16.52947,23.20842,20.53684,0.62158,0.07158,0.02842
2852.00000,73.00000,1853.61159,3.08830,18.16632,27.37166,18.22587,0.50821,0.09651,0.09240
2853.00000,209.00000,1860.02449,4.18605,17.22235,31.08905,11.60692,0.50000,0.07828,0.03233
2854.00000,300.00000,1851.98721,5.61569,15.87080,23.14173,19.85827,0.58965,0.05867,0.01187
2855.00000,142.00000,1859.03621,4.62002,16.91433,33.87956,15.72519,0.50000,0.15946,0.01103
2856.00000,215.00000,1863.91396,5.13868,16.35486,27.54861,15.87356,0.59823,0.15228,0.12101
2857.00000,117.00000,1867.90931,4.69811,16.88346,34.55161,17.35627,0.50000,0.21643,0.15427
2858.00000,107.00000,1874.60131,3.77813,17.44896,30.81979,11.88333,0.50000,0.15313,0.10417
2859.00000,160.00000,1879.06990,4.43819,16.86736,36.95278,14.44514,0.50000,0.17569,0.04653
2860.00000,133.00000,1885.92917,4.85659,16.53682,31.67442,13.66473,0.55766,0.23643,0.12306
2861.00000,300.00000,1886.38327,7.32449,14.39834,29.03900,19.05512,0.76131,0.21997,0.00676
2862.00000,128.00000,1887.99649,3.01724,18.17816,26.17625,15.62261,0.50000,0.12069,0.08046
2863.00000,184.00000,1880.44664,3.71239,17.68053,23.16726,14.00442,0.59204,0.14513,0.08319
2864.00000,300.00000,1880.93962,5.12096,16.30579,18.98422,16.06687,0.62246,0.20060,0.13599
2865.00000,283.00000,1887.47872,5.76833,15.79026,29.04548,13.53933,0.50401,0.16158,0.05725
2866.00000,202.00000,1885.40129,4.08321,17.35528,22.93849,14.93343,0.60492,0.06223,0.05716
2867.00000,182.00000,1889.16235,3.75253,17.63201,24.34959,15.95308,0.61454,0.15731,0.02760
2868.00000,95.00000,1892.59063,3.36345,17.78514,22.25301,17.84538,0.57831,0.08835,0.08032
2869.00000,203.00000,1885.01162,4.94409,16.33546,20.11102,11.39936,0.50000,0.27955,0.29233
2870.00000,300.00000,1875.96775,6.20038,15.30471,23.40013,15.36450,0.53721,0.13740,0.04198
2871.00000,203.00000,1877.45473,5.05639,16.47180,36.35288,11.35511,0.50000,0.07147,0.01954
2872.00000,235.00000,1876.40349,4.91444,16.44148,24.28405,13.85352,0.53970,0.12663,0.06023
2873.00000,88.00000,1881.09133,4.17606,17.01643,19.06338,19.96009,0.67840,0.22535,0.13850
2874.00000,194.00000,1885.53588,4.48372,16.95039,23.83643,10.08062,0.50000,0.09845,0.07132
2875.00000,161.00000,1877.53696,4.75522,16.53131,26.96395,20.68975,0.50000,0.22960,0.09962
2876.00000,128.00000,1882.04324,5.00630,16.26443,36.80797,20.57398,0.65635,0.18783,0.08709
2877.00000,120.00000,1883.45253,3.47521,17.70253,30.48550,11.24977,0.50000,0.19832,0.02619
2878.00000,144.00000,1887.78400,4.52794,16.79383,23.92486,13.98170,0.50000,0.23410,0.20328
2879.00000,125.00000,1889.85384,5.00091,16.55858,32.74750,15.25250,0.50000,0.11444,0.00454
2880.00000,300.00000,1894.71436,4.91592,16.31338,22.42484,14.58854,0.61306,0.13567,0.04268
2881.00000,138.00000,1901.75063,6.18013,15.17172,32.41751,11.53199,0.50000,0.13805,0.06397
2882.00000,300.00000,1894.36833,5.02851,16.36146,11.27480,16.41277,0.87286,0.11403,0.05701
2883.00000,300.00000,1899.84037,7.82562,13.51313,19.50937,12.47563,0.50000,0.10250,0.00750
2884.00000,203.00000,1892.98897,3.72836,17.55925,23.15180,12.17044,0.52796,0.07790,0.06325
2885.00000,140.00000,1898.29865,4.39595,16.89884,24.57996,11.94220,0.50000,0.19268,0.09730
2886.00000,125.00000,1904.46728,3.27416,17.99551,24.86404,17.59213,0.50000,0.11461,0.13933
2887.00000,300.00000,1908.27661,5.70038,15.82738,24.15817,20.66540,0.69886,0.13840,0.02662
2888.00000,117.00000,1912.93768,5.64706,15.63268,26.98170,16.88758,0.64837,0.34248,0.09673
2889.00000,118.00000,1904.83908,4.42873,16.82099,28.97348,12.31934,0.50000,0.19890,0.11271
2890.00000,188.00000,1910.31193,3.42016,17.93157,28.67255,18.11700,0.50037,0.07285,0.03826
2891.00000,115.00000,1913.63317,4.70482,16.57470,28.13012,22.77952,0.80783,0.08193,0.08313
2892.00000,142.00000,1904.57320,5.09549,16.44562,27.46065,13.19629,0.50000,0.15827,0.07339
2893.00000,300.00000,1894.90692,6.14381,15.25352,17.54411,18.76205,0.70608,0.10304,0.03039
2894.00000,182.00000,1899.58465,4.88228,16.58069,22.95370,18.16931,0.69312,0.06085,0.01058
2895.00000,300.00000,1889.54893,5.02991,16.50093,21.07850,14.33333,0.58879,0.14579,0.07539
2896.00000,300.00000,1881.72094,5.23778,16.25846,18.28102,17.92011,0.72180,0.09962,0.03571
2897.00000,122.00000,1888.34662,4.08675,17.32316,31.27931,13.64156,0.50000,0.11344,0.05243
2898.00000,300.00000,1885.67634,6.44078,15.26496,21.65568,13.25824,0.50000,0.14286,0.06166
2899.00000,300.00000,1891.28933,6.31645,15.10271,17.76475,24.19292,0.60930,0.04650,0.04788
2900.00000,107.00000,1897.89548,4.87810,16.66095,40.31524,17.41524,0.50000,0.20381,0.02667
2901.00000,300.00000,1897.00563,6.27198,15.21200,22.44519,11.04912,0.53697,0.13806,0.08014
2902.00000,188.00000,1902.57852,5.54415,16.12363,31.51220,15.94533,0.58495,0.19765,0.01682
2903.00000,178.00000,1908.53575,4.15728,17.14175,31.58544,25.64660,0.58058,0.03981,0.00874
2904.00000,162.00000,1914.38539,5.50233,16.08463,29.61335,13.85947,0.50000,0.27717,0.10016
2905.00000,155.00000,1906.78513,5.08306,16.50997,31.46346,11.38040,0.50000,0.11296,0.05897
2906.00000,113.00000,1908.25092,4.84606,16.38793,33.56773,16.50985,0.61700,0.27340,0.06527
2907.00000,300.00000,1909.47680,7.21582,14.31203,27.88608,18.61203,0.66013,0.12848,0.01392
2908.00000,98.00000,1912.72918,3.79595,17.45700,21.98314,16.91737,0.70995,0.04047,0.00506
2909.00000,300.00000,1905.72149,5.66275,15.71873,23.86178,15.34969,0.53075,0.15826,0.04008
2910.00000,300.00000,1896.97681,4.55674,16.86870,27.55674,20.06361,0.50000,0.05394,0.07328
2911.00000,300.00000,1900.36192,5.00455,16.41444,21.61158,14.24268,0.63533,0.06897,0.04554
2912.00000,200.00000,1905.40999,5.82923,15.63077,28.53231,11.06077,0.50000,0.18385,0.04231
2913.00000,116.00000,1896.25668,3.72679,17.54856,30.08751,10.27962,0.51868,0.22412,0.08858
2914.00000,204.00000,1900.96414,4.28011,17.20542,24.62745,20.21195,0.68347,0.09897,0.07563
2915.00000,152.00000,1906.07949,4.33866,16.98722,29.39377,13.69409,0.55391,0.09105,0.05351
2916.00000,238.00000,1911.84841,4.90347,16.40677,22.86056,17.51898,0.73804,0.20380,0.04043
2917.00000,300.00000,1916.70096,5.86235,15.47280,21.47552,12.21273,0.50000,0.06202,0.03591
2918.00000,208.00000,1922.27627,4.32360,17.15572,30.66363,14.53832,0.50000,0.08577,0.00912
2919.00000,147.00000,1926.39561,3.09390,18.07981,21.08803,12.81808,0.51291,0.15962,0.14085
2920.00000,209.00000,1930.73648,4.25182,17.05811,20.17312,22.36804,0.75242,0.05206,0.01211
2921.00000,300.00000,1921.93308,4.84760,16.66300,20.27573,18.06363,0.77808,0.06127,0.03614
2922.00000,300.00000,1914.59339,5.86532,15.50081,15.63952,15.61694,0.51331,0.08065,0.02581
2923.00000,161.00000,1906.83621,4.27159,17.06383,17.23154,17.42804,0.64393,0.16646,0.12140
2924.00000,144.00000,1905.57114,5.24769,16.18854,35.19963,17.17283,0.50000,0.22089,0.04159
2925.00000,163.00000,1898.57039,4.37595,16.88624,22.74215,26.46479,0.86024,0.04009,0.00650
2926.00000,151.00000,1902.32307,5.26902,16.21829,34.70177,10.83935,0.50000,0.20215,0.01998
2927.00000,300.00000,1894.46481,5.20103,16.18508,24.63155,15.67995,0.58599,0.14009,0.10649
2928.00000,178.00000,1899.48780,4.12946,17.25268,27.41161,20.31786,0.50000,0.12768,0.13214
2929.00000,300.00000,1905.33106,5.16648,16.25255,13.92639,25.66591,0.82616,0.09513,0.05096
2930.00000,181.00000,1907.55025,5.02437,16.32040,23.69765,16.94224,0.50000,0.07310,0.06588
2931.00000,75.00000,1898.01263,3.27704,18.15180,25.21822,19.34345,0.50000,0.03985,0.07590
2932.00000,276.00000,1890.51879,5.46021,15.95491,22.49536,13.84549,0.50199,0.17639,0.05570
2933.00000,159.00000,1882.32874,5.42393,16.02456,34.28685,15.28368,0.50000,0.10697,0.00000
2934.00000,158.00000,1887.71887,4.05288,17.13221,21.91106,19.30168,0.75060,0.09495,0.02043
2935.00000,147.00000,1894.15996,3.53477,17.72185,24.76656,8.08278,0.50000,0.17964,0.11672
2936.00000,300.00000,1886.12315,6.24075,15.21358,21.77283,21.14792,0.77509,0.27623,0.05736
2937.00000,125.00000,1892.93144,4.48997,16.79250,31.38622,14.17524,0.50000,0.17262,0.03139
2938.00000,300.00000,1883.80562,6.30764,15.19461,21.36095,15.24791,0.56037,0.07322,0.04689
2939.00000,131.00000,1887.32760,4.32175,17.05045,24.85650,22.79933,0.61043,0.20404,0.10426
2940.00000,242.00000,1885.79845,5.13557,16.37718,28.37383,13.54765,0.50000,0.24228,0.07114
2941.00000,196.00000,1887.85644,4.40361,16.93675,26.85542,15.61446,0.61182,0.13178,0.03238
2942.00000,165.00000,1890.47934,4.05811,17.14364,23.02303,16.67105,0.73081,0.15789,0.07018
2943.00000,106.00000,1895.50225,2.73272,18.50922,25.32258,20.95276,0.50000,0.09908,0.14401
2944.00000,300.00000,1889.08641,6.20929,15.31180,24.78964,16.47357,0.50000,0.12333,0.03791
2945.00000,300.00000,1893.72940,5.29500,16.09643,21.36571,18.32929,0.87750,0.13786,0.00000
2946.00000,189.00000,1897.79228,4.47207,17.00279,30.48417,17.10056,0.67458,0.16387,0.04655
2947.00000,103.00000,1890.68853,3.41555,17.73512,28.41191,11.02309,0.50486,0.28433,0.08384
2948.00000,119.00000,1881.29510,3.98170,17.22745,27.28105,20.35425,0.73203,0.03399,0.00000
2949.00000,300.00000,1883.61803,7.21685,14.32554,27.60054,18.40326,0.53478,0.14402,0.02609
2950.00000,89.00000,1876.93138,3.27837,17.99697,27.51286,20.61573,0.52799,0.07110,0.01210
2951.00000,100.00000,1880.50029,4.88666,16.44907,26.30560,11.65710,0.70230,0.37446,0.08895
2952.00000,118.00000,1872.93053,3.38808,17.91126,25.92053,23.48344,0.64172,0.08874,0.00795
2953.00000,168.00000,1880.64657,5.19080,16.12560,22.15149,21.01630,0.75072,0.19559,0.02876
2954.00000,170.00000,1871.11741,5.42097,16.08261,28.52661,16.98491,0.51271,0.06990,0.03257
2955.00000,94.00000,1877.67012,2.88959,18.39117,18.29811,12.47950,0.56309,0.25710,0.06782
2956.00000,300.00000,1881.17271,7.59946,13.90428,20.58045,13.86219,0.52308,0.16158,0.06178
2957.00000,300.00000,1886.20767,7.29537,14.11519,22.31789,13.02767,0.51834,0.22008,0.00129
2958.00000,269.00000,1889.92573,6.02261,15.46171,21.81182,19.86798,0.59774,0.11670,0.03793
2959.00000,300.00000,1892.33502,6.11163,15.40581,28.22558,18.86163,0.52965,0.12093,0.00523
2960.00000,182.00000,1898.40990,4.67898,16.75659,27.00226,14.40919,0.50000,0.16503,0.07385
2961.00000,76.00000,1903.43970,5.61057,15.62035,36.63209,20.65362,0.55382,0.07632,0.01761
2962.00000,300.00000,1906.32527,5.74430,15.59473,16.46510,15.50142,0.68483,0.18162,0.05342
2963.00000,261.00000,1898.51186,3.45864,17.90336,17.71908,11.93202,0.59705,0.19984,0.05324
2964.00000,117.00000,1887.66925,5.14649,16.48220,35.10682,14.14954,0.50000,0.12716,0.03459
2965.00000,160.00000,1893.26177,3.95280,17.46750,28.10062,16.05877,0.50045,0.17097,0.06233
2966.00000,116.00000,1899.43239,4.30012,17.02110,29.55569,13.86401,0.50000,0.16764,0.14654
2967.00000,300.00000,1889.64316,5.93693,15.48693,20.63239,11.30909,0.50000,0.16591,0.07443
2968.00000,175.00000,1894.90100,6.10541,15.37973,36.26959,12.70135,0.50000,0.19865,0.04122
2969.00000,89.00000,1899.16382,3.43161,17.72309,31.18161,12.04372,0.50000,0.22758,0.04933
2970.00000,143.00000,1905.05698,3.84823,17.56757,24.49376,16.17464,0.54626,0.26923,0.15385
2971.00000,175.00000,1908.88251,4.03834,17.32382,22.48042,9.62480,0.54649,0.17292,0.06852
2972.00000,114.00000,1914.12835,4.37123,17.10690,32.15160,10.29252,0.50000,0.20214,0.13605
2973.00000,120.00000,1916.89167,3.27785,18.08511,21.26658,13.78348,0.63955,0.09512,0.06758
2974.00000,80.00000,1922.28961,4.73376,16.77834,34.60000,12.68535,0.53822,0.24076,0.00255
2975.00000,122.00000,1914.90071,3.91842,17.44163,28.22363,19.16596,0.57454,0.10127,0.05485
2976.00000,127.00000,1920.23422,4.96811,16.50797,26.94647,12.90661,0.56663,0.29271,0.06492
2977.00000,178.00000,1912.11505,3.94091,17.45971,30.60629,13.28473,0.50000,0.08672,0.02456
2978.00000,300.00000,1916.50585,6.54308,14.85714,21.94671,16.13322,0.55612,0.08447,0.02778
2979.00000,300.00000,1921.69992,4.77873,16.52858,20.00799,12.92379,0.50000,0.07007,0.06454
2980.00000,130.00000,1927.04660,4.47670,16.86380,36.42832,15.09498,0.53226,0.07437,0.03674
2981.00000,160.00000,1930.66021,4.20877,17.25334,35.77712,15.29049,0.50000,0.07801,0.03492
2982.00000,111.00000,1932.59190,3.80395,17.52554,22.69852,18.53048,0.61614,0.08567,0.03130
2983.00000,177.00000,1936.06700,3.98985,17.25683,21.73224,15.76581,0.50000,0.13817,0.20297
2984.00000,164.00000,1927.80902,5.23648,16.21638,30.09428,17.57032,0.50000,0.18238,0.08887
2985.00000,190.00000,1928.90009,3.21315,18.08892,20.24848,18.07308,0.65834,0.03532,0.04507
2986.00000,142.00000,1932.75267,3.51334,17.97171,29.17785,12.53840,0.50000,0.17138,0.15845
2987.00000,155.00000,1923.88076,3.71289,17.59375,29.86426,16.25000,0.51416,0.08496,0.09082
2988.00000,91.00000,1925.74118,3.20122,18.12195,28.54421,18.26829,0.59451,0.06555,0.00152
2989.00000,127.00000,1915.77987,4.42072,17.17104,29.25468,18.42072,0.60737,0.08365,0.03371
2990.00000,204.00000,1907.84956,4.89239,16.50788,29.94585,18.61275,0.54935,0.08362,0.01782
2991.00000,134.00000,1899.59065,3.81386,17.46817,31.79049,12.65109,0.50000,0.10314,0.08944
2992.00000,75.00000,1890.62176,4.60235,16.90436,30.63255,11.95134,0.50000,0.29027,0.12081
2993.00000,187.00000,1893.65193,3.95199,17.43210,30.73320,19.18930,0.50000,0.08642,0.03567
2994.00000,165.00000,1897.59076,5.99103,15.40135,31.51457,23.86547,0.76289,0.09978,0.01345
2995.00000,233.00000,1902.10029,5.75670,15.64812,29.38137,15.19839,0.51106,0.21046,0.01005
2996.00000,192.00000,1893.66873,4.58080,16.86573,27.70570,17.86261,0.55308,0.07104,0.03435
2997.00000,159.00000,1895.58092,4.07806,17.26160,30.24156,22.65928,0.60285,0.04641,0.04852
2998.00000,229.00000,1896.87232,5.34189,16.14668,31.30619,12.86224,0.50000,0.16843,0.05466
2999.00000,300.00000,1888.44643,6.05637,15.43015,28.12623,19.77145,0.55974,0.10233,0.03064
3000.00000,300.00000,1893.54967,5.52833,15.94413,23.01756,20.49322,0.77973,0.06704,0.01596
3001.00000,190.00000,1892.41620,5.09491,16.23676,22.27772,17.46853,0.69431,0.14286,0.04496
3002.00000,261.00000,1885.58857,4.87865,16.41010,19.26484,15.13286,0.57972,0.20372,0.12312
3003.00000,175.00000,1878.10294,3.74933,17.62400,23.16933,15.44533,0.60467,0.10133,0.04000
3004.00000,183.00000,1879.75149,3.91588,17.48370,19.49106,23.29758,0.70925,0.06309,0.03680
3005.00000,142.00000,1869.15524,3.57351,17.76768,18.41639,11.76880,0.71212,0.35241,0.16498
3006.00000,143.00000,1861.01163,3.04966,18.26759,23.15310,18.18897,0.56000,0.14345,0.14897
3007.00000,167.00000,1867.31498,4.11341,17.15050,33.65050,18.35235,0.59379,0.09272,0.06705
3008.00000,115.00000,1860.48074,3.35014,17.83135,29.76810,12.27956,0.50000,0.09533,0.03208
3009.00000,160.00000,1865.56474,4.15870,17.25048,26.08604,22.85851,0.79780,0.04971,0.00000
3010.00000,245.00000,1871.77885,4.04826,17.27799,19.26255,21.81178,0.75434,0.08398,0.02606
3011.00000,300.00000,1865.83124,5.60231,15.86404,24.07954,15.88443,0.54419,0.12305,0.04147
3012.00000,181.00000,1859.35889,3.62544,17.62614,27.21943,14.90566,0.50175,0.09154,0.05870
3013.00000,152.00000,1859.88687,3.85653,17.53522,24.99141,13.38660,0.50000,0.12801,0.03866
3014.00000,124.00000,1865.57306,4.24486,17.36827,32.40157,17.81783,0.50000,0.07150,0.04603
3015.00000,157.00000,1867.74305,3.73711,17.56357,27.42440,19.10997,0.50000,0.17440,0.16924
3016.00000,172.00000,1874.35231,3.99794,17.37045,32.37182,12.95601,0.50000,0.11340,0.12990
3017.00000,112.00000,1876.49274,4.38420,16.96118,23.07095,14.24632,0.50000,0.23293,0.13655
3018.00000,146.00000,1878.80910,4.60585,16.68822,31.28521,15.73428,0.66740,0.20195,0.07174
3019.00000,80.00000,1880.28350,4.00651,17.23779,32.21010,19.42020,0.50000,0.16287,0.07980
3020.00000,239.00000,1887.44427,4.11391,17.35786,22.70665,15.61290,0.58569,0.08367,0.02419
3021.00000,232.00000,1881.31503,4.38126,17.10178,27.01212,20.61470,0.62359,0.11874,0.09370
3022.00000,129.00000,1872.61541,3.22083,17.97917,22.35694,13.61667,0.63125,0.05278,0.01806
3023.00000,93.00000,1865.88224,3.10947,17.97474,17.49684,21.95789,0.65789,0.16211,0.00421
3024.00000,146.00000,1858.92231,4.04198,17.42875,27.04707,17.50509,0.57761,0.11578,0.09415
3025.00000,136.00000,1852.24052,5.65778,15.65991,35.98081,26.26972,0.62207,0.07996,0.01066
3026.00000,149.00000,1844.95079,3.18452,18.04167,22.27827,16.97768,0.57738,0.11905,0.12798
3027.00000,173.00000,1836.00385,3.40723,17.92048,18.43976,21.13494,0.72952,0.05301,0.03855
3028.00000,240.00000,1830.26425,2.65087,18.67082,14.25935,22.63092,0.66958,0.07357,0.04489
3029.00000,147.00000,1823.27995,5.07304,16.45391,33.49304,10.57826,0.68652,0.38348,0.01217
3030.00000,256.00000,1814.88003,4.41938,16.91852,21.78988,13.64408,0.51329,0.19297,0.05575
3031.00000,161.00000,1821.91707,5.56493,16.04929,26.80664,11.99052,0.55403,0.16872,0.07488
3032.00000,153.00000,1816.76479,4.57295,16.91885,30.66393,12.57459,0.50000,0.13361,0.04180
3033.00000,111.00000,1822.61600,3.29915,17.99145,27.49573,12.86447,0.50000,0.24176,0.11966
3034.00000,300.00000,1828.85978,4.90332,16.49520,20.82066,18.42435,0.57565,0.16015,0.05092
3035.00000,300.00000,1834.86293,5.58158,15.74474,17.24035,15.50000,0.59605,0.09211,0.01667
3036.00000,206.00000,1841.73362,5.53704,16.10494,27.50794,20.70459,0.85362,0.15520,0.00970
3037.00000,145.00000,1841.37477,4.33768,17.01381,37.44743,14.84728,0.50000,0.10591,0.03530
3038.00000,176.00000,1830.31050,4.30097,17.18015,21.67745,21.32794,0.79342,0.15642,0.01079
3039.00000,300.00000,1835.25886,6.21647,15.13241,25.48820,15.09269,0.63299,0.18998,0.02360
3040.00000,159.00000,1830.23309,4.89247,16.46667,27.29785,19.23656,0.65591,0.12151,0.00968
3041.00000,118.00000,1835.72229,3.82441,17.54172,27.92403,16.99751,0.57410,0.13450,0.03861
3042.00000,300.00000,1830.24693,5.27626,16.22167,22.36228,19.45988,0.64888,0.11745,0.00496
3043.00000,128.00000,1824.89064,3.44549,17.98893,35.46934,13.11670,0.50000,0.18143,0.05281
3044.00000,288.00000,1818.37066,6.35575,15.27184,26.64080,16.28103,0.51839,0.21322,0.01839
3045.00000,146.00000,1824.36603,6.47987,15.13087,37.07886,20.82466,0.64052,0.30034,0.03607
3046.00000,97.00000,1825.45687,4.26617,17.11194,30.75000,14.79726,0.50000,0.37687,0.11194
3047.00000,164.00000,1827.83774,5.30385,16.08654,26.26442,11.79423,0.53317,0.35673,0.14904
3048.00000,163.00000,1835.22075,4.72103,16.66578,31.26292,21.14795,0.57130,0.08824,0.05169
3049.00000,300.00000,1842.81041,5.09567,16.38818,25.35040,14.28763,0.65174,0.09019,0.01645
3050.00000,93.00000,1834.89382,3.13249,17.93691,21.40379,21.88170,0.58912,0.05521,0.08202
3051.00000,195.00000,1836.25793,4.66021,16.64261,19.70246,11.27729,0.50000,0.12500,0.04313
3052.00000,137.00000,1829.90384,3.81897,17.53435,26.46565,19.95965,0.61668,0.11232,0.04907
3053.00000,195.00000,1834.30075,4.90887,16.50328,25.95977,15.56486,0.56691,0.07143,0.01396
3054.00000,127.00000,1840.18930,4.13995,17.18342,23.32065,19.80842,0.64742,0.08967,0.05571
3055.00000,156.00000,1847.18795,4.99205,16.35301,26.53802,25.11691,0.69240,0.15664,0.00454
3056.00000,104.00000,1835.41902,5.40210,16.20629,33.17949,16.46154,0.50000,0.12354,0.03380
3057.00000,179.00000,1829.06643,4.76846,16.49544,21.20415,16.15021,0.67842,0.19253,0.03900
3058.00000,300.00000,1831.91475,5.23564,16.16236,20.45545,15.39467,0.56286,0.07410,0.04080
3059.00000,300.00000,1839.41653,6.59546,14.95285,24.93248,16.36496,0.51688,0.09430,0.00698
3060.00000,300.00000,1839.69877,4.98169,16.40122,21.13120,16.95423,0.70023,0.09382,0.03585
3061.00000,205.00000,1847.49251,4.15929,17.21239,18.59194,14.01868,0.64995,0.12684,0.00098
3062.00000,300.00000,1846.43464,5.86117,15.59332,24.45580,21.56909,0.76850,0.05108,0.00917
3063.00000,182.00000,1834.72754,4.66100,16.79193,31.85067,12.93489,0.50000,0.19108,0.07360
3064.00000,178.00000,1829.21471,3.83598,17.57908,24.79916,16.34059,0.51004,0.14979,0.04435
3065.00000,293.00000,1837.19903,5.51148,15.85378,23.99048,12.66218,0.50000,0.10252,0.01176
3066.00000,101.00000,1844.88956,5.01668,16.34202,34.34619,18.22836,0.62044,0.27320,0.01460
3067.00000,300.00000,1848.23734,6.23407,15.10263,27.83620,11.80940,0.50506,0.05763,0.03539
3068.00000,215.00000,1853.84728,4.96851,16.41244,22.80568,17.87865,0.63402,0.09217,0.02842
3069.00000,205.00000,1857.01965,4.61821,16.74198,31.13294,16.61755,0.51834,0.21087,0.05370
3070.00000,300.00000,1850.39670,4.92283,16.50474,26.69070,16.24794,0.52277,0.05123,0.01581
3071.00000,300.00000,1854.47450,5.33995,16.06224,19.28865,16.24624,0.52223,0.19836,0.02326
3072.00000,177.00000,1847.31755,3.81984,17.55159,27.15238,15.10159,0.50000,0.11270,0.03175
3073.00000,161.00000,1845.38260,5.68397,15.57739,20.48100,15.17980,0.55097,0.25487,0.05468
3074.00000,121.00000,1852.47300,3.86742,17.54607,21.38652,20.87416,0.63820,0.15281,0.02697
3075.00000,225.00000,1854.06410,3.56504,17.79709,29.95942,11.08273,0.50000,0.08689,0.04162
3076.00000,108.00000,1847.48414,3.27326,17.98953,21.97093,12.51744,0.50349,0.15000,0.05698
3077.00000,221.00000,1854.34982,4.38671,16.98993,21.08056,17.58812,0.71853,0.08056,0.01712
3078.00000,97.00000,1858.42539,4.09496,17.01727,21.25180,19.05036,0.65252,0.17842,0.08201
3079.00000,129.00000,1853.08358,4.25273,17.04860,30.20899,18.07047,0.67740,0.08019,0.00243
3080.00000,300.00000,1854.55570,5.01868,16.35616,25.88667,11.49564,0.51619,0.12391,0.05666
3081.00000,177.00000,1848.14063,4.57919,16.80116,42.89711,11.41792,0.50000,0.23757,0.00000
3082.00000,143.00000,1847.28213,4.35764,17.02997,28.35564,13.31469,0.50050,0.10789,0.00899
3083.00000,107.00000,1853.16271,4.10419,17.04304,31.11552,18.68969,0.50000,0.22877,0.08607
3084.00000,112.00000,1846.33909,4.16702,17.11563,29.49358,13.81692,0.50000,0.17559,0.03426
3085.00000,212.00000,1847.98136,4.64775,16.74429,20.69934,15.10391,0.60280,0.27119,0.04790
3086.00000,300.00000,1850.08743,4.34303,16.96914,16.42152,16.44356,0.82672,0.17108,0.03175
3087.00000,126.00000,1855.55186,5.00685,16.49178,29.59863,25.25890,0.76849,0.11644,0.00685
3088.00000,300.00000,1847.18443,5.61565,15.97166,25.90079,16.60601,0.52409,0.10828,0.07313
3089.00000,300.00000,1839.65355,4.70284,16.65168,20.62222,11.41189,0.50000,0.04186,0.04031
3090.00000,300.00000,1837.86154,5.92937,15.57192,21.34367,19.50129,0.68691,0.17140,0.05599
3091.00000,108.00000,1843.33472,2.85463,18.34141,26.64427,13.55507,0.50000,0.08921,0.03965
3092.00000,205.00000,1837.22081,5.70740,15.76994,36.07745,13.39128,0.50000,0.15605,0.08663
3093.00000,300.00000,1844.75107,5.38449,16.00633,16.60522,18.25949,0.59850,0.05696,0.06646
3094.00000,149.00000,1848.95293,4.70205,16.67412,27.85289,19.74302,0.70810,0.14898,0.06052
3095.00000,171.00000,1849.04507,4.82087,16.69022,27.50370,16.32621,0.51972,0.17995,0.08956
3096.00000,184.00000,1856.20269,4.28464,16.97747,30.49147,17.14676,0.51570,0.15973,0.08601
3097.00000,211.00000,1859.60104,4.60543,17.00906,34.66429,19.27943,0.50000,0.09638,0.07827
3098.00000,172.00000,1862.40827,5.21512,16.24668,27.94352,16.75581,0.55357,0.19352,0.04651
3099.00000,300.00000,1867.17905,5.50415,16.15245,24.62717,20.59698,0.71925,0.09208,0.01358
3100.00000,163.00000,1870.91528,4.11050,17.36280,24.70166,18.60773,0.64917,0.06169,0.01657
3101.00000,110.00000,1864.10918,4.67220,16.80083,33.79668,15.24896,0.50000,0.14315,0.06639
3102.00000,152.00000,1870.39720,4.11550,17.37344,27.89605,18.07892,0.59143,0.09143,0.05390
3103.00000,300.00000,1875.62770,5.28837,16.29122,21.88009,12.92719,0.55996,0.10564,0.03426
3104.00000,145.00000,1882.65134,4.88163,16.58239,30.70644,14.67235,0.54356,0.12595,0.02367
3105.00000,133.00000,1890.30632,4.50292,16.96992,34.71345,12.45948,0.50000,0.23308,0.06600
3106.00000,300.00000,1894.37595,5.29722,16.16452,25.10968,14.03927,0.55958,0.11984,0.01151
3107.00000,142.00000,1899.02785,4.47604,17.09688,30.56042,19.38229,0.70833,0.02396,0.01042
3108.00000,193.00000,1897.73755,4.76459,16.58342,21.39099,15.97032,0.63562,0.17195,0.08188
3109.00000,194.00000,1890.07019,5.03564,16.47589,32.50943,17.62823,0.53319,0.16981,0.01468
3110.00000,300.00000,1882.68354,5.27898,16.21022,16.15324,19.45285,0.71218,0.02849,0.01081
3111.00000,300.00000,1874.30468,6.41132,15.05229,25.14771,14.92938,0.54070,0.15741,0.05067
3112.00000,165.00000,1867.86117,4.62174,16.93768,32.86014,12.47029,0.50000,0.13551,0.01957
3113.00000,300.00000,1872.64734,4.79419,16.67559,21.54629,15.58761,0.78386,0.13007,0.02831
3114.00000,300.00000,1878.80125,5.42077,16.05459,25.48069,13.33489,0.50000,0.13515,0.03129
3115.00000,300.00000,1871.17860,5.89769,15.50156,25.38366,16.15596,0.62508,0.07299,0.02308
3116.00000,95.00000,1876.48599,3.76869,17.71932,33.83357,22.37094,0.50282,0.15797,0.09027
3117.00000,161.00000,1881.45317,4.54956,16.94805,38.35680,16.82570,0.50000,0.17840,0.03213
3118.00000,115.00000,1870.82208,2.93239,18.35419,30.23108,11.79516,0.50000,0.08678,0.05348
3119.00000,142.00000,1875.58482,4.40633,16.91266,22.67468,19.52405,0.62595,0.20759,0.04684
3120.00000,120.00000,1879.24660,3.44227,17.82353,25.35621,12.72113,0.55828,0.15468,0.03922
3121.00000,114.00000,1880.16406,3.16692,17.91356,18.09687,21.18331,0.75633,0.04024,0.04173
3122.00000,206.00000,1885.98731,4.40571,17.11569,23.41759,14.54120,0.50000,0.06656,0.05864
3123.00000,300.00000,1879.03423,6.77735,14.73068,19.38791,16.18057,0.71079,0.07269,0.03979
3124.00000,264.00000,1884.03940,6.60409,14.96992,30.31348,17.10229,0.59356,0.21300,0.00241
3125.00000,300.00000,1876.46791,5.52373,15.79661,18.73136,12.57203,0.64492,0.16356,0.01525
3126.00000,165.00000,1880.51544,4.03405,17.24910,25.85932,17.68459,0.56048,0.09319,0.02778
3127.00000,300.00000,1879.67120,4.25788,17.20620,23.62842,12.31008,0.50000,0.06718,0.01964
3128.00000,162.00000,1886.04136,3.91036,17.26275,26.10046,23.14219,0.71406,0.08037,0.02782
3129.00000,300.00000,1890.74580,7.88544,13.60570,20.26709,17.57089,0.67627,0.12215,0.00886
3130.00000,300.00000,1883.36901,6.57016,14.96210,19.21532,19.09355,0.88427,0.30000,0.03548
3131.00000,300.00000,1883.75362,5.24105,16.16945,23.63723,15.35859,0.54445,0.16050,0.01969
3132.00000,300.00000,1874.45755,5.32136,16.10592,23.61400,11.99342,0.51885,0.09755,0.02992
3133.00000,131.00000,1877.65384,4.63504,16.69308,28.16853,12.40067,0.50000,0.16629,0.05134
3134.00000,229.00000,1883.56344,4.84373,16.69775,28.03601,15.99614,0.50000,0.15949,0.04180
3135.00000,92.00000,1890.65708,3.17867,17.93372,26.84726,15.47839,0.50000,0.17723,0.21470
3136.00000,114.00000,1896.16737,3.47698,17.84416,26.09327,16.35419,0.50000,0.07438,0.02952
3137.00000,152.00000,1900.40654,4.50334,16.91230,28.88465,19.55767,0.67159,0.14395,0.07054
3138.00000,118.00000,1907.21182,3.29135,17.95865,27.51504,17.18233,0.50000,0.14286,0.05921
3139.00000,184.00000,1912.31431,4.92655,16.44633,24.40395,20.55932,0.63324,0.14124,0.02166
3140.00000,300.00000,1918.23515,4.89023,16.54481,15.79355,19.01108,0.78953,0.06747,0.02216
3141.00000,176.00000,1909.45714,4.15923,16.97059,19.71501,13.27992,0.72211,0.10953,0.03550
3142.00000,168.00000,1902.55556,4.15582,17.09290,31.29481,14.01902,0.50000,0.11412,0.08047
3143.00000,160.00000,1909.66352,4.44231,16.99725,34.67857,22.59272,0.50000,0.13736,0.06799
3144.00000,300.00000,1914.54830,6.27915,15.10762,25.28139,15.23150,0.56474,0.12948,0.03531
3145.00000,134.00000,1916.31151,3.46417,17.84202,19.17427,19.79316,0.74837,0.06189,0.05700
3146.00000,144.00000,1920.77406,4.02540,17.27302,33.13016,18.56587,0.50000,0.19286,0.06349
3147.00000,198.00000,1912.96964,4.00974,17.48880,26.25998,19.21130,0.50779,0.09932,0.07887
3148.00000,300.00000,1916.96351,4.93515,16.36404,20.38762,18.94620,0.85114,0.16802,0.04200
3149.00000,175.00000,1909.16080,3.64817,17.59480,30.73806,14.84831,0.50000,0.09129,0.05618
3150.00000,162.00000,1899.50004,4.32777,17.13972,22.53427,13.07381,0.50000,0.20650,0.03076
3151.00000,300.00000,1902.82920,4.49031,16.80039,21.72158,11.96835,0.50000,0.14922,0.06654
3152.00000,187.00000,1909.14091,3.48772,17.91265,26.35578,15.68426,0.53913,0.08280,0.06005
3153.00000,300.00000,1913.44362,5.21949,16.30614,21.68448,17.20939,0.68556,0.10903,0.01661
3154.00000,148.00000,1903.92918,2.85938,18.39688,26.02396,21.39271,0.64219,0.02708,0.01354
3155.00000,300.00000,1895.19477,3.78495,17.53419,22.09650,15.58359,0.65957,0.09954,0.04559
3156.00000,300.00000,1887.16740,5.48931,16.03176,22.37265,14.76474,0.58620,0.10823,0.04731
3157.00000,145.00000,1881.08367,3.67793,17.51848,20.44879,11.31785,0.52851,0.10560,0.06441
3158.00000,136.00000,1874.83342,4.25666,17.18093,29.24544,22.43759,0.57433,0.17952,0.07574
3159.00000,170.00000,1882.16178,4.13978,17.21805,28.75479,12.68131,0.50000,0.09585,0.02556
3160.00000,194.00000,1875.73009,3.79432,17.51573,21.61934,13.87490,0.63008,0.08289,0.04298
3161.00000,162.00000,1882.91278,5.06878,16.50155,34.75502,21.58192,0.50000,0.21793,0.02859
3162.00000,168.00000,1888.73154,4.30904,16.98102,34.65148,20.30979,0.51822,0.02126,0.02202
3163.00000,223.00000,1892.16558,3.73451,17.64384,25.49967,17.65036,0.50000,0.06458,0.05610
3164.00000,300.00000,1884.18320,5.62970,15.79670,27.08449,17.17492,0.54554,0.06535,0.00792
3165.00000,183.00000,1890.04997,3.91704,17.51939,24.57169,16.56447,0.54418,0.12624,0.00180
3166.00000,125.00000,1887.68549,3.83586,17.67637,32.28405,18.65425,0.56752,0.06868,0.03376
3167.00000,300.00000,1893.20756,5.22944,16.29030,18.08224,19.06414,0.84211,0.06497,0.02056
3168.00000,128.00000,1883.20965,5.49359,15.91667,32.53953,21.82372,0.63355,0.08654,0.03419
3169.00000,229.00000,1876.26388,4.13030,17.12722,26.85120,14.55436,0.57286,0.07016,0.01542
3170.00000,185.00000,1868.37811,5.81118,15.57601,27.74165,11.56919,0.62236,0.20382,0.03272
3171.00000,85.00000,1861.27529,4.94394,16.47588,35.91395,22.93872,0.50000,0.21773,0.00000
3172.00000,114.00000,1868.04310,4.03842,17.22599,29.84407,13.85311,0.50000,0.28701,0.05424
3173.00000,163.00000,1875.35314,4.57734,17.00719,28.01978,19.37680,0.70369,0.14928,0.02068
3174.00000,186.00000,1879.83239,4.58333,16.80147,18.62745,20.32108,0.77267,0.10417,0.03922
3175.00000,132.00000,1873.74004,3.84517,17.43898,31.88889,11.05647,0.50000,0.09199,0.03370
3176.00000,300.00000,1864.84783,6.47334,14.87906,19.42003,18.86281,0.53446,0.08257,0.05007
3177.00000,106.00000,1871.79940,4.40319,16.97181,34.21936,14.44118,0.50000,0.19118,0.05515
3178.00000,107.00000,1870.47536,4.68571,16.70370,31.99259,15.17249,0.50000,0.17778,0.05714
3179.00000,282.00000,1876.76915,5.95941,15.50372,25.21555,10.25443,0.59034,0.06804,0.04231
3180.00000,207.00000,1882.86425,5.02697,16.44719,22.39775,22.77865,0.90337,0.08989,0.03371
3181.00000,219.00000,1886.72724,4.83493,16.69298,27.89155,15.27273,0.51794,0.12281,0.02871
3182.00000,68.00000,1880.04764,2.00525,19.07874,15.96850,13.70604,0.50000,0.09449,0.23622
3183.00000,82.00000,1872.86449,3.40111,17.93530,27.33826,18.50462,0.52218,0.06654,0.02588
3184.00000,154.00000,1861.20547,4.32019,17.05336,23.91183,17.15545,0.72564,0.07309,0.01276
3185.00000,110.00000,1855.17067,3.97855,17.18317,25.39769,26.79208,0.53795,0.00495,0.00825
3186.00000,213.00000,1848.54734,5.01917,16.36866,22.40586,17.66855,0.66347,0.10823,0.01804
3187.00000,193.00000,1842.02565,5.51878,15.84701,31.48261,12.93672,0.53790,0.17663,0.04590
3188.00000,100.00000,1835.15424,4.86883,16.53456,28.90409,22.10437,0.65797,0.13822,0.00000
3189.00000,300.00000,1840.68259,5.81328,15.57857,21.69231,16.34517,0.70217,0.08941,0.00920
3190.00000,300.00000,1833.42672,4.90283,16.48585,23.37490,21.42846,0.60865,0.14537,0.04820
3191.00000,140.00000,1826.73888,4.24343,17.24961,34.73338,16.07110,0.67272,0.11978,0.03246
3192.00000,300.00000,1818.29724,6.16558,15.35312,30.06469,15.47715,0.67418,0.18991,0.02196
3193.00000,161.00000,1826.34450,5.05882,16.34041,24.02989,15.56413,0.55256,0.12440,0.02507
3194.00000,159.00000,1815.47537,3.22320,18.01326,22.25856,21.07293,0.65028,0.07624,0.05414
3195.00000,141.00000,1823.45939,4.62877,16.88631,31.74014,15.94432,0.68910,0.05336,0.00348
3196.00000,300.00000,1817.09280,7.72727,13.78460,22.70180,18.84482,0.74175,0.15345,0.02837
3197.00000,162.00000,1809.88001,4.27226,17.21085,30.89458,23.32753,0.74719,0.08393,0.00716
3198.00000,150.00000,1803.10119,3.53580,17.76243,28.18534,18.73463,0.50000,0.09941,0.07414
3199.00000,254.00000,1796.42419,6.65601,14.75897,18.74727,16.78939,0.50000,0.14821,0.15601
3200.00000,203.00000,1802.66674,4.44025,16.97345,29.08735,12.29560,0.50000,0.08386,0.00140
3201.00000,152.00000,1804.03372,4.59136,16.91552,34.61297,21.16896,0.55059,0.03831,0.02358
3202.00000,108.00000,1812.88779,4.53172,17.04268,31.14764,22.61130,0.56978,0.13610,0.03460
3203.00000,154.00000,1807.78999,4.53654,16.78848,29.12640,12.33620,0.66165,0.20292,0.05159
3204.00000,300.00000,1815.42251,4.78577,16.55699,20.42441,12.62247,0.53719,0.16330,0.02506
3205.00000,261.00000,1823.79198,5.61438,15.88534,29.10325,15.86423,0.52111,0.08956,0.01312
3206.00000,149.00000,1824.60298,5.20043,16.15086,30.39116,22.99677,0.54364,0.07759,0.01616
3207.00000,300.00000,1827.75070,4.93120,16.44418,18.90585,15.22209,0.50000,0.06035,0.01811
3208.00000,215.00000,1821.78739,4.05535,17.21624,25.88487,15.51365,0.56273,0.09446,0.04871
3209.00000,300.00000,1823.89146,5.64850,15.65414,14.18703,17.53008,0.80451,0.10714,0.03665
3210.00000,135.00000,1829.98026,3.56158,17.74384,30.95074,13.09113,0.50000,0.08128,0.02463
3211.00000,300.00000,1824.84869,4.93098,16.46801,22.85438,16.69781,0.53830,0.10774,0.01431
3212.00000,130.00000,1829.81573,5.08333,16.37452,33.00766,17.93582,0.63506,0.08525,0.02874
3213.00000,300.00000,1827.44301,5.58819,15.78917,19.55291,18.67022,0.74241,0.12715,0.03856
3214.00000,226.00000,1835.73539,4.51828,16.80430,24.92258,16.19785,0.53656,0.12115,0.03728
3215.00000,161.00000,1829.89223,4.33459,16.91800,26.44486,20.10368,0.59566,0.10745,0.02262
3216.00000,300.00000,1837.85012,5.05230,16.43760,28.23511,11.96582,0.50000,0.16882,0.01036
3217.00000,114.00000,1845.54980,3.96992,17.47218,25.94286,24.43459,0.73534,0.13835,0.06617
3218.00000,128.00000,1849.58056,3.54879,17.77778,31.06570,14.24444,0.50000,0.12947,0.00966
3219.00000,142.00000,1843.91699,4.17558,17.09417,31.05028,14.59856,0.62650,0.10056,0.01995
3220.00000,114.00000,1851.84776,3.58193,17.64647,33.75174,17.71003,0.50000,0.23138,0.05362
3221.00000,300.00000,1855.71269,4.83876,16.59219,23.73825,20.38829,0.61786,0.06652,0.06508
3222.00000,180.00000,1856.91842,4.01592,17.43376,32.40318,13.79236,0.50000,0.08344,0.02548
3223.00000,199.00000,1851.23921,5.68411,15.80561,23.95078,8.61558,0.50000,0.16262,0.01994
3224.00000,136.00000,1857.51823,4.60126,16.70837,33.47525,20.60126,0.50000,0.17732,0.07831
3225.00000,110.00000,1864.64905,4.01850,17.38411,31.16104,10.30468,0.50000,0.16757,0.05332
3226.00000,120.00000,1871.57787,3.67611,17.54336,23.39823,20.87965,0.68850,0.07965,0.12389
3227.00000,300.00000,1878.24127,5.47803,15.83745,22.70439,14.13245,0.52348,0.11138,0.03492
3228.00000,162.00000,1871.13832,4.74570,16.81675,31.66417,12.20793,0.50000,0.16530,0.01421
3229.00000,168.00000,1871.41126,4.79110,16.50755,30.42653,12.73392,0.50000,0.16203,0.08419
3230.00000,202.00000,1878.32226,4.02797,17.47863,30.37607,12.75680,0.50000,0.06294,0.04817
3231.00000,179.00000,1884.47495,4.92917,16.46785,27.33551,15.07829,0.56104,0.12954,0.03635
3232.00000,163.00000,1891.41192,4.60789,16.83557,29.95089,12.89807,0.61012,0.27530,0.05432
3233.00000,148.00000,1897.36924,4.75138,16.65780,30.27156,11.19817,0.50000,0.21009,0.04220
3234.00000,198.00000,1900.72524,5.98571,15.37427,28.64977,7.64782,0.50000,0.24626,0.10136
3235.00000,300.00000,1906.92407,6.29617,15.23549,21.93008,18.54551,0.57718,0.06332,0.04024
3236.00000,193.00000,1913.67106,4.29286,17.10117,22.32588,16.09052,0.69116,0.14590,0.08200
3237.00000,150.00000,1910.20868,3.89746,17.47005,29.94822,19.00914,0.53959,0.08832,0.08223
3238.00000,300.00000,1901.02404,5.09660,16.34485,23.58608,15.28602,0.50000,0.11117,0.06260
3239.00000,164.00000,1894.50294,4.55151,17.00310,32.27653,16.44617,0.50000,0.08598,0.02401
3240.00000,168.00000,1899.96198,4.59211,16.81642,38.68860,16.41541,0.50000,0.13722,0.02130
3241.00000,144.00000,1906.71047,4.45632,17.01264,27.64828,18.58506,0.66092,0.09540,0.05172
3242.00000,300.00000,1912.59444,5.18758,16.29770,21.21383,13.82266,0.55570,0.12228,0.03585
3243.00000,135.00000,1905.57234,3.81806,17.64286,20.77493,24.62803,0.85377,0.05121,0.05795
3244.00000,95.00000,1898.39108,2.70132,18.43069,21.11386,15.59736,0.50000,0.04455,0.02970
3245.00000,116.00000,1891.15814,3.68351,17.72363,27.59881,16.45319,0.60921,0.02377,0.00000
3246.00000,300.00000,1884.41926,4.96808,16.76871,26.68864,15.01361,0.53611,0.06750,0.02878
3247.00000,156.00000,1877.04041,3.80970,17.50187,25.43190,18.63340,0.50326,0.20429,0.11940
3248.00000,96.00000,1883.05669,4.03704,17.31762,37.65432,10.45567,0.50000,0.10325,0.00673
3249.00000,206.00000,1889.34565,3.84862,17.53801,30.28506,10.52556,0.50000,0.11402,0.03342
3250.00000,175.00000,1892.58467,4.05311,17.27473,22.56593,11.39011,0.50000,0.14103,0.14469
3251.00000,300.00000,1894.10586,4.79728,16.57319,16.71826,13.59780,0.53821,0.06282,0.08938
3252.00000,300.00000,1900.30455,4.16548,17.17259,24.27970,15.47868,0.50000,0.07817,0.05888
3253.00000,158.00000,1906.61939,4.62366,16.68817,28.01747,23.11828,0.67406,0.15995,0.05511
3254.00000,300.00000,1912.53435,6.43098,15.06465,23.20539,18.75219,0.70673,0.19798,0.00539
3255.00000,125.00000,1902.96828,4.28835,17.08381,29.05824,18.19744,0.64062,0.07528,0.02983
3256.00000,166.00000,1894.17800,5.02030,16.27073,30.85787,13.39848,0.52919,0.20897,0.00338
3257.00000,140.00000,1885.29361,3.42338,17.90736,30.01126,12.22424,0.51732,0.15844,0.02338
3258.00000,123.00000,1891.77149,3.28622,18.08481,19.82862,14.95583,0.69876,0.07067,0.03710
3259.00000,108.00000,1897.56909,5.63316,15.85803,36.14508,14.23731,0.50000,0.18549,0.05389
3260.00000,198.00000,1888.39291,4.11235,17.24773,26.24703,12.24703,0.50000,0.10677,0.03629
3261.00000,158.00000,1894.63598,4.24594,17.07865,19.09613,16.47191,0.73096,0.08989,0.08989
3262.00000,128.00000,1901.35592,4.04174,17.47785,40.08177,15.23424,0.50000,0.16354,0.01448
3263.00000,149.00000,1893.62704,3.67977,17.66474,23.46127,16.11098,0.76936,0.22659,0.02890
3264.00000,159.00000,1899.65132,5.08454,16.21664,22.44254,20.00793,0.72919,0.12285,0.00661
3265.00000,158.00000,1891.65923,4.92295,16.61875,30.16283,12.88642,0.51589,0.23193,0.03177
3266.00000,300.00000,1884.38550,5.33628,16.14196,22.35584,10.49211,0.56151,0.16530,0.04416
3267.00000,142.00000,1891.32233,4.61080,16.75744,27.04741,22.36825,0.66648,0.15105,0.00551
3268.00000,168.00000,1897.35518,5.63278,15.87688,33.33357,14.08661,0.56943,0.10880,0.04366
3269.00000,91.00000,1904.01035,2.92024,18.32262,27.92500,10.56190,0.50000,0.07381,0.02381
3270.00000,122.00000,1909.26356,3.06007,18.19788,30.41431,12.01148,0.50000,0.09541,0.01855
3271.00000,170.00000,1913.62862,4.92234,16.56064,30.95851,18.41809,0.56330,0.10426,0.07660
3272.00000,300.00000,1917.17702,4.83033,16.60662,28.60256,15.97676,0.50000,0.06043,0.04416
3273.00000,136.00000,1909.59167,3.25598,18.02153,26.43182,23.45335,0.58971,0.06340,0.04545
3274.00000,300.00000,1908.76069,5.07513,16.15201,25.42167,10.13745,0.50000,0.07746,0.01340
3275.00000,300.00000,1901.51964,5.05114,16.34477,25.02106,23.89350,0.67509,0.09446,0.07100
3276.00000,142.00000,1907.24390,3.81839,17.54936,36.74680,14.46044,0.50000,0.09797,0.00829
3277.00000,129.00000,1900.48330,3.74245,17.52782,24.40541,18.45151,0.66296,0.08585,0.06200
3278.00000,238.00000,1905.97480,4.25417,17.03594,22.64185,13.16496,0.53498,0.08023,0.02567
3279.00000,147.00000,1899.11856,4.76269,16.56469,33.79914,9.41172,0.50000,0.10650,0.04432
3280.00000,156.00000,1904.54652,4.72152,16.79831,32.04304,15.64979,0.51772,0.13671,0.07342
3281.00000,300.00000,1909.69026,4.18005,17.32062,23.57296,16.09371,0.52343,0.10977,0.04150
3282.00000,163.00000,1912.36938,4.10472,17.49263,30.92920,11.82743,0.50000,0.16298,0.05310
3283.00000,112.00000,1912.12995,3.50000,17.88931,17.83779,19.92366,0.67748,0.06489,0.13740
3284.00000,167.00000,1918.17778,4.77160,16.71605,24.86317,19.93313,0.62860,0.15226,0.01235
3285.00000,176.00000,1909.22001,4.16832,17.20934,32.20580,14.37624,0.50000,0.13579,0.01839
3286.00000,300.00000,1915.43544,5.77138,15.64282,23.74171,11.18092,0.51047,0.16696,0.06981
3287.00000,121.00000,1920.30431,4.32673,17.05831,25.63696,15.14191,0.51100,0.15292,0.04950
3288.00000,112.00000,1923.90242,3.52314,17.86115,27.94250,19.02244,0.51823,0.07153,0.04067
3289.00000,184.00000,1928.41326,5.25682,16.28106,35.13636,15.04394,0.56894,0.22652,0.00076
3290.00000,300.00000,1920.34705,6.33439,15.26767,28.65052,18.61795,0.61676,0.08181,0.03257
3291.00000,143.00000,1926.44049,3.93359,17.25120,23.84986,17.30703,0.54764,0.14244,0.01155
3292.00000,163.00000,1917.75518,5.41958,16.09790,26.02897,17.78322,0.67882,0.11888,0.03497
3293.00000,140.00000,1918.97574,4.92419,16.45230,33.37819,10.71635,0.62947,0.40204,0.01448
3294.00000,235.00000,1924.54395,4.91642,16.44341,28.51190,14.02612,0.57661,0.13755,0.03076
3295.00000,111.00000,1927.94831,4.27574,17.06064,31.02975,15.93707,0.50000,0.13158,0.05721
3296.00000,144.00000,1931.86619,3.78680,17.57684,30.52381,13.37446,0.52868,0.13636,0.02056
3297.00000,120.00000,1934.97366,4.62305,16.85547,34.51953,12.60449,0.50000,0.26562,0.11523
3298.00000,300.00000,1927.32271,5.80523,15.69477,19.47674,18.81977,0.67926,0.10078,0.04651
3299.00000,300.00000,1928.37388,4.90316,16.62750,23.21110,16.13041,0.50097,0.07489,0.03228
3300.00000,300.00000,1918.37629,6.17849,15.14645,16.97101,14.07933,0.59039,0.19375,0.07170
3301.00000,159.00000,1915.22250,4.01378,17.38006,27.72204,14.31605,0.50000,0.15478,0.11426
3302.00000,194.00000,1919.31089,5.39355,15.96438,21.56743,19.56828,0.62807,0.13486,0.06192
3303.00000,107.00000,1925.79013,2.47387,18.73984,21.85482,17.09175,0.50000,0.09872,0.12544
3304.00000,130.00000,1928.65389,3.43064,17.83149,31.71489,13.40340,0.50000,0.10894,0.05787
3305.00000,229.00000,1929.50633,3.88855,17.55421,27.26687,19.82942,0.55080,0.12358,0.04018
3306.00000,300.00000,1933.14041,5.22239,16.08129,17.99310,18.44172,0.75077,0.08742,0.01917
3307.00000,300.00000,1924.49189,4.95534,16.57456,23.04088,19.72975,0.66162,0.07949,0.02195
3308.00000,162.00000,1916.80832,5.43986,16.17182,28.17068,19.42268,0.60481,0.11798,0.04696
3309.00000,300.00000,1907.12756,7.14533,14.46691,20.08101,12.80581,0.60080,0.11812,0.00371
3310.00000,147.00000,1899.49861,3.21274,18.02460,22.58032,19.35745,0.67221,0.12156,0.04052
3311.00000,300.00000,1905.61139,5.80682,15.50426,18.20739,12.68608,0.51918,0.03125,0.02060
3312.00000,155.00000,1897.90800,4.74164,16.52592,30.18645,18.65803,0.55978,0.12458,0.04933
3313.00000,300.00000,1903.07370,5.88881,15.66867,24.37941,19.00751,0.73216,0.07513,0.01653
3314.00000,158.00000,1906.28100,3.82792,17.43944,31.93205,11.46012,0.50000,0.18759,0.04210
3315.00000,300.00000,1898.79275,5.58059,15.81845,25.22169,14.03056,0.52367,0.08628,0.03475
3316.00000,300.00000,1901.57980,7.41856,14.23093,25.83505,14.87577,0.50619,0.10309,0.01237
3317.00000,300.00000,1905.98549,7.60438,13.80312,19.67563,15.48813,0.51969,0.16937,0.04500
3318.00000,161.00000,1912.22260,5.19301,16.17637,30.59983,15.45507,0.50208,0.12895,0.01248
3319.00000,300.00000,1915.19954,5.74475,15.60078,20.37043,16.28560,0.79416,0.23658,0.05837
3320.00000,139.00000,1919.66316,3.25390,18.14390,27.98442,13.78643,0.50000,0.16407,0.06874
3321.00000,133.00000,1911.89112,4.20744,17.13303,27.18038,15.71139,0.64374,0.13641,0.05975
3322.00000,300.00000,1917.74561,5.32844,16.18532,24.57920,18.19572,0.67920,0.13150,0.04709
3323.00000,113.00000,1922.52132,3.04608,18.29510,33.41373,13.67745,0.50000,0.15784,0.07647
3324.00000,185.00000,1921.55979,4.05675,17.35890,26.70552,14.06902,0.50000,0.13420,0.08052
3325.00000,236.00000,1927.38331,4.01603,17.23848,18.74649,15.22345,0.75451,0.09719,0.01102
3326.00000,172.00000,1930.09500,4.01598,17.25033,27.71039,11.92876,0.50000,0.10453,0.03196
3327.00000,300.00000,1921.11683,5.70400,15.70933,19.87000,14.53000,0.52700,0.07200,0.04800
3328.00000,300.00000,1924.92502,5.45515,15.97745,27.72373,11.30600,0.50000,0.11379,0.01743
3329.00000,168.00000,1930.44058,4.87588,16.50117,19.82904,15.20141,0.63583,0.20609,0.02810
3330.00000,300.00000,1934.46153,6.31013,15.08368,21.18987,15.00352,0.50000,0.16174,0.06751
3331.00000,98.00000,1927.31375,4.61239,16.67193,32.06561,16.39490,0.50000,0.24909,0.18104
3332.00000,116.00000,1932.62165,3.31556,18.06964,24.84222,13.55386,0.50000,0.17301,0.10555
3333.00000,300.00000,1934.97055,5.29185,16.15502,22.74454,20.99854,0.68268,0.04803,0.05167
3334.00000,123.00000,1941.12786,5.05691,16.29065,31.67378,19.51728,0.67276,0.24085,0.05996
3335.00000,158.00000,1929.91378,4.88088,16.57436,32.11229,18.29970,0.50000,0.10091,0.06222
3336.00000,122.00000,1936.56376,4.79477,16.58954,31.80483,10.56740,0.50000,0.13280,0.00805
3337.00000,182.00000,1941.96460,6.02418,15.43788,27.85829,13.13298,0.50000,0.16723,0.01679
3338.00000,234.00000,1947.29761,4.96572,16.44566,23.95040,10.04960,0.50000,0.06856,0.02042
3339.00000,121.00000,1953.09804,3.44028,17.75410,26.96487,23.01991,0.56148,0.07963,0.00820
3340.00000,300.00000,1956.82861,6.48871,14.81793,23.45927,19.00684,0.61602,0.14921,0.01643
3341.00000,167.00000,1961.68080,6.42628,14.92678,28.21163,19.71013,0.71464,0.31494,0.02909
3342.00000,300.00000,1960.27232,6.00871,15.38054,22.26071,10.72331,0.50000,0.21569,0.07262
3343.00000,153.00000,1963.17859,3.79710,17.61480,31.68955,10.37681,0.50000,0.07933,0.05873
3344.00000,131.00000,1961.56046,3.98733,17.25049,32.89571,14.79045,0.50000,0.23294,0.11111
3345.00000,142.00000,1966.88398,3.50378,17.76216,23.19243,12.83351,0.59027,0.19135,0.08757
3346.00000,217.00000,1968.00030,4.68678,16.72320,22.21020,16.32466,0.66025,0.12175,0.03538
3347.00000,163.00000,1972.98878,3.50100,17.79418,22.35241,13.28213,0.54267,0.11044,0.04016
3348.00000,147.00000,1964.81576,3.92897,17.40498,23.97417,11.76845,0.50000,0.14299,0.06181
3349.00000,300.00000,1956.21676,5.01923,16.33654,16.50275,13.64698,0.50000,0.08104,0.07761
3350.00000,212.00000,1961.50633,6.33882,15.18176,33.36859,11.13490,0.50000,0.16719,0.01330
3351.00000,117.00000,1965.30923,4.42529,17.01567,34.56113,15.03448,0.50000,0.14316,0.04493
3352.00000,172.00000,1970.56707,4.22117,17.16038,22.62159,17.70440,0.76677,0.06080,0.03249
3353.00000,300.00000,1974.05141,5.52550,15.93221,24.98756,19.01866,0.66884,0.14988,0.00311
3354.00000,177.00000,1965.91506,4.60540,16.73019,28.52782,14.88617,0.50000,0.19309,0.11636
3355.00000,300.00000,1967.02976,6.23882,15.37703,17.78049,17.25711,0.81961,0.05285,0.02033
3356.00000,186.00000,1968.23316,4.60136,16.74357,24.24130,10.18154,0.50000,0.18911,0.08699
3357.00000,300.00000,1959.00602,4.82341,16.55318,27.15471,17.61985,0.50000,0.04987,0.00967
3358.00000,300.00000,1962.24647,3.81133,17.58091,18.17002,12.82699,0.61484,0.06562,0.05220
3359.00000,300.00000,1965.05256,5.56058,15.89661,23.41842,14.76252,0.61511,0.07593,0.04847
3360.00000,58.00000,1964.16378,2.93503,18.31090,24.05336,24.87239,0.50000,0.02088,0.02784
3361.00000,107.00000,1956.75337,4.01075,17.30914,27.59409,19.66532,0.64516,0.07661,0.05511
3362.00000,219.00000,1946.70402,2.91514,18.26615,19.20636,15.45227,0.59016,0.06172,0.01061
3363.00000,177.00000,1937.20007,4.24249,17.09657,28.58941,14.98641,0.50000,0.09013,0.04149
3364.00000,119.00000,1929.93826,3.48498,17.80472,30.92918,16.85944,0.55633,0.08155,0.02575
3365.00000,203.00000,1935.52029,5.00627,16.42131,27.88788,14.68036,0.65877,0.10655,0.02925
3366.00000,181.00000,1927.66115,4.34358,17.02305,17.59824,15.49286,0.56970,0.13502,0.08233
3367.00000,177.00000,1932.81986,3.93794,17.45646,18.48348,17.78979,0.65816,0.15115,0.03504
3368.00000,114.00000,1936.28407,3.69238,17.60831,29.66766,10.13254,0.50000,0.29179,0.02967
3369.00000,220.00000,1941.96495,5.24086,16.12206,24.19909,15.14752,0.50000,0.14948,0.02742
3370.00000,201.00000,1947.05668,4.79347,16.78122,28.94204,20.30694,0.65388,0.05633,0.02857
3371.00000,300.00000,1952.30144,6.25787,15.24849,22.66979,22.43737,0.82686,0.09578,0.01206
3372.00000,107.00000,1944.84736,2.81887,18.38508,25.98174,18.15373,0.50685,0.03805,0.01522
3373.00000,300.00000,1937.44384,5.95777,15.45838,22.94737,16.54100,0.58752,0.11444,0.02815
3374.00000,300.00000,1928.66107,6.91382,14.56748,17.74553,10.59512,0.51463,0.11626,0.04959
3375.00000,116.00000,1931.75175,4.07452,17.50373,25.00000,19.77347,0.71759,0.06259,0.05067
3376.00000,162.00000,1936.44033,4.13503,17.27323,28.35425,11.64575,0.50000,0.11914,0.04845
3377.00000,300.00000,1929.41400,5.45661,15.91223,16.83925,19.92604,0.70809,0.06410,0.05128
3378.00000,156.00000,1934.71676,2.98609,18.29485,17.60501,16.79833,0.63769,0.05285,0.05424
3379.00000,192.00000,1926.84581,3.92247,17.48519,25.77352,22.74390,0.72256,0.08449,0.02787
3380.00000,168.00000,1919.28281,3.63749,17.70603,26.44261,10.53262,0.50000,0.09166,0.07514
3381.00000,118.00000,1911.94095,4.13521,17.13897,34.08451,12.34554,0.50000,0.20657,0.06385
3382.00000,110.00000,1918.56623,5.71175,15.93583,37.88944,14.28430,0.50000,0.18756,0.00592
3383.00000,300.00000,1920.54258,4.45527,16.80331,28.96140,15.63051,0.55545,0.09865,0.01654
3384.00000,300.00000,1925.99915,5.16981,16.25049,23.01822,21.28107,0.81165,0.09369,0.00130
3385.00000,218.00000,1917.47691,4.28667,17.19136,25.21519,20.30603,0.64520,0.12509,0.01713
3386.00000,300.00000,1909.25207,5.68732,15.60807,20.79035,16.27954,0.56232,0.11023,0.02666
3387.00000,148.00000,1915.52703,3.24274,17.98629,27.40887,12.35484,0.50000,0.07258,0.00968
3388.00000,115.00000,1913.23947,3.10632,18.12105,27.81158,12.50842,0.59737,0.13263,0.01789
3389.00000,160.00000,1918.83456,5.24485,16.05584,29.68471,17.29897,0.60309,0.12457,0.02835
3390.00000,129.00000,1924.67214,3.60562,17.52966,24.39126,14.35588,0.53174,0.22477,0.11446
3391.00000,127.00000,1930.18921,2.67345,18.50872,23.86822,15.92248,0.50000,0.08430,0.07752
3392.00000,144.00000,1932.57487,3.63686,17.81020,30.16863,10.92392,0.50000,0.07843,0.02353
3393.00000,113.00000,1936.33153,4.95224,16.43394,38.46443,18.75610,0.50000,0.11382,0.01524
3394.00000,300.00000,1942.15880,5.95501,15.53640,25.95905,11.69464,0.50000,0.07937,0.03893
3395.00000,135.00000,1947.12223,4.92315,16.47882,35.83350,14.50049,0.50000,0.12414,0.02266
3396.00000,256.00000,1948.82873,5.28040,15.92027,22.21528,14.86047,0.67475,0.19867,0.01927
3397.00000,88.00000,1953.11714,4.04384,17.54637,30.50759,17.40809,0.60202,0.13659,0.05565
3398.00000,197.00000,1958.45577,4.71476,16.59522,26.41715,20.59604,0.75185,0.14509,0.05936
3399.00000,300.00000,1949.54310,5.99655,15.49280,22.98388,13.10881,0.50173,0.06218,0.00748
3400.00000,142.00000,1953.18321,4.44298,16.71725,27.38549,14.19039,0.50000,0.11310,0.02639
3401.00000,178.00000,1958.96269,3.75986,17.54241,33.16308,7.28913,0.50000,0.14337,0.03345
3402.00000,118.00000,1964.11092,3.80422,17.67972,33.16265,20.07932,0.52008,0.11145,0.05823
3403.00000,185.00000,1968.89619,3.80973,17.48846,29.36993,12.42608,0.50000,0.06800,0.02932
3404.00000,189.00000,1971.73854,4.19650,17.07312,30.13481,18.38081,0.58264,0.08454,0.01828
3405.00000,190.00000,1972.56193,4.55361,16.93093,23.35979,19.38454,0.62268,0.07835,0.01237
3406.00000,195.00000,1963.59408,4.83786,16.66645,32.18200,14.13766,0.50000,0.12376,0.05758
3407.00000,113.00000,1953.84475,3.87947,17.50955,29.29714,13.58831,0.52088,0.15036,0.01790
3408.00000,124.00000,1956.46675,4.04322,17.25427,32.28141,14.21407,0.50000,0.08744,0.02915
3409.00000,172.00000,1962.45188,5.16774,16.45899,35.59816,21.59539,0.59908,0.07281,0.00553
3410.00000,176.00000,1967.01523,3.92698,17.49841,29.45317,16.13095,0.60476,0.21190,0.05873
3411.00000,300.00000,1971.08758,4.44772,16.94102,22.22051,19.02279,0.62198,0.06702,0.02882
3412.00000,119.00000,1975.19438,4.75306,16.79736,35.02074,16.50707,0.53393,0.17531,0.05749
3413.00000,202.00000,1979.24798,3.99229,17.41943,35.80802,19.84426,0.54202,0.03778,0.04241
3414.00000,177.00000,1982.55895,4.46482,16.97767,35.60284,15.10961,0.50000,0.10758,0.01624
3415.00000,112.00000,1974.05349,4.18936,17.13830,33.61596,17.32340,0.50000,0.14149,0.08085
3416.00000,114.00000,1977.95040,3.74459,17.50433,30.52814,16.20130,0.50000,0.09740,0.05195
3417.00000,211.00000,1979.13520,4.68974,16.75179,21.13842,20.26492,0.82936,0.13604,0.02625
3418.00000,179.00000,1984.34378,4.73949,16.48640,25.78401,11.04946,0.50000,0.11624,0.01154
3419.00000,194.00000,1975.09223,3.65954,17.66553,27.15398,15.21557,0.53122,0.07442,0.05731
3420.00000,138.00000,1980.09548,3.95642,17.37385,22.97133,18.40252,0.58888,0.12500,0.04358
3421.00000,158.00000,1972.45088,4.47794,16.68566,23.41452,14.83732,0.79044,0.21507,0.04320
3422.00000,148.00000,1977.41146,4.14659,17.11331,29.88273,14.78764,0.50000,0.10935,0.07211
3423.00000,153.00000,1982.73906,3.70198,17.57628,26.85375,15.26957,0.50000,0.10119,0.03794
3424.00000,138.00000,1986.14615,5.26773,16.03796,31.96204,18.98601,0.50000,0.10989,0.02897
3425.00000,113.00000,1987.23373,4.20664,16.97436,21.15535,19.16139,0.76320,0.07240,0.00000
3426.00000,168.00000,1991.42399,4.03627,17.20839,28.14438,13.19203,0.50000,0.08962,0.03912
3427.00000,125.00000,1982.57013,4.40909,17.08442,34.71299,19.14156,0.69805,0.05325,0.01558
3428.00000,109.00000,1985.39505,3.93521,17.58592,29.01408,19.10423,0.71197,0.02817,0.02535
3429.00000,160.00000,1976.98530,5.24076,16.34910,32.81427,15.49957,0.60318,0.18573,0.01978
3430.00000,300.00000,1969.54316,7.21176,14.32664,18.71211,18.23391,0.57509,0.03875,0.04706
3431.00000,202.00000,1975.12729,4.44277,16.91971,22.59539,16.46343,0.53577,0.06200,0.00318
3432.00000,300.00000,1979.14747,4.79287,16.65021,17.43964,16.28326,0.64095,0.06996,0.03978
3433.00000,146.00000,1985.07178,4.90233,16.62047,32.45581,19.25860,0.65628,0.07256,0.00558
3434.00000,235.00000,1982.00838,4.28687,17.14885,23.03654,12.01894,0.50000,0.11367,0.05142
3435.00000,154.00000,1974.70531,4.82313,16.64917,22.53256,17.81050,0.74295,0.17104,0.01263
3436.00000,110.00000,1977.80731,3.28700,17.85457,27.03861,18.21364,0.53218,0.07722,0.03990
3437.00000,127.00000,1982.38096,4.61073,17.02981,38.25639,15.51363,0.50000,0.11329,0.00000
3438.00000,300.00000,1974.66467,4.65613,16.75951,25.59025,15.80289,0.56454,0.06963,0.03428
3439.00000,185.00000,1976.90742,4.81124,16.67869,27.77094,21.71050,0.68717,0.09120,0.03393
3440.00000,173.00000,1981.99367,3.93046,17.45687,24.95070,15.51056,0.50000,0.15845,0.16461
3441.00000,190.00000,1974.42691,5.12847,16.17882,25.89931,14.46181,0.67405,0.19792,0.01042
3442.00000,137.00000,1975.31520,5.17400,16.60587,31.51468,23.06918,0.67296,0.05975,0.01887
3443.00000,300.00000,1979.62778,5.39835,16.09377,22.35484,14.77569,0.61478,0.15079,0.04276
3444.00000,112.00000,1970.59099,3.67675,17.57143,33.22211,12.13764,0.50000,0.05735,0.02086
3445.00000,174.00000,1962.48568,4.44379,16.94135,29.02444,13.85826,0.50049,0.19746,0.06354
3446.00000,120.00000,1964.73802,4.44702,16.89647,24.28867,20.22899,0.55786,0.11693,0.01949
3447.00000,116.00000,1957.12732,4.21429,17.21194,28.12295,16.43326,0.57084,0.10773,0.11827
3448.00000,116.00000,1948.09455,4.10695,17.22032,30.94439,15.31872,0.50000,0.08342,0.06096
3449.00000,140.00000,1950.57260,3.67135,17.55088,23.99649,18.08304,0.74327,0.06082,0.05497
3450.00000,144.00000,1951.13031,5.53231,15.91077,30.16538,8.55615,0.50000,0.27462,0.01154
3451.00000,300.00000,1942.75948,7.21529,14.40000,22.34331,17.54268,0.66401,0.19490,0.01210
3452.00000,175.00000,1946.80966,4.40678,17.00000,23.73272,19.95958,0.59974,0.13690,0.06389
3453.00000,192.00000,1946.43783,4.31943,16.90575,22.69141,11.20851,0.51460,0.11510,0.01001
3454.00000,131.00000,1938.93358,4.79205,17.00497,33.96769,16.38525,0.50000,0.12428,0.06297
3455.00000,114.00000,1945.39732,4.56818,16.62603,26.54545,13.03306,0.50000,0.28926,0.10537
3456.00000,300.00000,1946.62225,5.70401,15.71300,25.36429,10.11264,0.50000,0.11923,0.06291
3457.00000,111.00000,1950.65013,4.86280,16.56707,21.45274,19.56707,0.69741,0.25305,0.00457
3458.00000,125.00000,1948.78175,4.70048,16.86029,30.91196,15.17129,0.50000,0.16364,0.02201
3459.00000,146.00000,1940.69738,4.08947,17.28316,23.23263,11.76421,0.50000,0.13158,0.04316
3460.00000,152.00000,1941.91178,4.23712,17.03541,24.44099,13.28433,0.61695,0.11159,0.09871
3461.00000,300.00000,1945.97868,8.37079,13.11322,18.11841,15.59291,0.51901,0.13137,0.03371
3462.00000,268.00000,1936.21189,5.53207,15.91903,30.17192,12.50421,0.50000,0.14301,0.05047
3463.00000,159.00000,1934.13003,5.40885,16.21968,34.54462,21.33105,0.50000,0.13806,0.06865
3464.00000,149.00000,1938.16154,3.72287,17.61290,32.90909,13.14589,0.50000,0.11510,0.01906
3465.00000,138.00000,1942.73614,5.07629,16.30518,29.69664,12.51771,0.61535,0.19074,0.03451
3466.00000,142.00000,1947.79169,4.06881,17.36239,22.97859,21.39755,0.79817,0.12232,0.01070
3467.00000,300.00000,1951.22175,5.11644,16.33790,24.39326,14.44806,0.58248,0.10331,0.02911
3468.00000,144.00000,1940.80033,4.12612,17.26386,33.83363,17.26208,0.50000,0.12970,0.04383
3469.00000,155.00000,1946.69316,3.34912,17.88363,26.11226,15.77858,0.63903,0.07930,0.03090
3470.00000,121.00000,1951.42917,3.84631,17.40291,27.56386,14.40914,0.50000,0.19418,0.06957
3471.00000,92.00000,1943.21055,3.36084,18.00768,18.11900,19.35509,0.69386,0.01152,0.01152
3472.00000,107.00000,1944.21523,3.93290,17.34416,29.94048,18.12229,0.50000,0.27056,0.10281
3473.00000,180.00000,1938.00240,4.07655,17.36143,29.67829,17.83043,0.66182,0.10465,0.03391
3474.00000,197.00000,1938.77069,5.03071,16.45618,24.38577,13.62846,0.74607,0.12884,0.06891
3475.00000,102.00000,1929.19774,2.52184,18.65291,19.68932,9.48786,0.50000,0.10558,0.04126
3476.00000,155.00000,1935.03349,3.75100,17.51265,18.52996,17.65379,0.80293,0.08123,0.02397
3477.00000,130.00000,1936.82011,4.52875,16.89137,38.68770,9.97684,0.50000,0.28674,0.03275
3478.00000,211.00000,1943.15409,5.95405,15.58801,31.63785,20.17913,0.59502,0.08489,0.00000
3479.00000,198.00000,1946.58986,4.83576,16.59875,22.63617,21.43555,0.58108,0.09875,0.05301
3480.00000,80.00000,1937.88423,3.62542,17.61525,21.36102,14.55763,0.50000,0.35254,0.16271
3481.00000,150.00000,1930.83307,4.63704,16.77222,29.85463,14.13148,0.61898,0.20093,0.05648
3482.00000,84.00000,1933.43913,3.07563,18.13725,27.07843,18.85154,0.50000,0.13725,0.04762
3483.00000,184.00000,1939.56775,4.97836,16.25348,24.77512,16.15224,0.52125,0.04019,0.02782
3484.00000,300.00000,1940.22095,6.40768,14.86533,20.16575,13.96344,0.52559,0.06642,0.01889
3485.00000,113.00000,1932.19461,4.34211,16.84539,24.39638,22.86184,0.64556,0.13158,0.12664
3486.00000,158.00000,1937.09566,3.50585,17.87978,26.61983,16.69633,0.50000,0.13817,0.12412
3487.00000,214.00000,1928.55765,3.26167,17.99667,22.53583,22.65000,0.51083,0.05667,0.05750
3488.00000,146.00000,1929.15488,6.16043,15.48795,33.13300,16.44389,0.50000,0.21280,0.00000
3489.00000,300.00000,1919.08989,7.69591,13.74424,16.03941,14.60372,0.55390,0.14424,0.05130
3490.00000,202.00000,1925.35879,4.64822,16.85178,26.90020,18.90810,0.72184,0.11265,0.02372
3491.00000,177.00000,1923.67631,4.45680,16.90439,35.88385,12.59419,0.50000,0.13527,0.02620
3492.00000,300.00000,1914.06733,5.36785,16.18245,18.07890,22.05030,0.78501,0.11045,0.00986
3493.00000,220.00000,1919.25366,6.11118,15.38518,29.63799,19.69424,0.59166,0.18332,0.10258
3494.00000,145.00000,1912.65249,4.26290,17.05990,31.94093,12.04326,0.50000,0.10399,0.06822
3495.00000,300.00000,1915.01734,5.85013,15.60336,20.81977,17.08721,0.74419,0.17894,0.02455
3496.00000,300.00000,1919.77523,5.13876,16.42105,19.31499,17.74402,0.60686,0.11722,0.03589
3497.00000,145.00000,1912.73947,4.14766,17.28047,34.40469,13.28906,0.50000,0.25781,0.05000
3498.00000,300.00000,1911.97803,4.94045,16.54094,21.09016,17.92473,0.72705,0.05955,0.02068
3499.00000,300.00000,1914.41703,6.78116,14.61094,15.55167,16.95669,0.83739,0.07903,0.00152
3500.00000,146.00000,1908.03270,3.89573,17.29226,30.53949,11.79700,0.50000,0.10032,0.05371
3501.00000,300.00000,1900.77280,4.37208,17.01883,19.59675,15.71104,0.50974,0.06688,0.06299
3502.00000,182.00000,1903.31283,5.06533,16.32360,24.34281,13.32052,0.55957,0.27287,0.14450
3503.00000,112.00000,1902.14586,4.14779,17.07869,21.52015,21.96929,0.72073,0.04798,0.01536
3504.00000,163.00000,1907.47802,5.59809,15.79253,33.75347,21.19618,0.51780,0.12500,0.01997
3505.00000,121.00000,1901.23248,4.07001,17.23511,25.74399,11.76071,0.50000,0.11599,0.08046
3506.00000,91.00000,1905.31415,5.50822,15.71898,26.04185,21.65919,0.54185,0.07025,0.01196
3507.00000,120.00000,1910.90425,3.63686,17.65854,23.65989,17.40108,0.72222,0.04201,0.06911
3508.00000,162.00000,1905.09953,3.91539,17.39404,27.97985,8.87832,0.50000,0.20226,0.13054
3509.00000,300.00000,1898.85561,5.41162,16.01738,19.62193,17.22948,0.52397,0.07310,0.05273
3510.00000,190.00000,1903.52049,3.28289,18.00132,23.28158,18.34474,0.58750,0.04605,0.00789
3511.00000,167.00000,1900.56631,4.70133,16.73451,25.19469,16.88606,0.67976,0.05199,0.02987
3512.00000,225.00000,1894.52460,4.76437,16.63957,26.78243,15.45731,0.60714,0.13711,0.06486
3513.00000,128.00000,1889.51324,4.11332,17.21869,30.62127,11.89960,0.50000,0.27038,0.19682
3514.00000,248.00000,1881.20731,4.85747,16.58609,28.31585,14.12258,0.50627,0.12144,0.06385
3515.00000,158.00000,1882.06096,4.60263,16.76297,30.80403,9.80170,0.65492,0.14407,0.06042
3516.00000,133.00000,1874.62168,4.00167,17.35696,33.37531,14.85238,0.50000,0.20434,0.00834
3517.00000,110.00000,1881.71239,3.93668,17.40503,28.55377,13.39598,0.50000,0.19095,0.02814
3518.00000,143.00000,1886.20649,4.62418,16.83130,29.25867,12.84442,0.56139,0.17245,0.02999
3519.00000,109.00000,1891.42403,3.21680,17.99274,29.24378,15.43672,0.50000,0.11515,0.03008
3520.00000,91.00000,1897.30580,4.86831,16.68313,31.22222,22.53086,0.63923,0.09328,0.03429
3521.00000,214.00000,1900.76047,4.91488,16.52810,22.36446,23.96364,0.80537,0.20331,0.00248
3522.00000,149.00000,1892.10110,4.68796,16.92315,33.18519,15.72407,0.50000,0.13241,0.06481
3523.00000,92.00000,1886.43031,4.43517,17.11326,34.76453,21.72131,0.51490,0.02086,0.00894
3524.00000,300.00000,1892.42700,7.04296,14.46449,24.04009,14.25258,0.50000,0.03207,0.02635
3525.00000,137.00000,1886.04627,5.61260,15.85496,31.58779,21.88836,0.71374,0.20229,0.03912
3526.00000,149.00000,1886.80837,5.27209,16.22558,29.26744,20.99070,0.73953,0.15116,0.04302
3527.00000,178.00000,1893.60495,3.49739,17.76848,28.31665,12.75878,0.50000,0.12920,0.01643
3528.00000,182.00000,1884.45530,4.72170,16.67296,31.72799,16.15645,0.50000,0.08884,0.01258
3529.00000,73.00000,1890.67406,4.01322,17.19824,26.27753,21.27313,0.62335,0.03304,0.03744
3530.00000,300.00000,1894.85370,6.28787,15.05346,18.25908,16.17615,0.53153,0.04249,0.01508
3531.00000,88.00000,1886.47530,3.86739,17.62246,35.44249,14.87957,0.50000,0.15697,0.06766
3532.00000,122.00000,1893.78682,4.34232,17.01867,33.00000,14.51245,0.50000,0.11515,0.04564
3533.00000,242.00000,1901.16479,4.21328,17.11268,22.95775,20.52213,0.76107,0.04326,0.03421
3534.00000,280.00000,1904.29711,7.10651,14.43640,21.19051,13.38588,0.72276,0.16251,0.04200
3535.00000,63.00000,1897.73515,2.39402,18.89946,25.66304,14.04076,0.53397,0.04348,0.05707
3536.00000,124.00000,1902.22493,4.13810,17.31270,25.73175,21.68095,0.65476,0.06508,0.00000
3537.00000,269.00000,1897.12261,5.21687,16.06867,28.12892,14.48373,0.50633,0.14277,0.00843
3538.00000,300.00000,1891.32190,5.77347,15.60085,22.77226,13.53907,0.50000,0.04967,0.01575
3539.00000,135.00000,1893.88654,5.43933,15.89101,27.20562,19.60225,0.67022,0.21011,0.08315
3540.00000,119.00000,1900.92237,4.37753,16.99369,33.93434,21.44318,0.52715,0.07702,0.02146
3541.00000,300.00000,1905.36756,4.64993,16.70840,19.61619,16.12294,0.72939,0.04723,0.03448
3542.00000,131.00000,1899.97145,4.36327,17.37959,27.72109,18.41905,0.62313,0.11156,0.06939
3543.00000,160.00000,1891.67617,5.04162,16.48412,25.76123,21.03395,0.75904,0.20701,0.03286
3544.00000,158.00000,1884.21194,5.63428,15.92484,32.61870,14.61870,0.50000,0.11457,0.01742
3545.00000,300.00000,1890.46664,6.14063,15.33333,24.07062,16.23938,0.55685,0.06344,0.01376
3546.00000,300.00000,1896.00659,6.31547,15.24443,20.10837,12.37568,0.51355,0.13245,0.03733
3547.00000,178.00000,1903.06741,3.86897,17.47433,29.85057,16.61762,0.50000,0.13103,0.08812
3548.00000,157.00000,1908.71341,3.52004,17.80461,17.88778,17.64329,0.53407,0.12926,0.07214
3549.00000,119.00000,1915.65218,4.02857,17.27253,27.04835,12.18462,0.54231,0.19451,0.03736
3550.00000,138.00000,1921.68819,4.64931,16.89893,26.35528,25.56355,0.83920,0.04747,0.01991
3551.00000,300.00000,1925.70593,6.09235,15.35857,22.27205,14.76872,0.57072,0.10649,0.03411
3552.00000,130.00000,1917.40980,3.09434,18.15903,21.54178,18.68194,0.70485,0.03908,0.01752
3553.00000,202.00000,1915.44113,4.64482,16.79628,26.73074,22.89725,0.58769,0.08946,0.02569
3554.00000,171.00000,1909.90959,4.32449,16.89505,19.90591,22.45718,0.57600,0.14475,0.15682
3555.00000,161.00000,1915.71788,3.21882,18.00106,23.56554,15.57611,0.50740,0.12368,0.07928
3556.00000,136.00000,1908.18432,4.85622,16.49629,33.25046,20.76994,0.50000,0.17161,0.05751
3557.00000,196.00000,1912.71254,3.94625,17.34476,26.22706,16.80723,0.54124,0.08712,0.03707
3558.00000,300.00000,1913.66275,5.63735,15.82663,18.76549,20.78643,0.75921,0.10972,0.01340
3559.00000,120.00000,1903.22291,3.98331,17.64534,25.63004,16.67038,0.63213,0.04729,0.02782
3560.00000,226.00000,1901.98040,4.57714,16.72212,21.81413,16.62546,0.74442,0.19610,0.02138
3561.00000,110.00000,1895.75091,3.91798,17.35169,32.39438,16.01348,0.50000,0.19101,0.09213
3562.00000,144.00000,1885.53912,4.22667,17.11795,24.41641,13.91590,0.53077,0.22872,0.07795
3563.00000,300.00000,1886.25895,4.74076,16.65495,25.89511,17.85757,0.59058,0.10489,0.05125
3564.00000,189.00000,1892.92163,4.93474,16.56046,26.09309,19.81478,0.82390,0.08637,0.01152
3565.00000,168.00000,1884.64776,5.30160,16.06112,23.83467,18.90782,0.69289,0.10621,0.02806
3566.00000,181.00000,1878.07587,4.05882,17.35373,26.02275,14.73333,0.60510,0.08863,0.00706
3567.00000,300.00000,1884.95339,5.69334,15.73929,27.53640,14.27878,0.50000,0.11513,0.03614
3568.00000,89.00000,1890.71088,4.12891,17.03379,32.49061,13.04005,0.50000,0.15394,0.08385
3569.00000,170.00000,1894.87305,3.93661,17.56214,28.02335,20.46289,0.53128,0.15096,0.12010
3570.00000,179.00000,1901.56268,4.22031,17.26811,29.05302,15.77969,0.50000,0.18148,0.10232
3571.00000,118.00000,1907.09401,4.40746,17.02397,24.79228,23.29960,0.72570,0.07989,0.01465
3572.00000,127.00000,1911.00466,3.56818,17.84659,30.84186,10.47822,0.50000,0.12405,0.05019
3573.00000,164.00000,1902.35019,4.05457,17.12806,15.98998,17.06682,0.87194,0.09243,0.02339
3574.00000,300.00000,1906.07157,7.19509,14.34813,33.40718,15.93434,0.50000,0.14596,0.02456
3575.00000,300.00000,1899.22318,6.07558,15.33015,19.47414,16.05887,0.56563,0.21480,0.08035
3576.00000,85.00000,1904.72466,6.04318,15.56680,31.76518,16.88529,0.81916,0.31714,0.00270
3577.00000,300.00000,1901.81010,6.02245,15.43996,25.29237,13.71773,0.50000,0.14927,0.03872
3578.00000,174.00000,1907.93694,4.98603,16.36965,26.11173,14.78119,0.56099,0.17877,0.09683
3579.00000,103.00000,1910.97384,4.25000,17.10268,27.96205,16.74219,0.50000,0.26562,0.06696
3580.00000,239.00000,1904.15862,4.44109,16.97926,18.80773,13.88407,0.69463,0.15740,0.08011
3581.00000,87.00000,1909.02376,4.20944,17.15133,37.33293,14.65012,0.50000,0.22518,0.01211
3582.00000,209.00000,1914.88734,4.07617,17.32644,22.82046,21.89119,0.69097,0.06094,0.00762
3583.00000,51.00000,1920.00511,2.76683,18.41587,24.94231,11.53846,0.50000,0.12740,0.02644
3584.00000,165.00000,1912.43141,4.56372,16.78850,22.80177,13.08053,0.58097,0.09027,0.04425
3585.00000,137.00000,1919.15511,4.38862,17.13935,32.11089,19.82041,0.64966,0.11286,0.07066
3586.00000,300.00000,1924.93248,5.38391,15.89195,22.22759,19.63218,0.63027,0.11724,0.04444
3587.00000,137.00000,1928.53468,6.75022,14.68867,32.24353,15.95897,0.50000,0.13916,0.05174
3588.00000,104.00000,1925.07942,3.89392,17.57001,27.85290,15.23904,0.52829,0.03112,0.03960
3589.00000,150.00000,1928.73593,4.01144,17.28785,25.57746,15.28257,0.50000,0.13116,0.03873
3590.00000,221.00000,1921.08302,4.47026,16.91077,27.90514,23.29984,0.82195,0.07958,0.05386
3591.00000,300.00000,1928.67284,6.28235,15.11918,23.54238,16.37094,0.57839,0.13894,0.03952
3592.00000,300.00000,1921.26890,6.73175,14.64659,23.48479,14.13625,0.57999,0.21290,0.07603
3593.00000,300.00000,1917.47985,4.84920,16.42157,23.71602,14.57843,0.50000,0.09741,0.02917
3594.00000,168.00000,1923.02738,5.30570,15.98783,28.98479,18.99848,0.50570,0.11863,0.01521
3595.00000,178.00000,1925.82543,4.72874,16.80567,25.74413,16.87854,0.56154,0.06559,0.01377
3596.00000,193.00000,1930.28479,4.77365,16.65203,30.54865,15.39189,0.55743,0.17905,0.03649
3597.00000,176.00000,1936.91555,3.74490,17.50204,22.52959,14.60510,0.50000,0.17449,0.06327
3598.00000,164.00000,1940.92421,3.37109,17.83594,23.84863,15.88770,0.61182,0.11816,0.01953
3599.00000,134.00000,1944.26300,4.35598,17.05331,34.02666,13.69132,0.50000,0.09716,0.01634
3600.00000,133.00000,1949.57357,4.61797,16.85390,30.83613,18.27048,0.55331,0.25962,0.15104
3601.00000,107.00000,1954.52700,5.87991,15.72926,34.21288,19.39410,0.57260,0.38537,0.07205
3602.00000,159.00000,1958.46302,3.88889,17.51810,24.88764,24.32335,0.79963,0.01873,0.01623
3603.00000,141.00000,1960.58853,3.95973,17.32215,27.73442,14.94823,0.69990,0.17929,0.03452
3604.00000,247.00000,1952.06934,5.83293,15.66828,29.50363,11.76029,0.53632,0.15436,0.02845
3605.00000,111.00000,1955.24107,3.91817,17.39251,30.44105,15.78086,0.50000,0.07490,0.07490
3606.00000,209.00000,1960.15602,4.72772,16.67758,26.37883,9.52437,0.50000,0.12047,0.04387
3607.00000,200.00000,1964.27176,4.82277,16.64298,26.18065,20.13699,0.55908,0.10274,0.03767
3608.00000,197.00000,1969.03356,4.88363,16.47592,27.03130,15.50803,0.55297,0.15730,0.02889
3609.00000,300.00000,1960.66570,5.33436,16.10221,29.79969,12.33898,0.50000,0.09348,0.02003
3610.00000,115.00000,1953.48673,4.14811,16.99666,26.84744,12.60579,0.50000,0.21158,0.13920
3611.00000,216.00000,1952.87073,3.94433,17.37578,26.20668,14.47321,0.50000,0.06333,0.07237
3612.00000,300.00000,1953.44712,4.63454,16.77469,21.77055,13.71496,0.54731,0.10112,0.02188
3613.00000,143.00000,1957.15691,4.84686,16.51014,32.36004,18.40771,0.59026,0.20183,0.10142
3614.00000,300.00000,1952.57878,5.15728,16.15728,19.19327,13.74231,0.58677,0.08416,0.03947
3615.00000,121.00000,1958.69232,3.81723,17.45170,30.62500,19.96496,0.50000,0.07860,0.04640
3616.00000,138.00000,1963.13512,4.00571,17.37100,22.65411,16.94292,0.81621,0.05594,0.00114
3617.00000,300.00000,1967.23003,4.27584,16.98953,25.05237,16.40363,0.60929,0.10056,0.04399
3618.00000,146.00000,1959.90749,4.33846,17.02604,21.03669,16.76686,0.70651,0.13018,0.00118
3619.00000,133.00000,1952.66060,3.58346,17.57878,17.95944,16.92512,0.65055,0.12637,0.09984
3620.00000,148.00000,1957.52595,4.40040,17.12942,28.75531,18.21638,0.71335,0.13448,0.00000
3621.00000,136.00000,1950.01494,4.14409,17.34254,37.55565,18.70664,0.50000,0.07506,0.03020
3622.00000,300.00000,1941.82963,5.96659,15.58981,27.50274,18.34447,0.56599,0.10953,0.01533
3623.00000,300.00000,1948.58310,8.18379,13.23386,20.84124,15.66271,0.60738,0.06588,0.01318
3624.00000,300.00000,1952.79973,4.82664,16.63425,18.01762,12.73643,0.57470,0.11628,0.00423
3625.00000,220.00000,1956.60697,5.15365,16.21888,23.44979,17.98541,0.56052,0.23433,0.09442
3626.00000,300.00000,1955.44195,4.55011,16.81714,19.38179,12.04132,0.62471,0.11783,0.03290
3627.00000,300.00000,1947.37386,5.71790,15.73230,24.71675,16.98676,0.50691,0.10190,0.02706
3628.00000,100.00000,1945.21252,4.41115,17.05152,41.48580,15.39537,0.50000,0.13249,0.03575
3629.00000,161.00000,1950.21690,3.74432,17.47435,28.71909,14.51556,0.50000,0.12868,0.08579
3630.00000,72.00000,1955.73500,4.66295,16.76116,29.67857,24.22098,0.52790,0.00000,0.00000
3631.00000,265.00000,1960.69775,3.71511,17.55479,18.66782,24.05652,0.63668,0.06113,0.02076
3632.00000,123.00000,1952.00941,3.98862,17.25939,22.79977,16.34130,0.72298,0.07509,0.02730
3633.00000,300.00000,1944.73972,5.68484,15.69455,18.69903,14.53398,0.52539,0.05004,0.02614
3634.00000,261.00000,1951.68457,3.85929,17.66058,24.47798,14.59613,0.55800,0.14715,0.08271
3635.00000,300.00000,1957.03585,5.49543,15.90791,22.34399,16.25419,0.65107,0.07534,0.02968
3636.00000,199.00000,1950.74539,3.93238,17.32954,26.97651,14.50961,0.50000,0.09680,0.08327
3637.00000,144.00000,1943.91061,4.00715,17.34261,28.67806,11.31320,0.50000,0.24722,0.05962
3638.00000,196.00000,1947.43267,4.69775,16.68553,31.86624,17.31254,0.55177,0.08810,0.02637
3639.00000,81.00000,1953.60379,3.82596,17.53687,32.71091,15.48673,0.50000,0.20059,0.05310
3640.00000,154.00000,1957.90450,4.07085,17.24649,30.78893,15.17491,0.50000,0.20000,0.07823
3641.00000,213.00000,1961.11793,3.07211,18.14683,19.79583,19.05647,0.75152,0.09644,0.05560
3642.00000,178.00000,1963.41315,4.39709,16.93971,24.61435,17.75988,0.55665,0.14761,0.01247
3643.00000,300.00000,1954.67572,5.77122,15.55376,17.24010,19.92239,0.88359,0.03557,0.01536
3644.00000,87.00000,1944.85131,3.26542,17.95514,24.86729,19.18692,0.73738,0.00374,0.00000
3645.00000,163.00000,1939.07073,4.64172,16.91684,33.44421,8.85308,0.50000,0.11850,0.04920
3646.00000,157.00000,1931.02303,5.20633,16.27247,36.27175,15.52624,0.50000,0.17182,0.00431
3647.00000,104.00000,1935.33353,3.41954,17.77586,28.81034,21.20546,0.62716,0.03305,0.00000
3648.00000,176.00000,1942.28648,4.77277,16.60775,24.33724,20.36700,0.59558,0.15960,0.00721
3649.00000,172.00000,1933.17563,5.29227,16.21853,28.68255,18.80755,0.50000,0.09083,0.01619
3650.00000,190.00000,1938.47833,4.20362,17.15458,18.43177,23.76546,0.75959,0.07569,0.03518
3651.00000,99.00000,1943.70621,3.55850,17.76741,23.17827,18.15877,0.50000,0.13092,0.17270
3652.00000,155.00000,1933.89797,5.38480,15.97958,33.34804,18.02859,0.50000,0.14461,0.03922
3653.00000,104.00000,1939.31120,4.43828,16.96036,34.78369,17.80974,0.50000,0.24915,0.05663
3654.00000,300.00000,1941.31298,5.20717,16.20367,17.11101,13.99913,0.63942,0.08566,0.02185
3655.00000,125.00000,1947.02314,4.71884,16.85507,33.76522,13.30725,0.58261,0.10918,0.02319
3656.00000,127.00000,1938.70914,2.61366,18.47114,19.61013,11.56302,0.61543,0.11896,0.05065
3657.00000,154.00000,1943.74737,4.38776,17.11923,32.21053,24.07411,0.61976,0.03759,0.00430
3658.00000,213.00000,1949.09797,4.99688,16.41519,24.90843,19.34443,0.60146,0.09886,0.03538
3659.00000,102.00000,1941.51150,3.69532,17.46456,25.13876,14.96531,0.55732,0.06184,0.02866
3660.00000,69.00000,1933.20417,3.33621,18.00287,19.21839,14.61207,0.54310,0.07759,0.07184
3661.00000,132.00000,1925.22773,3.37565,17.92612,25.17898,14.72633,0.50937,0.14152,0.10718
3662.00000,300.00000,1918.22837,5.82946,15.74673,24.53120,15.78665,0.63135,0.16401,0.02467
3663.00000,99.00000,1921.96831,3.67473,17.80108,27.11425,14.61290,0.61626,0.17742,0.09409
3664.00000,300.00000,1912.76696,4.50709,16.79138,20.66369,12.40042,0.52207,0.03731,0.00788
3665.00000,251.00000,1919.91088,5.17116,16.20046,28.65073,18.00231,0.60293,0.16731,0.02621
3666.00000,155.00000,1925.35105,6.00891,15.38138,31.75628,15.89636,0.50243,0.19919,0.01943
3667.00000,173.00000,1929.21608,3.81940,17.49097,31.46421,13.21137,0.50000,0.11839,0.09097
3668.00000,300.00000,1933.32353,5.48487,15.87403,16.09993,11.63125,0.56721,0.04715,0.02322
3669.00000,136.00000,1935.83958,4.59414,16.73506,21.62345,16.08794,0.60767,0.07554,0.01127
3670.00000,300.00000,1942.12768,4.58552,16.99384,20.80586,15.94299,0.70609,0.08089,0.04160
3671.00000,109.00000,1933.12855,3.82992,17.38110,16.69291,15.80945,0.54409,0.20787,0.02520
3672.00000,211.00000,1925.24573,3.88954,17.31959,21.78056,13.81370,0.57916,0.12813,0.01546
3673.00000,300.00000,1930.14846,4.32784,17.13402,17.84948,15.47491,0.68213,0.06667,0.03093
3674.00000,144.00000,1935.64196,2.89829,18.32795,23.48764,13.03042,0.60789,0.14829,0.06464
3675.00000,300.00000,1941.30763,4.41212,16.88881,18.96538,17.13515,0.68076,0.07656,0.00599
3676.00000,219.00000,1947.30346,5.07735,16.39574,33.90359,16.36883,0.50000,0.11771,0.03756
3677.00000,154.00000,1940.23612,3.68112,17.62963,23.71183,20.03975,0.50271,0.08491,0.06052
3678.00000,77.00000,1945.49115,4.61733,16.59333,38.26400,17.11733,0.50000,0.13200,0.00000
3679.00000,121.00000,1947.16861,3.62914,17.72583,25.96556,13.65430,0.64172,0.23046,0.10331
3680.00000,99.00000,1953.12768,3.84083,17.54313,32.71567,18.70960,0.50000,0.07655,0.04739
3681.00000,144.00000,1944.22771,2.99656,18.25945,23.72680,11.66151,0.50000,0.14691,0.12113
3682.00000,90.00000,1951.11311,4.22420,16.93713,30.78648,13.16133,0.50000,0.17319,0.01068
3683.00000,300.00000,1954.86517,5.57066,15.94627,25.20527,13.60183,0.50000,0.06179,0.03600
3684.00000,149.00000,1956.54554,4.24971,17.16569,25.67211,16.26371,0.51050,0.28471,0.16336
3685.00000,144.00000,1962.58789,3.52796,17.82844,33.41043,13.49100,0.50616,0.07393,0.01991
3686.00000,158.00000,1953.48307,4.95356,16.42787,28.97826,20.27767,0.53706,0.12648,0.04743
3687.00000,201.00000,1945.57035,3.66000,17.60667,21.29667,17.75778,0.60111,0.08333,0.06778
3688.00000,144.00000,1937.85106,4.44712,16.88942,29.23173,13.24231,0.69952,0.24712,0.05000
3689.00000,202.00000,1929.28360,4.43256,16.91163,30.68465,22.19163,0.72419,0.06698,0.00000
3690.00000,204.00000,1930.49375,3.05832,18.33359,23.74495,15.50000,0.57037,0.04666,0.04899
3691.00000,300.00000,1922.66220,5.26975,16.08992,18.02605,17.86555,0.71134,0.07731,0.00840
3692.00000,300.00000,1928.10416,5.56499,15.77611,16.78512,14.58152,0.56912,0.06386,0.01503
3693.00000,180.00000,1927.40081,4.38538,16.98477,25.35872,18.78675,0.61424,0.08530,0.02742
3694.00000,122.00000,1926.06515,3.59832,17.77818,28.15707,22.81055,0.66367,0.05875,0.00600
3695.00000,121.00000,1932.26177,4.06328,17.25763,28.50282,16.15028,0.50000,0.29492,0.12881
3696.00000,300.00000,1925.38295,5.11121,16.28401,14.61397,16.95221,0.92785,0.12960,0.06066
3697.00000,176.00000,1928.02342,6.04219,15.40717,24.62447,16.33544,0.60285,0.20148,0.01793
3698.00000,119.00000,1921.61800,4.20261,17.14099,34.74790,17.40616,0.50000,0.25023,0.06256
3699.00000,149.00000,1926.65602,3.88974,17.60307,29.13423,16.99521,0.50000,0.12464,0.08821
3700.00000,141.00000,1928.23508,4.58431,16.88458,29.94680,13.53922,0.50000,0.14247,0.06222
3701.00000,155.00000,1931.65905,3.51616,17.75531,25.36657,15.47091,0.57064,0.13389,0.07202
3702.00000,138.00000,1937.98540,4.23398,16.94914,25.99797,15.52492,0.50000,0.12614,0.07223
3703.00000,101.00000,1942.82849,2.81717,18.55803,24.78537,12.81399,0.50000,0.20668,0.23688
3704.00000,300.00000,1947.33578,5.29880,16.09161,23.30051,17.81935,0.71147,0.07363,0.01969
3705.00000,114.00000,1953.35697,4.42188,16.80990,23.89323,15.99089,0.63151,0.26693,0.02604
3706.00000,213.00000,1943.26404,5.19397,16.29379,25.10829,19.11959,0.67750,0.05744,0.00471
3707.00000,97.00000,1949.43061,4.37012,16.96656,34.84950,14.11148,0.52731,0.32107,0.09476
3708.00000,171.00000,1941.11045,4.09488,17.46782,32.18152,23.14769,0.50619,0.09241,0.01568
3709.00000,131.00000,1945.37780,3.02928,18.10632,21.02619,15.82126,0.81125,0.05239,0.02465
3710.00000,300.00000,1951.03685,5.58639,15.91667,18.52370,18.78670,0.77905,0.11315,0.03899
3711.00000,300.00000,1944.46053,5.37474,16.12073,18.79135,12.35380,0.54815,0.12561,0.01256
3712.00000,133.00000,1936.64244,4.78391,16.56625,42.06940,15.25315,0.50000,0.22397,0.02760
3713.00000,103.00000,1943.31480,6.05882,15.66387,40.66282,16.51155,0.50000,0.19328,0.04307
3714.00000,172.00000,1947.60705,3.65040,17.66903,26.96983,13.05768,0.64064,0.10914,0.02928
3715.00000,142.00000,1950.01459,3.82240,17.50454,26.64279,13.58729,0.64581,0.19475,0.03330
3716.00000,300.00000,1956.31859,5.91449,15.53068,25.11031,16.17037,0.51077,0.09138,0.05287
3717.00000,300.00000,1961.52472,4.94631,16.49612,18.32988,13.46636,0.53946,0.11125,0.06856
3718.00000,196.00000,1966.82853,4.61973,16.80185,26.05143,16.42327,0.58895,0.12310,0.01349
3719.00000,220.00000,1969.95459,4.89249,16.53913,26.80158,20.82134,0.55692,0.07747,0.05375
3720.00000,83.00000,1962.64223,2.89731,18.58680,20.31785,14.16137,0.55501,0.05623,0.07335
3721.00000,138.00000,1967.30746,4.30262,17.33403,30.72356,16.91518,0.50000,0.09215,0.08482
3722.00000,300.00000,1960.36661,5.60479,15.82535,26.88772,15.05788,0.57784,0.11527,0.05240
3723.00000,175.00000,1965.06785,4.53797,16.70192,31.45493,15.07665,0.50000,0.12491,0.06104
3724.00000,231.00000,1968.94066,3.96835,17.41543,22.55391,19.90999,0.75074,0.08902,0.07913
3725.00000,300.00000,1971.82747,5.44641,15.90517,22.25135,18.82267,0.86276,0.14187,0.03855
3726.00000,134.00000,1962.64810,2.86156,18.27803,21.25744,16.01144,0.53432,0.06865,0.03318
3727.00000,294.00000,1956.13444,8.63420,12.74422,19.68255,13.97898,0.73826,0.52348,0.10021
3728.00000,300.00000,1948.03100,6.92472,14.52697,24.64434,13.86248,0.50000,0.13752,0.01778
3729.00000,300.00000,1950.22385,6.10967,15.38214,24.39175,14.77614,0.50820,0.19898,0.08932
3730.00000,213.00000,1956.52471,5.30343,16.10585,23.65726,23.24698,0.79889,0.08569,0.02823
3731.00000,170.00000,1960.51606,3.61306,17.55255,25.26513,14.71258,0.63057,0.12182,0.01911
3732.00000,300.00000,1951.31731,6.12668,15.55998,23.27723,14.36169,0.75184,0.19829,0.02142
3733.00000,79.00000,1956.54418,3.33527,18.07402,33.15820,17.99855,0.50000,0.17707,0.04064
3734.00000,137.00000,1950.25937,3.30096,17.98775,29.96500,14.71741,0.50000,0.15836,0.10499
3735.00000,300.00000,1955.86522,4.40240,16.96747,21.21575,17.53853,0.70676,0.10017,0.01969
3736.00000,300.00000,1958.53832,5.88847,15.61077,19.83687,19.54097,0.79856,0.05387,0.03869
3737.00000,204.00000,1949.56896,4.94135,16.30481,26.97308,18.47212,0.63558,0.15096,0.04135
3738.00000,94.00000,1941.37259,3.93347,17.25364,13.65489,17.95634,0.56445,0.10395,0.05405
3739.00000,97.00000,1944.85625,5.29765,16.07771,30.72287,22.98240,0.71628,0.07185,0.00880
3740.00000,100.00000,1938.62829,3.93826,17.43758,33.40940,18.48054,0.56980,0.10336,0.03624
3741.00000,300.00000,1930.21895,4.61397,16.95242,19.64697,21.47045,0.70683,0.03454,0.02686
3742.00000,159.00000,1923.54375,4.65998,16.84061,30.43093,19.91617,0.65289,0.14876,0.03778
3743.00000,181.00000,1918.02525,3.81651,17.46795,22.60843,11.43371,0.57638,0.23705,0.04565
3744.00000,157.00000,1910.99808,4.41590,17.04067,24.16821,17.14233,0.70194,0.19871,0.03142
3745.00000,140.00000,1913.80866,3.36038,17.90755,13.74906,22.19057,0.76321,0.06226,0.06604
3746.00000,300.00000,1920.30123,4.03765,17.16702,22.18876,11.51007,0.50000,0.04083,0.03393
3747.00000,59.00000,1914.90670,4.66279,16.75969,30.62597,18.28488,0.50000,0.12016,0.03101
3748.00000,300.00000,1918.47318,6.62544,15.07892,23.89635,21.77503,0.63310,0.01178,0.01296
3749.00000,180.00000,1921.61219,5.35474,15.99765,25.69538,14.83947,0.66132,0.22553,0.01801
3750.00000,209.00000,1921.72173,4.37895,17.02915,26.52389,10.62834,0.50000,0.19838,0.07126
3751.00000,115.00000,1927.00789,3.70637,17.66119,29.82238,13.18172,0.56930,0.17556,0.01951
3752.00000,154.00000,1933.78989,4.38859,16.86413,22.27989,17.88315,0.67731,0.11277,0.01087
3753.00000,159.00000,1940.26738,4.57546,16.74781,27.83057,20.84421,0.50000,0.06719,0.01753
3754.00000,300.00000,1932.62975,6.11936,15.54150,29.31301,17.30738,0.59836,0.10861,0.00000
3755.00000,216.00000,1937.65303,4.42274,16.86323,20.85346,12.24778,0.51243,0.06039,0.02309
3756.00000,192.00000,1943.08600,4.21880,17.21709,26.24444,16.90000,0.57991,0.10427,0.05812
3757.00000,300.00000,1936.28950,4.09824,17.23357,15.91021,14.06441,0.71503,0.07222,0.01561
3758.00000,300.00000,1940.34858,3.81965,17.57983,15.72010,14.78474,0.66710,0.06270,0.01099
3759.00000,247.00000,1939.24891,3.77517,17.68185,20.32550,19.43057,0.73108,0.05511,0.01984
3760.00000,300.00000,1938.20177,4.79059,16.73567,24.89499,14.84852,0.52987,0.07785,0.00302
3761.00000,300.00000,1945.04144,5.73599,15.60648,21.45268,15.48443,0.60336,0.11270,0.00000
3762.00000,275.00000,1945.24522,4.52783,16.98522,19.03652,18.44087,0.91043,0.08783,0.00261
3763.00000,72.00000,1937.55203,3.19028,18.03644,33.44737,15.13563,0.50607,0.05668,0.00202
3764.00000,76.00000,1931.24294,2.59631,18.57172,19.85041,19.20902,0.51844,0.00410,0.00820
3765.00000,300.00000,1920.97079,7.11442,14.28138,24.23468,15.60537,0.52277,0.05079,0.02919
3766.00000,170.00000,1914.13881,4.02528,17.21208,30.36096,15.70295,0.50000,0.10393,0.02107
3767.00000,300.00000,1920.69924,7.39685,14.13798,18.81932,15.93824,0.53055,0.16032,0.09067
3768.00000,169.00000,1921.74899,3.97302,17.36222,27.12347,9.43745,0.57972,0.17334,0.06296
3769.00000,187.00000,1926.97542,4.28374,17.07758,26.82253,19.17853,0.69022,0.04995,0.02232
3770.00000,152.00000,1932.48230,4.69714,16.55714,23.08000,26.28857,0.71857,0.06857,0.02429
3771.00000,146.00000,1925.56716,4.38337,16.92447,25.05163,14.74092,0.50000,0.13193,0.07839
3772.00000,300.00000,1918.00868,5.76827,15.63523,17.04751,14.98099,0.65570,0.11111,0.01316
3773.00000,114.00000,1923.25907,3.00876,18.24754,24.26506,15.14677,0.50000,0.19277,0.15772
3774.00000,300.00000,1922.33161,5.28074,16.10209,25.73550,15.34165,0.57744,0.10557,0.04292
3775.00000,180.00000,1927.24051,5.29129,16.10617,26.72958,18.71325,0.66334,0.09800,0.01180
3776.00000,122.00000,1927.33060,3.96921,17.19795,21.42522,14.17889,0.53959,0.22581,0.02053
3777.00000,215.00000,1933.71339,4.90542,16.44693,24.53285,13.95162,0.55668,0.08520,0.03971
3778.00000,102.00000,1937.65225,3.02312,18.42543,28.72486,14.08439,0.50000,0.24855,0.11098
3779.00000,300.00000,1943.84276,4.54006,16.70801,18.27658,15.73806,0.69954,0.15716,0.02928
3780.00000,248.00000,1946.98227,5.44436,16.07445,32.05094,23.08150,0.55603,0.17633,0.01254
3781.00000,300.00000,1940.13448,5.10738,16.20283,19.35347,21.96644,0.76920,0.05220,0.02386
3782.00000,246.00000,1930.73599,4.61515,16.85406,29.59852,19.57512,0.50493,0.07697,0.05419
3783.00000,120.00000,1922.55208,3.98389,17.23565,31.20544,15.24471,0.50000,0.13696,0.06042
3784.00000,179.00000,1916.14488,3.10077,18.36231,26.64769,10.35000,0.50000,0.09154,0.07154
3785.00000,129.00000,1918.95834,3.89308,17.51629,31.28310,12.58248,0.50000,0.20978,0.06823
3786.00000,154.00000,1924.29793,3.36789,18.05686,24.84448,11.59950,0.50000,0.13629,0.02759
3787.00000,156.00000,1929.88216,4.18858,17.11315,29.08513,14.62823,0.54741,0.18642,0.06034
3788.00000,300.00000,1936.80916,4.05860,17.34720,19.94833,16.39887,0.62035,0.03466,0.01512
3789.00000,300.00000,1938.39575,5.97088,15.39725,23.89176,20.24451,0.56676,0.06758,0.00000
3790.00000,174.00000,1928.89405,4.71066,16.93909,25.40000,19.43147,0.54416,0.05685,0.02437
3791.00000,122.00000,1928.34557,3.79439,17.43161,34.79779,14.47239,0.50000,0.08326,0.05438
3792.00000,214.00000,1920.75017,5.67521,15.98413,30.33455,14.23932,0.57784,0.23321,0.01709
3793.00000,300.00000,1928.30648,4.14723,17.33069,26.16195,20.02039,0.62741,0.07248,0.01416
3794.00000,150.00000,1934.41302,4.39084,17.00629,27.96676,17.70979,0.52920,0.07547,0.04313
3795.00000,138.00000,1926.64884,3.12972,18.11085,18.88208,19.68750,0.60200,0.10377,0.07075
3796.00000,210.00000,1932.55891,3.41393,17.78500,21.88600,12.33129,0.50000,0.06656,0.05432
3797.00000,134.00000,1936.01744,3.83927,17.46063,23.87702,11.79180,0.62244,0.04207,0.02050
3798.00000,300.00000,1939.69198,5.12847,16.48521,32.95009,17.06377,0.50000,0.04713,0.01386
3799.00000,139.00000,1946.16292,3.21273,18.17085,32.02931,13.77303,0.50000,0.13903,0.06365
3800.00000,130.00000,1951.21557,3.30607,17.89182,20.88918,17.33377,0.67546,0.03034,0.02770
3801.00000,300.00000,1954.72783,6.07082,15.33180,20.07410,18.52066,0.75836,0.07016,0.02098
3802.00000,150.00000,1948.05837,3.84751,17.36984,31.65712,16.53159,0.50000,0.12637,0.08172
3803.00000,160.00000,1940.21186,3.84240,17.50366,29.08367,9.36962,0.50000,0.33712,0.14947
3804.00000,300.00000,1945.82670,3.58452,17.75039,24.04660,14.06477,0.50987,0.08057,0.00237
3805.00000,191.00000,1951.85287,3.99668,17.33223,31.52653,12.12997,0.50000,0.09814,0.08289
3806.00000,114.00000,1952.16510,4.81240,16.69634,28.36566,20.79650,0.57393,0.06359,0.02385
3807.00000,300.00000,1957.87464,4.54400,16.86980,25.10345,11.56480,0.51308,0.08621,0.01546
3808.00000,143.00000,1949.39002,3.66041,17.59099,26.12289,15.62758,0.54878,0.10600,0.00657
3809.00000,203.00000,1954.53230,3.86434,17.54961,29.21705,15.18372,0.58837,0.09612,0.01395
3810.00000,167.00000,1958.47143,4.45031,16.96478,28.87044,19.12327,0.63396,0.10692,0.03396
3811.00000,126.00000,1964.35266,4.03597,17.25360,32.01349,11.39299,0.50000,0.11151,0.00719
3812.00000,123.00000,1956.41631,3.55595,17.72262,25.53929,18.36667,0.69643,0.04167,0.01429
3813.00000,209.00000,1959.52109,4.01757,17.19332,31.99414,19.49092,0.50000,0.05272,0.03046
3814.00000,223.00000,1949.95670,4.28810,17.22456,33.48034,14.63328,0.50000,0.09532,0.07431
3815.00000,138.00000,1952.44518,5.43351,16.05935,40.08565,12.38017,0.50000,0.09542,0.02029
3816.00000,300.00000,1957.17533,5.64348,15.73987,22.29080,11.59365,0.50000,0.12486,0.01424
3817.00000,157.00000,1962.38898,3.57660,17.60185,31.04630,13.60269,0.50000,0.08586,0.02189
3818.00000,300.00000,1968.42187,6.98937,14.45710,18.58694,18.17540,0.77031,0.11465,0.02430
3819.00000,300.00000,1973.20970,5.76153,15.79491,28.49232,14.77001,0.52888,0.07737,0.01378
3820.00000,300.00000,1964.42497,4.87456,16.59094,20.72056,18.12962,0.68084,0.11429,0.07805
3821.00000,147.00000,1963.95628,4.48370,16.90144,39.51782,18.15011,0.50000,0.16528,0.03412
3822.00000,139.00000,1953.23463,3.13596,17.99606,24.46502,17.10246,0.62808,0.15172,0.02857
3823.00000,300.00000,1957.63891,5.82679,15.61028,20.54195,19.50000,0.70535,0.05751,0.01015
3824.00000,121.00000,1962.97462,4.07984,17.26309,27.03010,22.85733,0.75982,0.06937,0.00000
3825.00000,300.00000,1962.79557,4.82999,16.37530,20.87169,16.13633,0.64194,0.15397,0.08821
3826.00000,300.00000,1956.16588,6.78830,14.79865,25.84886,17.58489,0.50000,0.15994,0.04555
3827.00000,300.00000,1947.69942,5.19520,16.15027,18.79241,16.28660,0.66460,0.06507,0.01084
3828.00000,300.00000,1946.37031,6.52052,14.92028,24.01055,14.15299,0.50000,0.13306,0.02462
3829.00000,138.00000,1938.38481,3.65468,17.69604,31.29137,16.20414,0.50000,0.12500,0.03327
3830.00000,170.00000,1941.54560,4.34426,16.92272,29.10929,17.87432,0.56792,0.23029,0.00937
3831.00000,208.00000,1947.29172,4.10844,17.32864,24.98841,17.20116,0.55795,0.11341,0.06871
3832.00000,159.00000,1953.29671,4.22367,17.05405,26.35881,13.08295,0.59553,0.16496,0.00093
3833.00000,131.00000,1958.72676,3.76829,17.47764,30.89634,19.17480,0.50000,0.08841,0.10569
3834.00000,182.00000,1961.94257,4.10174,17.32932,22.64123,19.71486,0.88889,0.07497,0.01339
3835.00000,154.00000,1966.76771,4.27042,17.24592,34.62908,14.91993,0.50041,0.13562,0.03023
3836.00000,300.00000,1960.16905,6.25840,15.17674,25.58346,16.09406,0.50000,0.05685,0.03204
3837.00000,300.00000,1952.42393,5.73461,15.85910,26.59576,18.25855,0.53591,0.07798,0.00410
3838.00000,234.00000,1957.38934,4.41089,17.25891,24.33961,16.01681,0.50000,0.06658,0.02892
3839.00000,300.00000,1953.02922,5.00136,16.47035,30.82028,12.44409,0.50000,0.06066,0.05749
3840.00000,300.00000,1956.74410,5.34294,16.08501,22.43372,16.80476,0.50000,0.12104,0.05187
3841.00000,148.00000,1961.51466,4.17012,17.14799,24.51452,23.89765,0.63347,0.07192,0.06086
3842.00000,300.00000,1959.25081,5.27055,16.19407,17.91778,22.31740,0.74044,0.06597,0.06405
3843.00000,102.00000,1950.09224,3.22636,17.92558,26.63721,20.09612,0.54341,0.02016,0.01860
3844.00000,104.00000,1942.75370,3.81115,17.38225,28.69738,15.48237,0.50000,0.16155,0.04551
3845.00000,87.00000,1936.70499,4.01476,17.14760,24.75830,21.52214,0.76845,0.06458,0.00369
3846.00000,98.00000,1939.24231,3.37992,17.79288,29.39136,19.93647,0.50000,0.12706,0.07878
3847.00000,300.00000,1932.12386,5.70588,15.86928,24.64957,12.40925,0.50000,0.05681,0.08547
3848.00000,170.00000,1934.56498,4.74043,16.55836,27.61438,18.99440,0.50000,0.14846,0.01587
3849.00000,300.00000,1938.19404,7.26300,14.31100,26.19150,16.10700,0.77900,0.41350,0.03250
3850.00000,300.00000,1944.93926,6.32927,15.03078,22.15273,17.04994,0.54384,0.08188,0.02671
3851.00000,126.00000,1950.19560,5.58776,15.80254,30.53580,19.63048,0.63048,0.11663,0.04503
3852.00000,136.00000,1955.16746,4.55331,16.64522,27.29044,13.34743,0.50000,0.14614,0.08640
3853.00000,162.00000,1958.55994,4.95334,16.55780,38.22145,14.62117,0.50000,0.07660,0.00696
3854.00000,239.00000,1962.13323,6.51860,14.91005,32.73848,14.99944,0.50000,0.07607,0.00666
3855.00000,300.00000,1966.99519,4.82254,16.55276,21.19424,12.79856,0.50000,0.08333,0.07254
3856.00000,145.00000,1971.68889,3.96075,17.37612,29.16271,13.71545,0.50000,0.13900,0.02044
3857.00000,102.00000,1976.22362,3.26513,17.89914,29.67867,21.42363,0.51009,0.02738,0.01729
3858.00000,185.00000,1980.10153,4.54240,16.76447,18.48856,20.20323,0.73553,0.05384,0.02826
3859.00000,150.00000,1973.72898,4.33804,17.03861,29.15254,13.89266,0.50000,0.11394,0.03107
3860.00000,300.00000,1965.15993,5.19967,16.34158,17.38614,19.52888,0.81889,0.10396,0.08746
3861.00000,160.00000,1969.58507,4.45631,16.77140,24.69285,14.17034,0.50000,0.12180,0.03442
3862.00000,300.00000,1961.17826,4.89755,16.53680,25.33045,18.03030,0.65404,0.16089,0.03535
3863.00000,300.00000,1963.48701,5.45743,15.95479,24.52848,13.05050,0.50000,0.07399,0.03876
3864.00000,172.00000,1956.13615,4.27046,17.09786,24.26157,22.33541,0.66459,0.17705,0.05427
3865.00000,143.00000,1958.28861,4.65792,16.51417,29.15110,17.14481,0.60336,0.18888,0.05876
3866.00000,127.00000,1963.02268,5.69042,15.60631,21.74883,18.78621,0.68283,0.31308,0.17757
3867.00000,300.00000,1966.83243,5.37336,15.96595,27.22043,15.18638,0.53704,0.03823,0.02330
3868.00000,87.00000,1970.63144,3.87938,17.66148,29.99416,20.83852,0.71012,0.04475,0.00000
3869.00000,141.00000,1975.53362,4.21747,17.15152,29.69964,13.86007,0.55615,0.13369,0.02585
3870.00000,148.00000,1968.93210,4.43285,16.95556,27.72271,16.27633,0.50000,0.08019,0.00966
3871.00000,190.00000,1974.50728,3.51079,17.90909,28.85481,13.27404,0.50000,0.17920,0.08502
3872.00000,215.00000,1978.41778,5.81495,15.78799,34.67770,12.36642,0.50000,0.04657,0.02757
3873.00000,278.00000,1983.73795,6.76256,14.75749,31.02628,13.37068,0.50000,0.14062,0.00415
3874.00000,178.00000,1986.37063,3.68383,17.77110,31.52718,14.17167,0.50000,0.06080,0.01717
3875.00000,132.00000,1988.40645,3.67591,17.75480,27.83582,18.08635,0.57836,0.05117,0.03198
3876.00000,174.00000,1992.94717,4.35651,16.98881,26.38129,15.63869,0.50000,0.10631,0.10472
3877.00000,147.00000,1985.48762,4.26203,17.19873,22.88354,20.69494,0.56646,0.07722,0.03797
3878.00000,300.00000,1986.27034,6.39981,14.95568,30.58960,11.16137,0.50000,0.15896,0.05588
3879.00000,184.00000,1978.03621,5.72044,15.61449,30.32468,16.58168,0.50000,0.13260,0.04580
3880.00000,171.00000,1983.66736,4.15337,17.15492,27.53292,10.57630,0.50000,0.15569,0.08675
3881.00000,300.00000,1987.59788,6.70721,14.72665,20.59749,15.50721,0.56176,0.13668,0.04577
3882.00000,111.00000,1989.42424,3.61430,17.86335,27.92337,17.21967,0.50000,0.17625,0.13027
3883.00000,143.00000,1993.01485,4.45424,17.04576,29.45982,21.94196,0.83817,0.03795,0.01451
3884.00000,300.00000,1994.18668,5.89856,15.46455,23.01844,18.71182,0.52219,0.04841,0.06225
3885.00000,300.00000,1987.37263,6.54910,14.98837,24.86176,14.54264,0.54102,0.10207,0.01550
3886.00000,109.00000,1987.24406,3.41601,17.71928,28.52537,15.61443,0.50000,0.10936,0.12740
3887.00000,300.00000,1985.07605,6.92448,14.49219,25.92240,11.52917,0.53490,0.08021,0.03125
3888.00000,171.00000,1988.67673,4.73212,16.55186,24.09668,14.77543,0.50000,0.22256,0.07654
3889.00000,136.00000,1991.31724,4.03687,17.18795,28.39029,11.41996,0.53237,0.12140,0.01619
3890.00000,195.00000,1992.90254,4.67645,16.64164,28.39181,17.36724,0.51229,0.13242,0.05802
3891.00000,150.00000,1995.93575,3.17391,18.10648,26.40728,18.83141,0.50000,0.10559,0.06744
3892.00000,152.00000,1998.54000,2.87723,18.28199,24.04315,8.91741,0.50000,0.13839,0.00818
3893.00000,300.00000,2000.82795,6.02491,15.17268,15.97165,14.69845,0.51289,0.12801,0.03179
3894.00000,300.00000,2004.91021,5.81116,15.56795,17.86123,12.79900,0.50000,0.08226,0.01144
3895.00000,138.00000,2002.42393,4.78466,16.57604,25.21938,15.63257,0.54576,0.08883,0.00269
3896.00000,132.00000,2008.24716,4.15285,17.05813,24.70614,17.15931,0.52745,0.13348,0.09795
3897.00000,300.00000,1998.60844,5.60736,15.92375,24.74047,14.61940,0.56622,0.15385,0.03746
3898.00000,300.00000,1999.00123,4.44715,16.87214,21.26534,14.69254,0.68219,0.08204,0.02882
3899.00000,166.00000,1996.73386,3.28941,17.93602,28.45392,12.75248,0.50000,0.10129,0.07616
3900.00000,65.00000,1994.48725,3.20120,18.05706,17.55255,15.81682,0.66667,0.01802,0.03303
3901.00000,193.00000,1996.36896,5.28943,16.06861,29.68927,19.16956,0.75197,0.10095,0.01656
3902.00000,154.00000,1989.26058,3.73529,17.67873,27.22285,14.09389,0.53790,0.06335,0.01244
3903.00000,300.00000,1980.94040,5.30165,16.24356,23.11155,18.81122,0.59670,0.05215,0.03828
3904.00000,162.00000,1974.68705,3.72791,17.50821,27.82486,17.42690,0.50000,0.17435,0.05942
3905.00000,195.00000,1974.42580,5.09627,16.42422,33.08075,12.76460,0.50000,0.10932,0.04472
3906.00000,251.00000,1976.51692,5.04727,16.45020,30.11536,14.35003,0.50450,0.12549,0.03376
3907.00000,181.00000,1980.80866,4.89571,16.70307,27.50429,23.69693,0.69080,0.09693,0.01963
3908.00000,230.00000,1984.67761,6.22853,15.43719,25.18240,15.23137,0.58694,0.13840,0.04400
3909.00000,300.00000,1975.66250,4.82848,16.57895,25.12384,15.99071,0.51796,0.05697,0.01486
3910.00000,100.00000,1978.04508,4.47761,16.97868,33.41898,15.90725,0.50000,0.13646,0.05970
3911.00000,300.00000,1982.80859,4.53657,16.83107,21.10939,13.25243,0.54142,0.06861,0.00065
3912.00000,103.00000,1988.64307,4.65455,16.51429,30.34286,20.47403,0.50390,0.05065,0.03117
3913.00000,163.00000,1991.46353,3.74169,17.39550,18.83494,13.57771,0.58199,0.08682,0.03108
3914.00000,300.00000,1983.25000,4.86187,16.45493,26.23573,17.48373,0.55520,0.09120,0.02773
3915.00000,154.00000,1975.43303,4.22158,17.02241,32.72365,16.80332,0.50000,0.12033,0.10954
3916.00000,226.00000,1981.25704,5.34354,16.13379,29.63322,13.46315,0.50000,0.22959,0.07086
3917.00000,157.00000,1981.73842,3.41898,17.85417,28.99614,10.75617,0.50000,0.09954,0.03472
3918.00000,125.00000,1986.96845,3.62786,17.65628,31.67186,15.41888,0.50000,0.07516,0.02200
3919.00000,171.00000,1991.13449,4.25843,17.02889,31.51685,15.57063,0.50000,0.14767,0.06661
3920.00000,266.00000,1993.11923,5.23390,16.21639,22.11007,11.71857,0.55034,0.13258,0.04003
3921.00000,178.00000,1999.37103,4.39061,16.95307,29.40954,14.47540,0.50341,0.20061,0.07192
3922.00000,300.00000,2003.71654,6.28138,15.14372,23.03306,18.02429,0.73954,0.27058,0.14103
3923.00000,197.00000,2005.56315,4.58540,16.90503,30.05032,12.90574,0.50000,0.14387,0.06378
3924.00000,126.00000,2005.30169,4.97210,16.58936,38.54839,12.44638,0.50000,0.16391,0.02790
3925.00000,179.00000,2007.97476,3.58106,17.72884,15.10473,22.51220,0.88451,0.05882,0.01435
3926.00000,160.00000,2010.31842,4.55847,16.87030,34.25202,11.02285,0.50000,0.05242,0.01478
3927.00000,85.00000,2002.32768,4.64541,17.21617,27.73095,15.90202,0.60342,0.06687,0.00000
3928.00000,127.00000,2005.55067,2.93973,18.32589,25.66183,13.22098,0.50000,0.10826,0.10714
3929.00000,300.00000,1998.23529,7.69635,13.79498,24.49671,12.71787,0.50000,0.09683,0.00717
3930.00000,300.00000,2001.55967,6.78556,14.53079,12.33121,17.90552,0.84342,0.19533,0.02972
3931.00000,300.00000,2005.64790,5.63903,15.82143,21.78763,16.91390,0.63170,0.06250,0.01403
3932.00000,300.00000,1997.82927,5.89892,15.49162,29.64201,15.02219,0.50000,0.04734,0.02860
3933.00000,180.00000,2002.53414,4.99552,16.40359,28.49851,15.91704,0.50000,0.10688,0.06502
3934.00000,171.00000,2007.98165,4.54858,17.06129,31.64350,13.44096,0.50000,0.13004,0.04484
3935.00000,133.00000,2013.43517,4.88240,16.46950,35.43501,13.68170,0.52476,0.12378,0.02653
3936.00000,282.00000,2016.76516,4.15309,17.16741,20.82811,23.97672,0.74978,0.10654,0.03581
3937.00000,300.00000,2021.67771,8.23918,13.24601,21.47096,18.12870,0.50000,0.08087,0.07346
3938.00000,203.00000,2011.31035,6.08858,15.24378,30.01684,12.68814,0.50000,0.22987,0.03660
3939.00000,175.00000,2009.17352,3.89813,17.25681,19.35294,16.45768,0.71234,0.06600,0.01004
3940.00000,161.00000,2013.33324,3.91667,17.31118,22.64557,22.29852,0.75369,0.07384,0.01371
3941.00000,107.00000,2004.88755,4.46557,16.97842,34.35355,14.37616,0.50000,0.13155,0.01233
3942.00000,193.00000,1996.27334,4.61144,16.62481,23.97994,15.23774,0.57838,0.17459,0.02229
3943.00000,155.00000,2000.80989,3.84053,17.42964,16.44465,21.96811,0.75891,0.08443,0.04128
3944.00000,300.00000,2005.03630,5.55291,15.82405,25.60050,13.06074,0.50000,0.07702,0.01816
3945.00000,300.00000,1996.40979,4.80706,16.53473,24.53749,16.09316,0.50000,0.04245,0.03969
3946.00000,174.00000,1992.84645,4.88725,16.51471,31.80952,18.25070,0.50280,0.06723,0.00280
3947.00000,118.00000,1995.64642,3.48652,17.65469,25.86778,18.80103,0.64634,0.04621,0.00000
3948.00000,200.00000,2002.10108,4.62714,16.70050,32.04121,24.15276,0.63266,0.04322,0.01407
3949.00000,206.00000,1994.76465,4.46981,17.00748,31.02645,9.97987,0.53163,0.11788,0.01093
3950.00000,107.00000,1986.17636,4.29988,17.08005,36.11708,17.49582,0.50000,0.13978,0.07766
3951.00000,138.00000,1988.85674,4.68823,16.72866,32.77628,21.26325,0.58670,0.18598,0.04223
3952.00000,89.00000,1993.00888,4.09642,17.09394,33.96663,17.01978,0.50000,0.12237,0.04326
3953.00000,300.00000,1999.37430,5.18761,16.30645,16.92360,15.35484,0.76273,0.09168,0.01358
3954.00000,300.00000,2003.45066,5.62236,15.83856,24.66743,11.35083,0.50000,0.10268,0.01141
3955.00000,300.00000,1995.59043,4.10049,17.17504,17.61264,17.52674,0.52310,0.10292,0.06321
3956.00000,187.00000,1999.96246,4.61058,16.76058,27.86923,27.23846,0.62260,0.10769,0.00577
3957.00000,300.00000,1997.62870,5.36270,16.14371,18.46450,19.93242,0.72498,0.12831,0.09239
3958.00000,300.00000,1987.64702,5.57921,15.85834,22.59262,24.42917,0.75440,0.08466,0.02096
3959.00000,158.00000,1980.37067,4.34415,17.04513,20.76728,21.51481,0.77645,0.10155,0.04513
3960.00000,300.00000,1974.26801,5.65255,15.76760,24.58157,8.93074,0.50000,0.06754,0.02232
3961.00000,160.00000,1967.25203,4.20469,17.04192,26.34525,22.50432,0.66461,0.05672,0.00986
3962.00000,300.00000,1971.21806,3.85008,17.52431,16.90519,16.10292,0.50000,0.05997,0.07699
3963.00000,72.00000,1963.52651,3.90830,17.39738,26.34498,14.37773,0.64192,0.05022,0.00437
3964.00000,123.00000,1963.13317,3.14075,18.17815,27.58661,13.13287,0.50000,0.13484,0.08760
3965.00000,218.00000,1955.88460,4.59661,16.89522,35.59479,11.40521,0.50000,0.14173,0.01938
3966.00000,153.00000,1961.20905,4.10444,17.21904,29.18115,16.17837,0.55638,0.12662,0.05730
3967.00000,208.00000,1965.89269,4.80691,16.65740,28.24793,13.81818,0.52780,0.13674,0.00751
3968.00000,138.00000,1971.19230,3.64327,17.58918,21.24166,13.51554,0.76697,0.18412,0.05984
3969.00000,167.00000,1974.60101,3.05426,18.18272,24.25581,18.41860,0.54097,0.08638,0.03544
3970.00000,162.00000,1979.61902,4.04011,17.26586,20.88993,15.83302,0.54291,0.10821,0.02052
3971.00000,168.00000,1969.99603,2.90446,18.37901,25.39389,12.92874,0.50000,0.09632,0.10650
3972.00000,131.00000,1974.24907,4.78804,16.44767,34.06860,20.60422,0.50000,0.16887,0.10818
3973.00000,153.00000,1979.18527,4.66231,16.87990,28.17122,16.87515,0.61177,0.21046,0.05589
3974.00000,117.00000,1981.82421,3.81319,17.59951,27.49451,20.02076,0.56471,0.07692,0.02564
3975.00000,175.00000,1973.87600,4.46346,17.03160,33.97762,17.16722,0.50000,0.17051,0.01053
3976.00000,154.00000,1965.13793,4.30916,17.02267,29.26111,15.74705,0.51904,0.17135,0.06709
3977.00000,146.00000,1969.74259,4.21812,17.16535,26.64996,11.37819,0.54178,0.14248,0.04925
3978.00000,137.00000,1975.54136,3.96057,17.45042,23.90920,16.67025,0.73895,0.06571,0.00239
3979.00000,113.00000,1980.24598,3.89309,17.35745,31.23218,21.12095,0.50000,0.15983,0.04104
3980.00000,237.00000,1973.16088,6.25121,15.63746,37.18151,14.16312,0.50000,0.12682,0.01646
3981.00000,198.00000,1978.02830,4.64304,16.79790,22.18723,24.04199,0.77472,0.12686,0.04987
3982.00000,146.00000,1980.91390,4.56681,16.80617,37.57342,17.18135,0.50000,0.10426,0.01028
3983.00000,199.00000,1986.98826,4.33183,16.98557,21.71235,21.12353,0.79757,0.07124,0.00631
3984.00000,155.00000,1991.15599,4.72639,16.77175,36.77100,15.87138,0.50000,0.08922,0.05874
3985.00000,144.00000,1983.75009,3.81643,17.71498,33.66989,17.46055,0.50000,0.05314,0.07246
3986.00000,155.00000,1990.15469,3.72088,17.52008,21.25000,17.53614,0.63604,0.05221,0.03514
3987.00000,300.00000,1993.82337,6.30166,15.04783,25.43112,14.37309,0.51594,0.14923,0.02423
3988.00000,225.00000,1996.37741,3.86409,17.48185,23.80232,13.86795,0.51351,0.14363,0.00618
3989.00000,235.00000,1995.63005,4.34492,16.98262,19.79780,15.08326,0.71226,0.09790,0.02013
3990.00000,153.00000,2000.16990,3.74586,17.56803,32.21958,12.33117,0.50000,0.07919,0.02664
3991.00000,149.00000,2003.04429,5.77241,15.85345,31.57414,16.83276,0.59957,0.21379,0.03534
3992.00000,300.00000,2006.93650,5.55305,15.93387,19.44985,15.78270,0.62209,0.07485,0.02035
3993.00000,88.00000,2009.15207,3.59277,17.85301,30.23012,13.12048,0.50000,0.16506,0.07711
3994.00000,147.00000,2006.82941,5.52642,15.70450,24.73092,16.80039,0.50000,0.13209,0.00881
3995.00000,155.00000,2009.80689,5.78277,15.65464,37.32916,9.16568,0.50000,0.13844,0.00295
3996.00000,142.00000,2013.48722,3.11460,18.20518,27.72551,13.16821,0.50000,0.11553,0.09797
3997.00000,138.00000,2015.44329,2.66174,18.56932,25.40018,15.83549,0.50000,0.06100,0.06654
3998.00000,174.00000,2018.20894,3.48148,17.75758,26.86027,20.41246,0.50042,0.06481,0.04040
3999.00000,179.00000,2021.54044,5.97708,15.56319,32.89444,16.56042,0.50938,0.18819,0.01111
4000.00000,201.00000,2012.14563,4.14122,17.30473,25.80405,11.69730,0.50000,0.09797,0.04189
