# GameN, gameLength, gameElo, minBase, dinBase, meandistMine, meandistDine, isInFront, carryEnimy, carryAlly
1.00000,190.00000,1000.00000,5.71285,15.71173,21.88492,19.84134,0.89050,0.22570,0.02570
2.00000,203.00000,1000.00000,5.22398,16.07342,22.63569,17.80669,0.64638,0.33736,0.11803
3.00000,136.00000,986.91212,4.71458,16.64832,30.39857,19.73496,0.50000,0.24669,0.10092
4.00000,97.00000,1051.80241,5.47489,16.08752,32.27690,22.65280,0.59397,0.18364,0.04591
5.00000,135.00000,1081.92501,4.86911,16.67120,34.82094,25.52880,0.56335,0.07539,0.01780
6.00000,124.00000,1079.61942,5.18539,16.15169,30.75169,23.06966,0.62809,0.04494,0.02022
7.00000,267.00000,1077.44461,5.20385,16.22051,28.71090,17.74551,0.50513,0.16987,0.09936
8.00000,172.00000,1075.37718,5.70600,15.67748,31.51819,17.29302,0.50000,0.22321,0.11898
9.00000,64.00000,1098.75663,3.49257,17.84406,18.49010,21.90842,0.65965,0.08168,0.05198
10.00000,206.00000,1154.30630,4.17105,17.15789,19.53289,18.74013,0.69463,0.05373,0.03399
11.00000,76.00000,1151.41690,3.98747,17.32150,28.20877,22.43841,0.61795,0.03132,0.00000
12.00000,154.00000,1148.63972,6.41280,15.16976,30.02319,26.42022,0.64842,0.09926,0.00649
13.00000,59.00000,1145.96326,2.81459,18.55623,23.15198,22.48632,0.50000,0.01520,0.01520
14.00000,153.00000,1130.20260,5.06887,16.39476,24.94859,13.93889,0.50000,0.22017,0.10863
15.00000,199.00000,1127.87495,6.37467,15.13712,24.34760,21.02969,0.54367,0.27773,0.11004
16.00000,294.00000,1176.42948,5.93732,15.65708,23.17847,19.51622,0.77139,0.26180,0.00295
17.00000,160.00000,1189.72366,6.00230,15.45287,29.52414,22.14253,0.52874,0.57011,0.43908
18.00000,93.00000,1172.26037,4.52353,16.75294,25.51176,19.61176,0.54412,0.35147,0.19265
19.00000,141.00000,1185.39749,4.57028,16.77765,23.30184,23.11636,0.70276,0.20507,0.11290
20.00000,100.00000,1230.38081,5.02743,16.69198,41.61603,19.90506,0.50000,0.24789,0.01899
21.00000,150.00000,1226.71943,3.85514,17.37477,23.95701,12.82243,0.50000,0.29533,0.16355
22.00000,109.00000,1236.68384,5.29371,16.43706,25.62238,24.81294,0.75350,0.08566,0.01049
23.00000,88.00000,1246.09591,4.29295,16.94213,29.79747,22.30018,0.69078,0.01085,0.01808
24.00000,245.00000,1226.37695,4.79771,16.53684,25.78744,14.14614,0.53653,0.08816,0.00604
25.00000,181.00000,1208.11399,5.94559,15.48563,22.09959,14.66632,0.66478,0.43018,0.08830
26.00000,132.00000,1249.76057,3.49887,17.61905,21.87982,16.57483,0.84751,0.05556,0.01474
27.00000,233.00000,1271.07007,4.99917,16.30000,23.44876,17.89339,0.64339,0.30909,0.09174
28.00000,223.00000,1266.86281,5.16519,16.45528,29.67607,22.70991,0.50000,0.21434,0.19178
29.00000,117.00000,1241.92896,4.56342,17.07477,29.03204,22.88518,0.75834,0.01869,0.00935
30.00000,152.00000,1263.37464,6.25810,15.12365,24.37695,20.15846,0.59484,0.23169,0.14046
31.00000,136.00000,1259.43797,6.67314,14.80583,25.23840,21.41532,0.50000,0.53722,0.22762
32.00000,159.00000,1235.78455,5.22545,16.33705,27.91853,19.04576,0.72991,0.43750,0.14621
33.00000,137.00000,1244.39036,5.51241,15.95658,21.77295,22.91935,0.65757,0.07196,0.00124
34.00000,166.00000,1226.47360,5.22773,16.37059,29.91597,17.11849,0.50000,0.30336,0.15042
35.00000,158.00000,1209.72809,5.51407,15.91787,29.57490,17.09506,0.61331,0.23270,0.04639
36.00000,208.00000,1219.19159,5.48868,15.88614,29.72419,13.92999,0.67433,0.28996,0.05728
37.00000,108.00000,1243.91897,6.89216,14.78676,34.56495,28.03431,0.63235,0.18505,0.01103
38.00000,128.00000,1267.08051,3.24470,17.89392,19.56011,17.49222,0.69095,0.25318,0.33805
39.00000,300.00000,1245.52068,6.94146,14.42803,26.96402,14.72771,0.54511,0.36144,0.03759
40.00000,98.00000,1282.17983,4.36160,17.00000,27.91147,17.59975,0.60723,0.24813,0.08229
41.00000,122.00000,1301.02654,4.74689,16.84232,29.40249,28.15906,0.65214,0.03458,0.05533
42.00000,168.00000,1336.12187,4.02944,17.38822,28.87121,19.45998,0.53450,0.14075,0.04508
43.00000,137.00000,1330.87212,5.82452,15.57505,26.97357,15.99260,0.58192,0.29070,0.10254
44.00000,160.00000,1364.83936,4.25029,17.15017,21.60419,18.98254,0.70256,0.22468,0.07451
45.00000,129.00000,1382.65200,6.60000,14.92174,28.78385,19.65466,0.56211,0.15155,0.03975
46.00000,184.00000,1356.08614,5.16142,16.22437,26.56981,16.08878,0.58797,0.41162,0.14124
47.00000,107.00000,1334.80771,5.90309,15.59531,36.16400,13.02769,0.50000,0.49521,0.13099
48.00000,189.00000,1354.16656,4.57748,16.83446,24.38595,20.97690,0.51444,0.18383,0.22137
49.00000,300.00000,1371.31280,6.68513,14.95044,21.48178,17.88265,0.60860,0.40379,0.28790
50.00000,88.00000,1384.94124,4.07716,17.21634,22.75643,17.43268,0.68306,0.16793,0.01210
51.00000,179.00000,1399.39430,5.19717,16.22786,23.67414,25.40496,0.73259,0.13341,0.02361
52.00000,158.00000,1392.59511,4.68389,16.76190,24.34853,16.39716,0.50000,0.14792,0.14083
53.00000,160.00000,1368.81725,5.57298,15.97732,27.63116,14.53846,0.59073,0.24753,0.07002
54.00000,300.00000,1346.08356,7.09174,14.60347,23.60245,16.56677,0.63201,0.58919,0.13660
55.00000,118.00000,1361.77131,4.11294,17.18588,26.53647,21.08000,0.50000,0.46000,0.01176
56.00000,143.00000,1340.76574,4.43325,16.93325,23.12304,23.23560,0.70092,0.17277,0.03272
57.00000,187.00000,1358.60185,4.86819,16.67647,22.41830,19.33878,0.86329,0.13072,0.03486
58.00000,152.00000,1337.04756,5.25843,16.12360,26.81024,20.94257,0.50000,0.32085,0.30212
59.00000,270.00000,1316.68369,4.56433,16.84283,19.72476,17.26466,0.70521,0.21987,0.06107
60.00000,159.00000,1295.63270,4.95986,16.25803,17.46789,15.47018,0.61984,0.52064,0.19610
61.00000,156.00000,1313.50107,5.23481,16.18575,19.89369,23.15771,0.50000,0.22664,0.15421
62.00000,142.00000,1331.44531,6.35714,15.14286,29.75369,16.33498,0.50616,0.49507,0.14778
63.00000,182.00000,1336.05002,4.54883,16.99219,23.67285,17.23535,0.52051,0.30176,0.20410
64.00000,148.00000,1318.06741,4.74603,16.59524,25.46693,20.66270,0.53505,0.36905,0.32804
65.00000,96.00000,1333.77658,5.10143,16.65020,31.61899,18.98570,0.50000,0.37061,0.11183
66.00000,117.00000,1314.28963,4.71948,16.89971,24.66134,22.99273,0.54433,0.09448,0.09593
67.00000,150.00000,1329.28596,4.43057,17.02548,24.56178,15.58599,0.63758,0.26879,0.14904
68.00000,134.00000,1307.81822,4.43585,16.76782,25.60692,15.40937,0.50000,0.23218,0.14562
69.00000,160.00000,1289.70231,4.94307,16.53548,29.25743,19.63201,0.50000,0.14604,0.09901
70.00000,126.00000,1295.20993,4.20314,17.28295,26.34825,19.06409,0.50000,0.16324,0.11850
71.00000,288.00000,1311.24289,6.08365,15.52977,22.80407,22.01809,0.53617,0.23210,0.06782
72.00000,297.00000,1295.90356,7.67316,13.71150,24.39562,17.17894,0.51309,0.34997,0.25685
73.00000,68.00000,1282.09711,3.10135,18.10586,25.27477,17.82883,0.52140,0.05405,0.14189
74.00000,181.00000,1269.62297,5.49107,16.07440,30.58631,16.77902,0.56845,0.21875,0.03274
75.00000,122.00000,1254.84120,5.23068,16.32841,30.03068,17.60568,0.54886,0.44545,0.07273
76.00000,93.00000,1278.17099,4.72828,16.74882,29.66667,20.67299,0.50000,0.44550,0.34913
77.00000,155.00000,1283.85422,4.34394,17.07466,20.46022,21.71848,0.56487,0.25092,0.27295
78.00000,197.00000,1314.15281,4.51124,16.99707,20.23265,20.55132,0.74878,0.13099,0.01173
79.00000,154.00000,1294.44149,4.89614,16.35507,27.75121,18.10145,0.58333,0.15338,0.02174
80.00000,106.00000,1311.17976,5.71611,15.59968,30.84370,23.16108,0.50000,0.16108,0.06061
81.00000,162.00000,1297.15810,4.50222,16.86690,29.60603,17.77728,0.61180,0.11003,0.02130
82.00000,191.00000,1282.10294,4.40549,16.91115,22.07108,18.90226,0.56260,0.23910,0.05897
83.00000,124.00000,1278.72816,5.24487,16.20379,28.20853,19.15956,0.63665,0.28436,0.15482
84.00000,300.00000,1284.27276,6.36049,15.19329,25.58200,15.85250,0.51358,0.25666,0.09957
85.00000,114.00000,1268.20781,5.19001,16.22899,30.47503,19.29842,0.50000,0.36419,0.10475
86.00000,160.00000,1288.29752,4.93961,16.43910,27.11361,20.25486,0.74104,0.14227,0.02456
87.00000,153.00000,1293.54564,5.96441,15.51864,28.13136,14.66441,0.50000,0.46271,0.25763
88.00000,155.00000,1277.18418,5.79614,15.72979,24.41013,25.58866,0.62183,0.26538,0.14355
89.00000,144.00000,1282.68884,4.22105,17.20602,20.33534,27.71128,0.50000,0.00000,0.00000
90.00000,94.00000,1270.92920,3.51634,17.77451,26.55556,19.17484,0.59722,0.03268,0.03922
91.00000,87.00000,1244.10205,4.91905,16.27619,34.76667,17.53452,0.50000,0.25714,0.00000
92.00000,216.00000,1230.21160,4.54823,16.99093,21.68425,17.38087,0.53380,0.22259,0.10882
93.00000,137.00000,1248.36443,4.62933,16.65867,18.62533,18.79333,0.58333,0.43733,0.06133
94.00000,148.00000,1264.79617,5.56597,15.91146,32.13455,17.80729,0.70312,0.43056,0.03472
95.00000,206.00000,1251.53018,5.52995,15.96892,27.58226,21.65125,0.58378,0.44655,0.14481
96.00000,74.00000,1257.62634,5.22540,16.36825,30.33016,11.49048,0.50000,0.18095,0.03016
97.00000,291.00000,1272.74775,6.42896,15.05126,24.62230,16.14748,0.54002,0.86601,0.78327
98.00000,161.00000,1294.00459,4.26190,17.25155,25.06936,19.33851,0.70807,0.24534,0.07660
99.00000,76.00000,1298.94546,3.71531,17.51073,27.27754,17.79685,0.50000,0.15451,0.03004
100.00000,124.00000,1295.43447,5.11294,16.30118,26.50941,21.12235,0.54824,0.11529,0.02471
101.00000,245.00000,1311.16966,6.19185,15.26342,21.99602,21.16402,0.63221,0.46720,0.20378
102.00000,300.00000,1298.14179,4.99458,16.49648,22.76911,16.24119,0.50569,0.17507,0.07100
103.00000,164.00000,1284.25419,3.12644,18.23974,25.76355,17.97373,0.50000,0.18883,0.14943
104.00000,122.00000,1281.55714,4.91585,16.55244,29.23415,20.34878,0.50000,0.25610,0.05854
105.00000,82.00000,1301.75402,6.79257,14.49845,34.96130,21.31734,0.50000,0.39938,0.22446
106.00000,114.00000,1306.43024,6.26674,15.14727,32.29454,21.03502,0.50000,0.31205,0.13285
107.00000,113.00000,1290.47584,4.27003,17.27261,31.34625,14.46512,0.53165,0.39018,0.21447
108.00000,236.00000,1295.39287,5.80713,15.69589,25.67896,17.80290,0.50000,0.21100,0.16566
109.00000,203.00000,1313.97256,3.22409,17.97619,23.89986,15.31232,0.50000,0.21709,0.20308
110.00000,181.00000,1318.33498,5.95786,15.55380,27.51919,19.15275,0.50000,0.34989,0.18059
111.00000,300.00000,1335.02264,6.72143,14.73214,21.66429,9.61786,0.50000,0.31131,0.15298
112.00000,99.00000,1338.93259,4.84774,16.61161,30.04387,20.20645,0.82581,0.17419,0.01677
113.00000,239.00000,1350.13622,7.42737,14.09358,23.08520,18.61941,0.50000,0.21369,0.08729
114.00000,87.00000,1363.00500,4.15461,17.27092,30.66525,12.34468,0.50000,0.41844,0.18440
115.00000,183.00000,1345.56322,4.72503,16.69565,21.20447,23.39365,0.71739,0.30670,0.03878
116.00000,117.00000,1361.15742,4.36137,16.99065,24.34268,18.12150,0.50000,0.36293,0.12150
117.00000,145.00000,1344.55089,4.44373,17.06860,29.86602,18.97535,0.77170,0.36334,0.21436
118.00000,149.00000,1324.37836,4.04903,17.45419,21.37548,19.98581,0.73226,0.10065,0.08516
119.00000,137.00000,1338.21537,4.65807,16.80597,18.43419,25.00000,0.82293,0.07056,0.00271
120.00000,209.00000,1321.15034,5.03283,16.41260,20.12866,24.19432,0.57320,0.30790,0.08784
121.00000,155.00000,1304.85496,4.58888,16.76227,20.83533,19.41549,0.61341,0.30098,0.15485
122.00000,138.00000,1290.93493,6.64746,14.61356,21.40169,28.27966,0.50000,0.30678,0.11017
123.00000,189.00000,1295.68273,4.92899,16.53807,27.59883,18.31113,0.50000,0.17716,0.15081
124.00000,122.00000,1282.84559,5.97979,15.41564,35.79262,16.71968,0.50000,0.23199,0.01230
125.00000,175.00000,1300.50051,5.44436,16.03148,30.03807,15.29649,0.50000,0.33089,0.06442
126.00000,108.00000,1313.16189,5.57976,15.90429,31.86799,26.17052,0.50110,0.08141,0.00660
127.00000,192.00000,1326.75506,5.28964,16.20644,27.03532,16.27159,0.50000,0.35636,0.18603
128.00000,260.00000,1312.31622,4.47151,16.99083,25.17682,11.94695,0.51375,0.23183,0.09758
129.00000,124.00000,1325.31691,4.59962,16.91596,31.43909,15.07271,0.59443,0.35316,0.09065
130.00000,161.00000,1321.56022,4.66927,16.81564,22.63911,19.21453,0.55531,0.17989,0.18659
131.00000,181.00000,1337.96785,3.56996,17.69753,17.45165,18.17901,0.51029,0.18724,0.18724
132.00000,138.00000,1319.74538,5.50832,15.78361,29.03841,18.22407,0.50000,0.17414,0.14341
133.00000,178.00000,1323.78661,4.83152,16.69565,31.09918,14.96807,0.62840,0.38655,0.08696
134.00000,161.00000,1327.73993,4.36782,17.05836,27.18744,20.70822,0.50000,0.20513,0.09637
135.00000,166.00000,1331.60875,4.72950,16.60415,24.06692,17.01037,0.53676,0.23657,0.07069
136.00000,165.00000,1344.56786,5.40926,15.91615,22.01001,25.90738,0.75469,0.11514,0.11014
137.00000,182.00000,1359.51495,6.64822,14.90525,26.25516,17.27017,0.63884,0.50000,0.08724
138.00000,173.00000,1341.53197,4.46946,16.78185,27.30017,15.82723,0.54974,0.27574,0.15707
139.00000,136.00000,1345.11533,5.15470,16.16575,26.13039,18.55359,0.50000,0.29061,0.27293
140.00000,180.00000,1355.17868,5.91858,15.58908,23.20977,17.88889,0.57088,0.28065,0.14655
141.00000,118.00000,1358.51034,4.70759,16.67215,30.38734,21.26456,0.55443,0.15570,0.07089
142.00000,120.00000,1371.74117,5.58584,15.91416,26.26355,21.88102,0.50000,0.17470,0.16416
143.00000,212.00000,1354.14671,5.11425,16.26993,31.72567,16.13183,0.51099,0.23540,0.07972
144.00000,266.00000,1340.41938,5.81355,15.70598,22.98964,18.94502,0.67928,0.27649,0.04223
145.00000,89.00000,1343.98478,4.46225,17.08827,38.33798,15.62137,0.50000,0.27410,0.00348
146.00000,95.00000,1331.28825,4.82982,16.66623,36.07916,24.34433,0.50000,0.06201,0.00792
147.00000,163.00000,1346.15049,4.12940,17.25426,26.32577,23.08513,0.53121,0.08059,0.07605
148.00000,165.00000,1320.87716,6.18781,15.45133,29.56441,22.13963,0.72075,0.28417,0.13176
149.00000,252.00000,1306.23980,5.50572,15.99037,27.82179,19.15713,0.50000,0.29982,0.21072
150.00000,110.00000,1295.62920,4.03303,17.47447,27.53003,19.68769,0.50000,0.41291,0.25976
151.00000,290.00000,1310.69460,5.32407,16.12550,19.08102,17.69817,0.79746,0.27164,0.05004
152.00000,77.00000,1295.97198,3.46404,17.73801,27.03082,23.93493,0.50000,0.01712,0.01712
153.00000,190.00000,1280.82170,5.44031,16.17209,28.32713,23.19147,0.81473,0.35504,0.10698
154.00000,131.00000,1277.95325,6.31899,15.01889,22.00420,16.50472,0.50000,0.18783,0.06716
155.00000,169.00000,1294.53098,4.93508,16.44671,24.18895,15.87888,0.75969,0.19186,0.02422
156.00000,300.00000,1305.86753,6.87846,14.67108,23.80933,17.99251,0.64689,0.26959,0.08871
157.00000,142.00000,1288.01657,5.45200,16.17989,35.90401,23.99622,0.50000,0.12094,0.06349
158.00000,86.00000,1303.45037,4.38729,16.98185,28.39939,23.63238,0.50000,0.04387,0.07110
159.00000,121.00000,1317.15994,4.20833,17.26449,30.78261,14.26630,0.50000,0.25272,0.03351
160.00000,121.00000,1302.96059,6.58199,14.83697,37.05403,17.47299,0.50000,0.30711,0.09194
161.00000,126.00000,1317.09607,5.09365,16.27449,27.79871,16.77180,0.50000,0.27449,0.09473
162.00000,95.00000,1331.59041,4.18519,17.19407,26.57630,26.59556,0.50000,0.06519,0.02963
163.00000,247.00000,1343.89119,4.54935,16.83900,23.79288,17.97654,0.60073,0.18528,0.05906
164.00000,159.00000,1329.26587,6.55646,14.81587,26.08138,18.21261,0.79959,0.40081,0.12309
165.00000,247.00000,1341.81497,7.45579,13.88843,24.06291,15.24095,0.57359,0.43798,0.16439
166.00000,256.00000,1326.74707,4.71984,16.55932,18.42572,15.26022,0.50349,0.07278,0.09472
167.00000,198.00000,1340.87098,4.64842,16.69376,23.29085,19.43285,0.50513,0.17280,0.13944
168.00000,198.00000,1337.06437,6.10467,15.53201,25.76903,19.85035,0.79715,0.35554,0.03806
169.00000,221.00000,1353.77896,5.58482,16.14795,27.94810,21.73509,0.71263,0.34392,0.12858
170.00000,126.00000,1365.15708,4.57330,16.82260,29.33520,13.61438,0.72549,0.25117,0.00560
171.00000,98.00000,1350.42083,4.16691,17.42525,28.49637,20.39623,0.50000,0.01887,0.04064
172.00000,154.00000,1362.01248,3.61632,17.58885,29.65670,19.42407,0.50000,0.16155,0.06462
173.00000,140.00000,1346.85774,4.08871,17.37903,22.09879,20.05948,0.76361,0.09577,0.04536
174.00000,84.00000,1350.15420,3.74506,17.66996,26.01383,20.32609,0.57312,0.00198,0.00198
175.00000,76.00000,1331.82912,3.89714,17.40857,30.10571,12.48000,0.50000,0.32429,0.03429
176.00000,300.00000,1315.91426,7.34760,14.18566,22.50607,19.36264,0.58097,0.29960,0.13187
177.00000,300.00000,1329.70310,6.03475,15.57848,27.13173,18.26009,0.50420,0.17545,0.06054
178.00000,162.00000,1341.94876,4.79315,16.57204,33.82882,17.90728,0.50000,0.16690,0.00499
179.00000,300.00000,1353.75102,5.61180,15.79315,21.19446,12.77859,0.52695,0.32702,0.11945
180.00000,127.00000,1365.46407,5.21565,16.32999,37.18556,22.01906,0.52909,0.17553,0.04514
181.00000,128.00000,1366.50702,4.12683,17.26732,30.18634,14.47902,0.58195,0.26049,0.00000
182.00000,134.00000,1349.99468,4.68881,16.68512,18.67774,23.11316,0.67097,0.12054,0.16728
183.00000,80.00000,1360.91108,3.57493,17.85735,25.64409,12.60519,0.50000,0.39481,0.06196
184.00000,247.00000,1346.62183,6.04099,15.30572,22.96243,13.30145,0.50000,0.35952,0.15628
185.00000,131.00000,1359.50976,5.09562,16.45308,33.96247,20.96604,0.50000,0.28776,0.13405
186.00000,165.00000,1362.54923,5.56448,15.92163,28.17857,22.96726,0.50000,0.28274,0.16964
187.00000,92.00000,1375.89368,4.76923,16.60201,21.39465,18.26421,0.50000,0.24916,0.11037
188.00000,120.00000,1378.68028,6.40975,15.06645,32.54596,16.48948,0.50000,0.49169,0.13068
189.00000,165.00000,1360.35682,5.16183,16.38347,28.69657,20.06860,0.50000,0.18821,0.08531
190.00000,300.00000,1370.75351,5.08868,16.41489,16.49327,15.74109,0.63579,0.20586,0.17419
191.00000,165.00000,1383.41714,4.54473,16.74950,29.60338,23.28032,0.50000,0.13419,0.03678
192.00000,300.00000,1392.60266,5.85421,15.64798,21.73209,17.74829,0.54766,0.38131,0.31651
193.00000,193.00000,1379.10928,3.89009,17.60516,28.23881,15.22388,0.55326,0.14925,0.06513
194.00000,132.00000,1388.10228,3.96292,17.45983,23.76267,21.27318,0.67429,0.11867,0.06180
195.00000,123.00000,1402.13193,5.61780,15.91405,32.69060,15.20728,0.50000,0.43579,0.11729
196.00000,159.00000,1386.28475,4.18076,17.32241,21.15222,11.92812,0.53171,0.34989,0.11205
197.00000,170.00000,1398.03731,5.33240,16.33798,28.72052,19.19870,0.54364,0.28134,0.12349
198.00000,300.00000,1411.09320,6.24451,15.22255,22.53514,19.45095,0.58016,0.32064,0.22914
199.00000,120.00000,1405.97676,5.23722,16.16121,29.84666,26.54522,0.56291,0.08257,0.07339
200.00000,132.00000,1418.19767,4.61047,16.93411,27.13372,15.22674,0.50000,0.18508,0.11628
201.00000,159.00000,1402.59966,4.75458,16.63238,24.73625,19.81874,0.66955,0.27800,0.12525
202.00000,264.00000,1404.98141,5.86991,15.51511,22.41261,13.98423,0.50000,0.19120,0.20105
203.00000,159.00000,1414.92388,3.41758,18.07393,25.50549,16.17383,0.50000,0.24176,0.21778
204.00000,194.00000,1427.79126,4.74364,16.74545,29.48182,19.13455,0.51818,0.19909,0.08091
205.00000,300.00000,1434.82044,5.76808,15.60599,21.84352,14.99314,0.55798,0.29551,0.09788
206.00000,191.00000,1419.99041,4.41607,17.02774,29.33713,16.85491,0.50000,0.20128,0.05477
207.00000,241.00000,1429.09197,4.40320,16.93159,26.33697,21.86172,0.52183,0.09680,0.05022
208.00000,127.00000,1439.43862,2.90112,18.47209,13.01754,18.36364,0.68341,0.06220,0.10686
209.00000,114.00000,1422.34194,5.86676,15.64095,27.28471,13.67742,0.51683,0.43899,0.15007
210.00000,149.00000,1417.02479,5.73823,15.83812,27.02181,16.41906,0.65557,0.30195,0.04248
211.00000,292.00000,1425.87424,6.88314,14.58932,19.78381,17.43740,0.63063,0.27880,0.09933
212.00000,71.00000,1407.20253,3.38443,17.89858,24.83962,20.32783,0.78066,0.00000,0.00000
213.00000,293.00000,1392.52281,6.14028,15.32210,19.25313,22.94201,0.58072,0.25078,0.01881
214.00000,139.00000,1374.91040,5.35500,16.06167,35.29667,16.43250,0.53583,0.19250,0.02333
215.00000,179.00000,1362.02482,4.72303,16.74733,26.12828,16.29252,0.60836,0.18853,0.04665
216.00000,300.00000,1373.00113,5.99351,15.53048,24.21401,14.69196,0.53307,0.43839,0.24125
217.00000,300.00000,1386.78482,4.92558,16.57276,19.90498,16.81130,0.54186,0.19934,0.11628
218.00000,200.00000,1386.49247,5.47013,16.06918,27.47170,21.42689,0.55542,0.29403,0.11085
219.00000,164.00000,1396.16211,4.85871,16.72016,33.20850,18.64952,0.50000,0.21811,0.00000
220.00000,188.00000,1405.13304,4.46711,17.12269,29.41537,12.88987,0.50000,0.12786,0.11456
221.00000,184.00000,1418.18339,4.32198,17.17924,21.92620,20.92295,0.50000,0.18978,0.15085
222.00000,243.00000,1426.42732,6.08498,15.35891,22.06766,17.66089,0.55404,0.24010,0.02970
223.00000,149.00000,1428.47639,4.95787,16.33038,21.39579,20.73503,0.50000,0.19401,0.12860
224.00000,96.00000,1412.41119,4.73333,16.54971,27.13684,14.67251,0.50000,0.17544,0.08889
225.00000,185.00000,1419.52304,5.22222,16.17318,30.20766,21.86284,0.51379,0.21686,0.05824
226.00000,56.00000,1427.95385,3.90977,17.58647,29.51880,24.78446,0.50000,0.05764,0.00000
227.00000,168.00000,1415.00155,4.06488,17.21029,24.69911,22.98210,0.50000,0.16219,0.07606
228.00000,141.00000,1409.96647,4.56608,16.77544,20.27836,12.63977,0.50000,0.35322,0.15673
229.00000,215.00000,1392.84213,5.12674,16.50824,27.93663,21.14449,0.50000,0.20469,0.11914
230.00000,97.00000,1401.57121,5.50318,15.82719,27.65820,20.90978,0.50000,0.20457,0.13342
231.00000,85.00000,1409.95885,4.55989,16.75236,31.76447,15.82773,0.50000,0.36878,0.18708
232.00000,136.00000,1422.19153,5.70104,15.93859,25.77289,21.48783,0.68540,0.19699,0.00927
233.00000,181.00000,1433.20188,4.64433,16.79691,27.30412,27.63918,0.53608,0.11856,0.00412
234.00000,129.00000,1420.63174,4.46902,16.82650,28.86368,14.60820,0.50000,0.34318,0.13441
235.00000,193.00000,1402.55223,4.21995,17.19858,19.39537,15.29118,0.51469,0.27605,0.20392
236.00000,264.00000,1411.17899,5.07623,16.43920,19.17604,18.65971,0.68466,0.24864,0.04719
237.00000,110.00000,1418.02776,3.32953,17.94641,26.87799,15.34778,0.50000,0.23603,0.03307
238.00000,300.00000,1402.80487,6.75149,14.75611,25.25314,17.60476,0.57105,0.22538,0.05552
239.00000,300.00000,1405.08566,6.71173,14.78571,23.07398,16.01913,0.57749,0.35140,0.05740
240.00000,120.00000,1388.89345,5.22870,16.52108,39.59283,16.03049,0.50000,0.31031,0.04126
241.00000,187.00000,1388.62905,5.41882,16.08042,22.03187,24.04932,0.52504,0.23824,0.11002
242.00000,300.00000,1403.60670,6.66642,14.79188,22.02538,14.64757,0.59173,0.24583,0.08339
243.00000,205.00000,1410.43337,4.22315,17.14181,17.63504,19.43587,0.59020,0.18040,0.08759
244.00000,100.00000,1421.34368,4.23810,17.13997,27.34776,13.45310,0.50000,0.24531,0.00000
245.00000,195.00000,1406.16935,4.40780,16.87288,26.05475,13.83638,0.52391,0.11013,0.06104
246.00000,179.00000,1393.43813,6.28467,15.48206,28.04405,18.53426,0.74062,0.25775,0.02284
247.00000,154.00000,1400.33288,3.66078,17.71176,25.62451,15.75686,0.53284,0.15882,0.12157
248.00000,98.00000,1411.71285,4.50644,16.80043,30.83262,13.97961,0.50000,0.23176,0.02039
249.00000,300.00000,1421.19212,6.07626,15.50607,17.50607,20.80676,0.65381,0.42548,0.08492
250.00000,166.00000,1428.83482,4.75905,16.57601,23.11375,19.80145,0.94623,0.27508,0.01861
251.00000,175.00000,1409.40687,4.11009,17.32031,31.83665,16.93821,0.50000,0.17259,0.14631
252.00000,103.00000,1393.49193,5.01237,16.29691,31.91134,16.45155,0.50000,0.20825,0.01340
253.00000,172.00000,1405.00634,4.76912,16.59853,30.04044,19.51838,0.50000,0.15956,0.05000
254.00000,180.00000,1417.95198,4.31042,17.05048,23.29108,20.72932,0.54404,0.19656,0.24705
255.00000,113.00000,1424.45429,5.08235,16.36043,36.57433,25.68342,0.50000,0.20856,0.04171
256.00000,118.00000,1408.63117,4.15317,17.11379,28.22101,13.14004,0.50000,0.32166,0.05689
257.00000,171.00000,1420.17224,4.32688,16.83293,21.33777,21.92736,0.58414,0.21429,0.14528
258.00000,121.00000,1430.48021,4.06491,17.26369,30.37018,17.29513,0.50000,0.14909,0.05477
259.00000,180.00000,1415.33244,4.46903,16.82933,19.52086,20.55752,0.51011,0.12895,0.11884
260.00000,156.00000,1422.82302,4.02668,17.30278,25.77146,25.56613,0.65081,0.03364,0.01044
261.00000,160.00000,1417.77721,3.79072,17.61994,22.25370,17.06910,0.50000,0.16387,0.17769
262.00000,164.00000,1401.07660,3.80621,17.48073,21.70664,14.21520,0.53373,0.22377,0.12634
263.00000,145.00000,1412.72573,5.00445,16.41157,29.17575,25.36819,0.64572,0.13571,0.11346
264.00000,169.00000,1407.92353,4.65787,16.71152,30.07212,23.00176,0.52287,0.11170,0.03782
265.00000,212.00000,1394.18429,5.61796,15.84450,29.33244,16.67359,0.54993,0.21783,0.14276
266.00000,100.00000,1403.09132,4.82103,16.47935,28.26533,19.80601,0.60138,0.19775,0.06258
267.00000,141.00000,1415.40036,3.73672,17.64235,31.75971,13.22443,0.50000,0.08168,0.04044
268.00000,186.00000,1422.60992,4.69948,16.66839,28.12349,20.51295,0.50000,0.25216,0.16235
269.00000,300.00000,1429.84369,4.96567,16.50858,27.80483,20.18245,0.57311,0.19835,0.06675
270.00000,152.00000,1440.00241,4.14301,17.15622,30.57426,23.97690,0.50000,0.04070,0.00330
271.00000,120.00000,1438.70746,5.35010,16.22074,32.30287,18.33470,0.50000,0.27413,0.21971
272.00000,239.00000,1424.62490,6.44916,15.00905,25.82103,16.16643,0.64485,0.40390,0.04875
273.00000,153.00000,1435.50811,4.69261,16.57004,23.89494,15.00292,0.50000,0.31615,0.33366
274.00000,126.00000,1447.86063,3.03614,18.27470,26.60120,18.99880,0.53313,0.11807,0.10723
275.00000,164.00000,1456.73118,5.73980,15.81601,34.93764,21.07005,0.50000,0.28406,0.10855
276.00000,82.00000,1463.46436,2.93646,18.26021,25.11044,13.04085,0.50000,0.32980,0.05749
277.00000,212.00000,1471.96589,5.67320,15.98219,25.03117,20.16118,0.79252,0.30988,0.08816
278.00000,191.00000,1478.08791,6.18232,15.26519,26.74862,22.29650,0.59853,0.38029,0.19061
279.00000,277.00000,1463.97321,4.84036,16.55490,23.67893,13.51276,0.50000,0.16677,0.11395
280.00000,219.00000,1472.97803,4.94053,16.39546,30.04660,20.31514,0.53403,0.21521,0.07112
281.00000,285.00000,1478.89741,6.14497,15.27124,22.93375,15.64147,0.50546,0.31099,0.04131
282.00000,181.00000,1489.70414,4.77868,16.59044,25.56544,17.63015,0.50000,0.17647,0.04338
283.00000,96.00000,1497.09135,5.02255,16.35411,34.08753,13.21220,0.84151,0.44828,0.03581
284.00000,160.00000,1504.73811,4.67612,16.76546,29.00945,16.16753,0.50000,0.42526,0.21821
285.00000,117.00000,1511.46599,4.34079,17.04686,31.65495,14.70927,0.50000,0.21725,0.12034
286.00000,179.00000,1518.45132,4.24353,17.08437,21.70757,15.38351,0.72196,0.10738,0.07478
287.00000,300.00000,1535.33063,4.90764,16.50444,24.74423,20.71670,0.56483,0.12789,0.02664
288.00000,125.00000,1551.68479,5.52587,15.78833,29.17215,22.42145,0.50000,0.18627,0.15898
289.00000,116.00000,1532.94251,3.36541,17.94928,24.97789,16.39142,0.50000,0.27698,0.21066
290.00000,176.00000,1536.54082,4.14471,17.14941,24.22353,15.86118,0.76294,0.23412,0.14118
291.00000,166.00000,1552.81533,5.76250,15.73750,29.35804,22.71964,0.61027,0.08393,0.04196
292.00000,174.00000,1544.35600,4.96282,16.56026,30.11667,15.17692,0.50481,0.19038,0.04872
293.00000,126.00000,1536.16969,4.78245,16.52754,29.56583,15.28758,0.51074,0.21008,0.07563
294.00000,218.00000,1541.83751,5.99919,15.34357,21.05578,14.53274,0.75182,0.48747,0.04689
295.00000,247.00000,1548.47330,6.34997,14.99246,29.33778,13.76553,0.50000,0.20778,0.06849
296.00000,69.00000,1552.36546,5.75556,15.84444,36.39630,23.57593,0.50000,0.21852,0.04444
297.00000,158.00000,1556.30845,4.85749,16.72068,32.77932,19.12785,0.50000,0.16857,0.13518
298.00000,111.00000,1563.35384,4.21899,17.06149,29.92233,14.70227,0.50000,0.28910,0.09924
299.00000,300.00000,1570.92119,5.32858,16.16815,22.00654,14.38622,0.50416,0.20796,0.15805
300.00000,206.00000,1577.35075,4.44623,16.97830,22.81792,20.17547,0.77925,0.15094,0.06604
301.00000,258.00000,1583.43259,5.74023,15.68549,25.86533,25.80452,0.64075,0.22850,0.05300
302.00000,154.00000,1565.18897,4.72031,16.70810,25.13097,27.93785,0.68424,0.07880,0.02220
303.00000,300.00000,1568.16675,5.56226,15.86623,25.37085,12.15769,0.50000,0.11147,0.07613
304.00000,160.00000,1550.83851,3.81361,17.61045,24.98718,20.79093,0.78452,0.27318,0.14793
305.00000,210.00000,1556.47389,5.24773,16.25227,28.18939,14.46515,0.66402,0.46818,0.03106
306.00000,218.00000,1560.79542,4.52216,16.77171,30.40862,20.84274,0.50000,0.12022,0.10018
307.00000,300.00000,1546.42813,6.80188,14.71311,21.16637,10.01999,0.55173,0.16931,0.01764
308.00000,97.00000,1547.41405,3.79964,17.59747,21.63177,22.82671,0.50000,0.10830,0.14982
309.00000,220.00000,1563.11240,4.48300,16.99128,21.47777,21.13078,0.54272,0.27027,0.11160
310.00000,97.00000,1542.70228,3.64302,17.68488,32.42791,15.94535,0.50000,0.11512,0.03721
311.00000,256.00000,1543.70623,6.58773,15.08497,36.45701,17.82051,0.51458,0.25239,0.05028
312.00000,213.00000,1546.94924,6.40476,15.29803,26.22906,25.91626,0.54926,0.16338,0.04680
313.00000,145.00000,1552.50523,4.71609,16.64483,23.03218,22.92069,0.60287,0.07471,0.02759
314.00000,200.00000,1536.30274,5.57689,15.90581,26.62399,15.80500,0.60817,0.24503,0.08094
315.00000,226.00000,1521.10574,6.63942,14.76788,23.19416,13.93650,0.63577,0.30292,0.03723
316.00000,300.00000,1529.13974,6.56542,14.93220,25.41017,14.30780,0.52881,0.20881,0.06102
317.00000,168.00000,1535.60039,6.50770,15.16288,34.08364,18.82465,0.50000,0.25092,0.08584
318.00000,86.00000,1516.20900,5.56086,15.81146,35.09905,18.51193,0.50000,0.31146,0.03461
319.00000,300.00000,1522.83575,6.67466,15.05720,31.22263,13.23493,0.56550,0.28967,0.02891
320.00000,300.00000,1528.57401,4.69792,16.71528,18.14583,17.07639,0.65451,0.12674,0.06684
321.00000,167.00000,1510.38221,4.38895,17.08108,23.95065,20.86016,0.82021,0.17274,0.07638
322.00000,104.00000,1492.02830,4.07566,17.21053,22.98520,26.14309,0.56908,0.05757,0.04276
323.00000,243.00000,1480.63390,6.39924,15.00254,25.75270,18.70757,0.50000,0.22823,0.14622
324.00000,213.00000,1471.65467,5.93722,15.43943,18.29075,18.47467,0.70650,0.25551,0.02974
325.00000,111.00000,1481.66280,6.09002,15.44227,34.98434,15.60665,0.50000,0.35225,0.07241
326.00000,111.00000,1491.00665,4.59060,16.84851,38.08150,15.81304,0.50000,0.25312,0.02397
327.00000,222.00000,1492.32245,5.78552,15.60491,24.25232,16.60558,0.50000,0.38645,0.12550
328.00000,155.00000,1509.37411,4.50260,16.82031,28.08767,13.63802,0.50000,0.16319,0.08247
329.00000,112.00000,1510.56276,5.36202,16.20178,32.90504,32.44955,0.50000,0.01484,0.00000
330.00000,142.00000,1520.33460,4.77048,16.59471,26.27389,15.75939,0.50000,0.38908,0.10495
331.00000,195.00000,1507.64977,5.32324,15.99911,21.32947,12.89136,0.52671,0.27694,0.08638
332.00000,188.00000,1508.84694,6.47143,15.09328,26.78908,22.83782,0.55168,0.17983,0.11765
333.00000,210.00000,1492.33014,4.93417,16.54824,32.29115,13.58967,0.50000,0.26334,0.01305
334.00000,144.00000,1473.89828,4.99316,16.42429,33.02652,15.34731,0.50000,0.33020,0.08041
335.00000,300.00000,1482.09290,5.34041,16.22201,22.87902,12.84813,0.50193,0.16795,0.08494
336.00000,182.00000,1492.43695,4.68242,16.90103,28.38848,15.14771,0.57016,0.19793,0.05170
337.00000,127.00000,1497.25160,4.83804,16.47117,22.40123,23.89816,0.57423,0.16687,0.15706
338.00000,88.00000,1509.53260,3.78875,17.44529,29.00456,15.73252,0.50000,0.32067,0.10790
339.00000,127.00000,1500.01617,4.09138,17.16199,27.91381,11.38318,0.50000,0.10073,0.09034
340.00000,227.00000,1508.30082,6.00302,15.33333,21.57391,19.36501,0.56448,0.23454,0.08899
341.00000,114.00000,1513.30794,6.41866,15.12514,31.63367,18.21502,0.60580,0.33447,0.15358
342.00000,103.00000,1518.43489,5.61146,15.66771,33.40833,14.48229,0.50000,0.30104,0.01771
343.00000,149.00000,1519.55428,4.86819,16.56987,28.98018,18.10803,0.50743,0.18137,0.05055
344.00000,173.00000,1525.79144,4.15593,17.43057,31.51590,15.68813,0.50000,0.18231,0.07060
345.00000,187.00000,1530.29511,5.56123,16.14537,31.09780,30.76300,0.62819,0.03348,0.01674
346.00000,172.00000,1541.04395,5.22503,16.02067,18.94489,21.91389,0.55568,0.38462,0.25832
347.00000,300.00000,1533.29632,5.52149,15.82808,22.46633,17.67120,0.52436,0.07235,0.04585
348.00000,132.00000,1539.00628,4.23707,17.12000,33.88293,18.16293,0.50000,0.16878,0.02829
349.00000,300.00000,1554.48300,7.64104,13.84559,22.50067,15.96457,0.60261,0.29813,0.02406
350.00000,178.00000,1557.95737,5.31586,16.04839,32.55376,11.88508,0.50941,0.35753,0.09073
351.00000,300.00000,1568.20790,5.81805,15.64880,21.63540,17.28773,0.53773,0.27362,0.09944
352.00000,300.00000,1577.32795,5.66156,15.86395,15.99660,17.85459,0.69175,0.26276,0.12075
353.00000,159.00000,1572.75271,6.43432,14.95385,28.90414,20.85917,0.52840,0.38935,0.11834
354.00000,151.00000,1552.35291,4.71398,16.72688,27.32688,21.03118,0.54247,0.11720,0.05376
355.00000,214.00000,1535.75621,5.51690,15.98798,23.95567,16.48535,0.54170,0.32983,0.14050
356.00000,154.00000,1551.25128,5.29195,16.07913,22.74488,20.86085,0.63643,0.18963,0.06412
357.00000,152.00000,1554.70435,4.30698,17.11018,28.23802,13.47855,0.50000,0.13625,0.13120
358.00000,247.00000,1536.72804,6.16153,15.38068,26.08360,26.91883,0.66112,0.26136,0.08360
359.00000,114.00000,1547.28055,5.15376,16.48746,29.89422,20.45038,0.50000,0.36096,0.19738
360.00000,150.00000,1552.50693,4.10353,17.38275,33.27451,19.20314,0.50000,0.16000,0.12314
361.00000,88.00000,1557.87672,5.22733,16.34560,36.34954,19.44678,0.52760,0.28252,0.03417
362.00000,186.00000,1562.91077,5.95818,15.76673,25.06784,20.66729,0.61013,0.24164,0.12639
363.00000,300.00000,1569.34787,4.99197,16.46421,25.03880,18.64281,0.50000,0.18997,0.09097
364.00000,174.00000,1574.96452,5.24195,16.10618,28.99478,18.36554,0.61401,0.24282,0.04003
365.00000,100.00000,1582.06874,4.53506,16.74238,28.29878,31.60518,0.71037,0.04116,0.02591
366.00000,300.00000,1567.90292,6.01869,15.28037,17.09993,15.31057,0.51006,0.27822,0.08843
367.00000,131.00000,1553.78959,5.72892,15.73373,28.99277,15.37590,0.51807,0.18434,0.01205
368.00000,275.00000,1547.35802,6.06002,15.38839,26.46925,13.34871,0.50000,0.17510,0.05010
369.00000,150.00000,1530.53153,3.90810,17.52079,26.02845,21.55142,0.67560,0.06127,0.01204
370.00000,86.00000,1535.99289,6.78922,14.77451,32.90319,15.53431,0.50000,0.42525,0.06373
371.00000,300.00000,1526.14765,5.48318,16.01223,22.16697,13.23731,0.50000,0.20245,0.11927
372.00000,176.00000,1531.98627,4.52034,16.90845,29.32394,18.37246,0.50000,0.08529,0.04851
373.00000,123.00000,1542.71049,3.61282,17.80256,25.13846,21.54744,0.50000,0.17949,0.16795
374.00000,160.00000,1546.70172,4.09392,17.25020,27.49408,16.43725,0.50000,0.21152,0.06788
375.00000,163.00000,1550.54139,4.06283,17.21815,23.17016,16.74869,0.50000,0.12827,0.05846
376.00000,281.00000,1553.90437,5.98193,15.33400,18.90428,16.64993,0.55924,0.24699,0.05087
377.00000,263.00000,1561.34749,5.17496,16.31140,23.07143,20.16533,0.54735,0.11637,0.06019
378.00000,181.00000,1564.43072,4.89032,16.53656,22.62648,17.10672,0.76136,0.29348,0.03063
379.00000,168.00000,1546.61368,3.48168,17.75994,26.01481,20.38581,0.50195,0.11613,0.05612
380.00000,122.00000,1529.12744,5.64905,15.91525,29.65204,17.02094,0.69641,0.41476,0.03390
381.00000,269.00000,1533.77219,6.35784,15.22549,32.23713,17.37010,0.54105,0.27574,0.03309
382.00000,173.00000,1538.70952,3.69977,17.54694,22.96431,14.97828,0.50000,0.17921,0.14663
383.00000,164.00000,1542.09397,4.68315,16.69021,29.75277,20.05853,0.52825,0.16347,0.05045
384.00000,94.00000,1546.73691,4.92147,16.47906,34.35209,14.79188,0.50000,0.22644,0.01440
385.00000,134.00000,1535.18097,4.48893,16.89548,30.99646,17.78565,0.50000,0.12135,0.05934
386.00000,132.00000,1541.17472,4.02047,17.16272,22.64871,17.89440,0.52856,0.16379,0.11315
387.00000,146.00000,1545.55148,4.13911,17.27424,37.74324,12.36486,0.50000,0.22576,0.06439
388.00000,184.00000,1551.13255,4.41332,17.09841,26.88494,18.30810,0.62945,0.16200,0.04921
389.00000,216.00000,1557.39275,5.60518,15.66343,21.15858,19.23382,0.54854,0.20550,0.06958
390.00000,252.00000,1569.81811,5.42878,16.03453,18.76691,19.17266,0.65504,0.26547,0.01727
391.00000,174.00000,1551.29051,4.85074,16.68746,30.32656,11.87526,0.50000,0.33497,0.04555
392.00000,166.00000,1563.49716,3.81121,17.60935,25.78411,18.38879,0.53738,0.11215,0.11869
393.00000,84.00000,1568.64539,5.28015,16.05751,22.82746,18.20037,0.62152,0.19481,0.11874
394.00000,139.00000,1571.63422,4.30120,17.09243,29.14343,16.53546,0.50000,0.18725,0.02869
395.00000,300.00000,1555.84752,4.56623,16.76685,21.05345,17.93106,0.65569,0.11541,0.02091
396.00000,300.00000,1558.98174,5.89303,15.60386,21.65424,23.83713,0.67840,0.15321,0.12767
397.00000,300.00000,1541.77404,6.31805,15.26938,23.99774,23.12224,0.51556,0.12224,0.05603
398.00000,133.00000,1547.27642,5.92394,15.54738,24.89401,18.93142,0.54613,0.34414,0.14713
399.00000,236.00000,1547.97216,5.25321,16.28073,21.23211,19.02661,0.67431,0.11284,0.03028
400.00000,161.00000,1537.26555,4.82370,16.54817,19.38825,18.62331,0.54094,0.28227,0.07611
401.00000,88.00000,1542.33731,4.46676,16.93750,30.02793,12.93484,0.50000,0.33112,0.11835
402.00000,102.00000,1547.82920,4.03230,17.30478,26.76404,15.47331,0.59480,0.12781,0.01124
403.00000,177.00000,1551.02592,5.70377,15.63914,29.10054,15.85907,0.54803,0.28097,0.07361
404.00000,300.00000,1534.75071,5.06010,16.28791,22.85325,18.14955,0.58665,0.22082,0.03774
405.00000,200.00000,1538.66547,4.99201,16.21819,30.43762,16.75538,0.50000,0.16779,0.01352
406.00000,193.00000,1541.94664,5.25519,16.22107,26.42953,21.61424,0.50148,0.19955,0.10905
407.00000,106.00000,1551.71420,4.16115,17.34879,35.17108,11.53201,0.50000,0.31015,0.05629
408.00000,243.00000,1556.33878,5.89744,15.62016,27.95826,11.83781,0.50000,0.10435,0.02445
409.00000,300.00000,1565.70905,5.12732,16.39988,28.31560,21.33293,0.53168,0.12672,0.03168
410.00000,129.00000,1577.08040,4.78332,16.51774,24.99425,16.42761,0.50000,0.13423,0.03356
411.00000,300.00000,1563.64057,5.95048,15.78261,22.25543,17.47222,0.51449,0.12923,0.08877
412.00000,215.00000,1566.96829,5.42086,15.99632,20.19141,21.39018,0.64847,0.23436,0.11043
413.00000,108.00000,1578.10573,4.75937,16.88392,31.14268,19.89843,0.50000,0.37969,0.11245
414.00000,182.00000,1559.91291,6.17085,15.21106,23.43802,17.74958,0.52429,0.28559,0.04271
415.00000,171.00000,1566.35767,5.42561,15.97363,31.58569,23.02072,0.51224,0.13842,0.03861
416.00000,187.00000,1547.04831,4.45967,16.85327,24.73366,26.76634,0.61092,0.16968,0.11474
417.00000,156.00000,1531.51282,4.84414,16.68054,29.28654,20.59729,0.50000,0.28654,0.15973
418.00000,176.00000,1537.43550,5.43744,16.05105,22.89189,20.21121,0.62863,0.22022,0.05906
419.00000,108.00000,1541.13755,4.66014,16.75105,29.46434,22.76783,0.50000,0.12867,0.03916
420.00000,171.00000,1551.41050,5.10000,16.53307,32.07638,18.59764,0.50000,0.30236,0.20472
421.00000,85.00000,1540.54543,5.76471,15.68717,32.89572,19.06818,0.50000,0.26337,0.01738
422.00000,148.00000,1545.66995,4.12373,17.12373,26.15605,13.09141,0.50000,0.29271,0.18929
423.00000,188.00000,1550.88714,4.25476,16.98837,19.04863,23.87632,0.50317,0.11522,0.05074
424.00000,137.00000,1562.27263,4.06651,17.37615,27.87729,18.91284,0.68291,0.16628,0.14106
425.00000,300.00000,1545.06025,5.11261,16.39189,20.60886,14.14940,0.61111,0.23874,0.08559
426.00000,300.00000,1550.48378,5.17722,16.38635,28.15960,14.60319,0.50220,0.22730,0.15080
427.00000,147.00000,1550.39969,4.52181,16.97651,26.36493,16.31544,0.50000,0.14178,0.00671
428.00000,300.00000,1553.40627,4.91371,16.34211,21.46144,17.49388,0.52203,0.13035,0.05753
429.00000,89.00000,1562.46708,4.94571,16.49369,26.75253,20.22727,0.50000,0.30303,0.03788
430.00000,252.00000,1559.98641,4.82055,16.60583,26.17485,18.50460,0.70667,0.27147,0.06518
431.00000,300.00000,1564.55144,5.33196,16.17284,24.36900,19.20713,0.74108,0.27160,0.12689
432.00000,150.00000,1573.70386,5.20380,16.13187,27.33367,22.45654,0.74525,0.14086,0.04196
433.00000,186.00000,1583.95110,4.68596,16.72214,28.11577,20.59841,0.50000,0.17656,0.13459
434.00000,300.00000,1570.07261,6.42766,15.08186,23.06351,22.23289,0.77064,0.21807,0.08186
435.00000,190.00000,1578.40091,5.42003,15.93013,28.60017,20.22138,0.53030,0.18771,0.11785
436.00000,177.00000,1562.11000,5.28059,16.18143,23.37869,16.90928,0.55907,0.25633,0.09810
437.00000,202.00000,1565.27090,4.97401,16.41877,24.86570,15.24404,0.50000,0.20361,0.13718
438.00000,300.00000,1549.85491,5.20725,16.12762,25.02297,20.40327,0.55487,0.21848,0.05003
439.00000,162.00000,1553.15626,4.83792,16.56250,27.09958,24.35275,0.56780,0.05297,0.01165
440.00000,144.00000,1534.50406,4.36811,16.88189,25.52362,14.50787,0.62205,0.21850,0.13287
441.00000,189.00000,1520.61452,4.03111,17.33986,18.23387,18.24078,0.71025,0.16014,0.04032
442.00000,195.00000,1525.26642,5.84353,15.43731,24.62086,21.10832,0.50000,0.35507,0.15246
443.00000,300.00000,1513.66594,5.36350,16.04345,18.07965,20.17524,0.76177,0.23968,0.06734
444.00000,146.00000,1520.98637,3.89094,17.65277,33.12029,17.24779,0.50000,0.19727,0.06576
445.00000,227.00000,1510.22813,5.73986,15.77319,25.02319,13.44638,0.52536,0.19130,0.07464
446.00000,121.00000,1515.75749,4.33030,17.00909,27.85909,15.40152,0.50455,0.13485,0.03636
447.00000,142.00000,1522.80498,4.39006,16.98712,28.12144,15.62557,0.50000,0.18491,0.14719
448.00000,195.00000,1509.07803,5.41512,16.10298,28.97184,18.25422,0.72164,0.25020,0.05632
449.00000,113.00000,1510.17933,4.10190,17.37478,22.60794,26.31088,0.50259,0.10363,0.16580
450.00000,300.00000,1522.28899,5.21699,16.30458,18.33179,18.28334,0.69542,0.22628,0.03052
451.00000,123.00000,1509.24674,4.70284,16.79285,28.25524,18.11221,0.53206,0.17509,0.05302
452.00000,283.00000,1504.81506,4.95731,16.60994,25.73860,15.10819,0.50000,0.14035,0.07135
453.00000,103.00000,1495.91966,5.60693,15.84653,37.43465,18.00297,0.50000,0.24257,0.03762
454.00000,300.00000,1509.23669,7.00711,14.57495,23.84847,14.29705,0.66603,0.31236,0.04705
455.00000,146.00000,1510.33338,4.37713,17.10922,31.04437,12.79181,0.50000,0.13396,0.06399
456.00000,300.00000,1519.09312,6.92925,14.61905,24.73741,16.65714,0.52143,0.11088,0.07143
457.00000,137.00000,1534.09735,5.18206,16.28484,30.21951,16.92857,0.50000,0.20732,0.03920
458.00000,140.00000,1548.68970,5.42279,16.07348,33.20767,20.12354,0.62247,0.10650,0.01597
459.00000,118.00000,1553.80646,5.51163,16.10376,29.52415,22.94454,0.52326,0.16995,0.09123
460.00000,227.00000,1542.45176,4.74826,16.81451,27.32114,14.62019,0.50000,0.16593,0.05552
461.00000,113.00000,1526.66307,4.52669,16.88822,31.51057,19.89527,0.50000,0.26284,0.03726
462.00000,131.00000,1533.94307,4.42019,16.98173,30.33269,20.88462,0.50000,0.11731,0.03942
463.00000,228.00000,1544.85857,4.33487,16.94296,17.11776,17.43514,0.55658,0.14259,0.10396
464.00000,142.00000,1549.44371,4.17614,17.26705,33.42992,13.62879,0.50000,0.11080,0.08239
465.00000,124.00000,1538.55360,5.35009,16.15270,34.55959,22.16387,0.50000,0.24581,0.05214
466.00000,182.00000,1548.97042,4.87579,16.57933,24.79692,16.20308,0.59610,0.25023,0.08976
467.00000,131.00000,1558.67292,4.07110,17.40474,26.52507,15.88879,0.50000,0.15314,0.11304
468.00000,99.00000,1562.87829,5.08789,16.27930,19.89258,21.03516,0.54688,0.21484,0.08203
469.00000,264.00000,1572.94033,5.68893,15.85420,31.31720,16.78687,0.50696,0.23706,0.12243
470.00000,228.00000,1560.47561,5.18106,16.18273,24.57418,16.25566,0.58801,0.12657,0.01090
471.00000,300.00000,1549.34896,4.89775,16.43322,25.10461,18.27541,0.53251,0.09693,0.02660
472.00000,182.00000,1538.91541,5.06950,16.44602,33.59312,20.23684,0.74258,0.28880,0.02497
473.00000,143.00000,1539.45972,4.14128,17.34213,33.53702,20.29617,0.50000,0.21702,0.07064
474.00000,300.00000,1542.50786,5.38376,16.11680,24.58509,13.80701,0.50000,0.15350,0.03671
475.00000,249.00000,1545.94701,5.43033,15.91801,26.71329,11.91372,0.50000,0.12487,0.06217
476.00000,300.00000,1556.28729,5.58942,15.89695,26.18866,16.97437,0.54907,0.18975,0.04198
477.00000,122.00000,1561.58288,3.32166,17.86518,24.08174,15.51805,0.50000,0.18471,0.13057
478.00000,205.00000,1571.32875,4.96717,16.57406,23.79984,18.22898,0.50000,0.14091,0.05524
479.00000,300.00000,1579.77454,5.71045,15.69670,24.49175,15.94429,0.54849,0.21252,0.00413
480.00000,155.00000,1584.43034,4.55399,16.90376,19.87324,18.80164,0.52817,0.22066,0.09038
481.00000,194.00000,1576.13358,5.98592,15.46095,30.88860,12.34059,0.50000,0.31818,0.06018
482.00000,300.00000,1579.19006,5.31741,16.07526,19.61126,16.63416,0.57559,0.15314,0.04450
483.00000,128.00000,1587.14456,3.47996,17.94561,29.38263,10.61737,0.50000,0.15076,0.08302
484.00000,160.00000,1594.53209,4.43652,16.87598,21.97754,13.54785,0.50000,0.32910,0.16699
485.00000,300.00000,1597.73886,6.19741,15.38643,23.11204,21.32088,0.61128,0.23095,0.01524
486.00000,91.00000,1607.12002,5.54944,15.62829,24.62954,11.19149,0.50000,0.19399,0.01502
487.00000,243.00000,1594.65773,4.56300,16.93076,27.98468,17.03348,0.50000,0.11805,0.12543
488.00000,132.00000,1598.09865,5.57333,15.82489,30.01600,18.62133,0.50000,0.32444,0.09600
489.00000,300.00000,1607.57010,6.34490,15.27693,23.48445,17.97975,0.62545,0.17787,0.05929
490.00000,84.00000,1611.32661,3.95419,17.41754,33.98953,12.24215,0.50000,0.25524,0.03927
491.00000,87.00000,1599.71917,4.38830,16.88475,24.64894,19.72340,0.77482,0.08333,0.05496
492.00000,132.00000,1604.87607,3.85512,17.36170,28.01824,19.08308,0.50000,0.20466,0.06687
493.00000,300.00000,1587.67823,6.14014,15.42734,24.26817,16.49740,0.59689,0.25865,0.08304
494.00000,92.00000,1588.37501,5.58584,15.88841,39.82940,14.99464,0.50000,0.28755,0.01717
495.00000,251.00000,1569.83218,6.43401,15.09717,21.27611,15.80324,0.50202,0.32146,0.04291
496.00000,186.00000,1574.93441,3.94863,17.38111,23.65534,13.25601,0.50000,0.14913,0.05965
497.00000,161.00000,1578.92148,5.51034,16.27312,24.96192,23.40261,0.63711,0.18607,0.05550
498.00000,163.00000,1585.34482,4.00765,17.41896,28.64832,12.31728,0.50000,0.18272,0.12844
499.00000,174.00000,1574.27734,5.00925,16.24555,29.87260,21.66050,0.55872,0.07900,0.03559
500.00000,100.00000,1579.15985,4.36575,16.95936,25.52540,25.97823,0.56967,0.07547,0.03919
501.00000,165.00000,1582.58725,4.20204,17.14286,21.94796,14.44796,0.59796,0.20000,0.03776
502.00000,158.00000,1571.95658,3.42769,17.84672,23.16316,20.82077,0.68603,0.23609,0.20396
503.00000,300.00000,1575.91296,6.74913,14.73585,18.88539,13.81412,0.60273,0.33124,0.09154
504.00000,175.00000,1581.17676,4.63333,16.69540,21.81264,25.71494,0.54598,0.15057,0.07011
505.00000,272.00000,1574.20417,5.50569,16.07965,27.17509,17.20986,0.50000,0.09798,0.09924
506.00000,162.00000,1584.02920,4.34538,16.97462,27.66308,17.18308,0.50000,0.20538,0.04154
507.00000,300.00000,1575.77982,6.65534,14.70701,20.23921,15.21231,0.60545,0.25761,0.06936
508.00000,300.00000,1578.87509,6.07998,15.40229,24.40710,14.86470,0.61485,0.37462,0.04510
509.00000,266.00000,1577.90058,4.79914,16.67171,25.42549,21.51980,0.78978,0.20014,0.03168
510.00000,102.00000,1564.50620,4.42857,16.74514,30.94171,18.41257,0.50000,0.13714,0.06286
511.00000,183.00000,1553.26023,5.17370,16.28288,23.59057,21.81059,0.55170,0.08106,0.02978
512.00000,186.00000,1558.46923,4.50075,16.95940,25.15489,16.52556,0.50000,0.23985,0.23534
513.00000,115.00000,1561.26021,5.11935,16.33301,34.09528,13.51492,0.50000,0.27815,0.07507
514.00000,197.00000,1562.05909,3.96863,17.25255,22.38353,15.64392,0.50000,0.20157,0.16863
515.00000,170.00000,1565.23239,5.74947,15.81369,34.44742,20.69654,0.50000,0.18349,0.05434
516.00000,88.00000,1575.19631,4.57858,16.93132,41.40861,18.64494,0.50000,0.15134,0.00466
517.00000,221.00000,1577.72147,5.47342,16.09468,26.80044,14.51784,0.50000,0.26438,0.01457
518.00000,112.00000,1586.04294,3.28657,17.88609,25.35851,13.57314,0.50000,0.24700,0.09832
519.00000,148.00000,1588.39977,5.55656,16.04072,31.07873,21.49955,0.63891,0.13032,0.01357
520.00000,214.00000,1589.08490,4.65645,16.87861,27.44903,15.78374,0.50000,0.13141,0.09075
521.00000,135.00000,1592.31949,6.03551,15.44486,27.36916,18.20935,0.73645,0.29346,0.05234
522.00000,195.00000,1596.57425,6.47087,15.00971,33.52994,17.09223,0.64887,0.25728,0.03722
523.00000,300.00000,1603.36832,6.41787,15.14989,23.92733,17.83497,0.65367,0.33232,0.03709
524.00000,108.00000,1588.89450,4.81432,16.74585,33.77697,21.85270,0.50000,0.18257,0.01867
525.00000,148.00000,1583.29088,4.66917,16.65038,22.04511,20.62406,0.50564,0.14756,0.04229
526.00000,85.00000,1586.93100,4.67039,16.79050,33.42318,17.83799,0.87011,0.20391,0.02793
527.00000,188.00000,1590.49372,4.45195,17.03379,25.37909,21.46779,0.75290,0.23548,0.08659
528.00000,208.00000,1593.69548,4.62792,17.01883,30.32468,17.51818,0.50000,0.18766,0.08766
529.00000,130.00000,1602.45785,4.88675,16.65925,32.50758,20.78766,0.50910,0.35592,0.15571
530.00000,144.00000,1610.71982,4.29216,17.13777,24.98337,21.26128,0.78504,0.09026,0.00119
531.00000,112.00000,1617.31912,5.34139,16.26458,26.46799,26.98293,0.72831,0.04552,0.00000
532.00000,152.00000,1606.28205,3.41309,17.82393,25.06433,23.22009,0.54007,0.01242,0.02032
533.00000,157.00000,1593.43928,3.53676,17.73112,22.65257,26.34743,0.50000,0.13394,0.12790
534.00000,214.00000,1582.95406,4.89816,16.63606,21.88982,19.49583,0.51878,0.22955,0.13272
535.00000,101.00000,1587.01387,5.76826,15.94522,34.00281,20.93539,0.50000,0.21910,0.02528
536.00000,142.00000,1591.26092,4.74319,16.62523,34.15426,19.20780,0.50000,0.22958,0.07350
537.00000,132.00000,1593.50879,4.64791,16.80019,30.08632,13.31329,0.50000,0.30262,0.03104
538.00000,243.00000,1596.88481,5.53035,16.10073,28.64710,19.84656,0.50000,0.13742,0.04736
539.00000,71.00000,1605.92671,4.25943,16.91855,32.01961,17.42534,0.50000,0.23982,0.03318
540.00000,175.00000,1610.71939,4.54802,16.81674,19.82643,22.20969,0.51718,0.15242,0.04053
541.00000,134.00000,1611.31833,4.10327,17.19178,28.34879,16.51633,0.50000,0.14647,0.13172
542.00000,177.00000,1620.26804,5.11727,16.26988,26.18876,15.59036,0.56827,0.28996,0.08273
543.00000,181.00000,1622.57097,4.44332,17.00233,26.46817,18.14363,0.50582,0.25621,0.02873
544.00000,300.00000,1628.51400,6.68740,15.00912,26.46766,22.86733,0.68740,0.21144,0.04892
545.00000,300.00000,1638.62142,5.55331,16.11066,24.23506,24.27625,0.84976,0.12520,0.01454
546.00000,187.00000,1625.48787,4.28669,17.25492,30.09909,16.51059,0.50000,0.14826,0.07943
547.00000,128.00000,1612.11874,4.85573,16.48128,25.00661,19.09471,0.50000,0.21476,0.19824
548.00000,108.00000,1620.24070,3.19578,18.06727,29.54116,21.45884,0.50000,0.09237,0.02811
549.00000,110.00000,1630.19937,4.19544,17.09558,19.90014,21.97147,0.50143,0.02425,0.00000
550.00000,300.00000,1632.47254,5.91634,15.55948,20.09542,18.79804,0.67190,0.23791,0.06275
551.00000,176.00000,1615.85493,4.20980,17.36973,25.18229,18.85641,0.66681,0.23560,0.06621
552.00000,92.00000,1614.55789,4.96633,16.53872,37.67003,18.69585,0.50000,0.25477,0.02918
553.00000,96.00000,1621.50093,4.33333,17.10506,25.48249,13.80415,0.81453,0.20104,0.02205
554.00000,300.00000,1629.88714,5.38582,16.08766,25.82915,16.75935,0.50000,0.17811,0.10497
555.00000,112.00000,1632.48857,4.06073,17.18489,25.89069,24.49933,0.60391,0.07557,0.03239
556.00000,193.00000,1641.05050,6.94890,14.40330,24.73113,15.15409,0.54874,0.44104,0.09277
557.00000,154.00000,1629.84066,4.58875,16.78177,27.67895,20.30456,0.58293,0.30165,0.03007
558.00000,143.00000,1637.93697,4.86169,16.51192,33.47377,17.15660,0.50000,0.25199,0.02146
559.00000,110.00000,1639.99981,4.33301,17.00684,36.95801,20.23145,0.50000,0.20215,0.03027
560.00000,300.00000,1642.99667,6.46790,15.11316,26.14812,16.84806,0.54990,0.19517,0.03179
561.00000,123.00000,1645.08977,5.02263,16.42134,22.88578,18.10022,0.50000,0.35129,0.18427
562.00000,199.00000,1638.47046,6.23845,15.36960,27.61773,19.84203,0.68033,0.27869,0.03726
563.00000,239.00000,1645.58888,4.79850,16.77882,23.22212,22.60356,0.69681,0.10216,0.01125
564.00000,97.00000,1655.64322,5.06093,16.26882,27.32437,24.53584,0.59050,0.15412,0.05556
565.00000,300.00000,1641.60004,4.86738,16.58384,21.84909,20.83994,0.60061,0.24848,0.20351
566.00000,234.00000,1625.73004,5.40244,15.95993,20.03310,18.68206,0.67334,0.24564,0.05488
567.00000,171.00000,1610.89248,5.59633,15.79358,26.40443,22.34174,0.50000,0.26835,0.07339
568.00000,192.00000,1596.78741,4.50286,16.76697,23.13328,16.19460,0.50000,0.11938,0.12510
569.00000,226.00000,1604.08996,4.04924,17.25634,19.96452,14.65749,0.51412,0.14193,0.13831
570.00000,300.00000,1606.13883,6.21661,15.42238,19.15433,19.94404,0.64711,0.11282,0.04332
571.00000,99.00000,1611.91254,3.27675,17.89444,22.04708,26.63623,0.50000,0.00000,0.00000
572.00000,132.00000,1602.16956,3.53351,17.81603,24.13009,20.30486,0.74770,0.03811,0.03154
573.00000,183.00000,1590.84695,5.06401,16.28845,28.48379,15.96176,0.54073,0.10723,0.03325
574.00000,134.00000,1579.35887,5.54670,15.99317,33.44875,22.88041,0.57859,0.14123,0.01139
575.00000,279.00000,1568.54544,6.36336,14.90454,18.19707,12.39030,0.57313,0.30177,0.02925
576.00000,131.00000,1556.94692,5.08866,16.57938,28.85464,20.44742,0.51804,0.26907,0.07526
577.00000,81.00000,1563.79231,3.82471,17.35345,31.37644,17.21121,0.50000,0.27299,0.02011
578.00000,166.00000,1571.78615,4.43519,16.97172,30.97643,19.91438,0.50000,0.11233,0.02828
579.00000,300.00000,1582.74131,6.41199,15.04235,22.66557,15.51815,0.63916,0.20847,0.02035
580.00000,253.00000,1586.90575,4.79744,16.75513,26.06154,17.21923,0.53750,0.22821,0.08269
581.00000,164.00000,1593.80263,4.59903,16.69806,20.65728,17.52816,0.50194,0.21650,0.07573
582.00000,118.00000,1605.27998,5.42769,15.94797,32.88801,16.45326,0.50000,0.27513,0.01323
583.00000,212.00000,1608.41585,4.99568,16.51836,31.17567,25.73650,0.54104,0.12599,0.06839
584.00000,101.00000,1612.03365,4.14631,17.13710,32.51843,15.01037,0.50000,0.17512,0.02189
585.00000,300.00000,1599.96546,5.62370,15.70478,19.32294,15.04920,0.81046,0.31324,0.05960
586.00000,81.00000,1606.93545,3.44813,17.73343,29.78530,23.15562,0.50000,0.30115,0.07493
587.00000,183.00000,1608.91830,4.35105,16.87161,19.02608,21.13240,0.72116,0.12337,0.04814
588.00000,222.00000,1616.92416,4.36313,16.96249,22.93057,19.03751,0.63128,0.18276,0.05587
589.00000,188.00000,1604.17684,5.84865,15.47870,14.91928,14.87892,0.74608,0.25673,0.15135
590.00000,160.00000,1613.32524,3.04983,18.23754,26.17276,15.52575,0.52741,0.19435,0.10963
591.00000,148.00000,1602.09481,3.71087,17.58237,29.13839,15.62932,0.50000,0.10214,0.10214
592.00000,201.00000,1611.80246,6.52799,15.09720,31.20840,22.56221,0.64114,0.26283,0.02177
593.00000,300.00000,1619.84316,5.74912,15.60424,28.11459,14.95760,0.54089,0.19233,0.03534
594.00000,300.00000,1628.74771,6.33917,15.09922,20.04669,17.46304,0.77594,0.21206,0.01102
595.00000,146.00000,1637.14059,4.27534,17.01345,25.46278,15.27892,0.50000,0.11928,0.02063
596.00000,104.00000,1646.22317,4.80027,16.65513,28.96671,16.90013,0.50000,0.14115,0.11984
597.00000,300.00000,1653.88819,5.13410,16.26388,14.38284,18.38284,0.82408,0.16510,0.09950
598.00000,124.00000,1654.34668,3.31141,18.05653,27.68551,18.45427,0.50000,0.12847,0.06475
599.00000,186.00000,1662.66816,4.99160,16.49370,24.59278,14.67842,0.50000,0.12510,0.13434
600.00000,279.00000,1666.18602,5.50065,16.05032,26.42000,17.53032,0.66613,0.23484,0.08516
601.00000,174.00000,1670.98549,5.53903,15.88104,28.89591,19.36431,0.58039,0.29740,0.07993
602.00000,174.00000,1677.21878,5.61612,15.84624,27.21845,25.01166,0.70042,0.12831,0.02757
603.00000,112.00000,1664.55259,4.55080,16.75398,31.50199,20.06673,0.50000,0.26793,0.02689
604.00000,114.00000,1649.55422,5.63656,15.65376,29.49247,19.95699,0.59516,0.26667,0.06559
605.00000,209.00000,1653.17854,5.20588,16.25753,31.59900,16.82712,0.50036,0.16786,0.09397
606.00000,230.00000,1658.14274,5.12416,16.32254,23.42308,18.89474,0.60256,0.13428,0.03104
607.00000,245.00000,1645.09411,4.72912,16.91039,25.43992,17.34895,0.50611,0.20910,0.06789
608.00000,103.00000,1652.01589,5.38699,15.81393,30.16096,16.67237,0.50000,0.27397,0.03881
609.00000,109.00000,1662.81421,4.28283,17.19949,27.78535,23.04167,0.50631,0.11742,0.00000
610.00000,104.00000,1668.24183,4.11928,17.37952,29.97711,17.16145,0.50000,0.18193,0.07590
611.00000,173.00000,1650.74547,4.25242,17.04739,21.09574,18.88588,0.68133,0.17118,0.06963
612.00000,259.00000,1656.32139,5.04651,16.43649,22.94991,16.13238,0.55501,0.14669,0.01521
613.00000,300.00000,1643.70248,5.44021,15.93460,28.93558,15.10249,0.62884,0.26110,0.02831
614.00000,300.00000,1653.10606,4.83245,16.70642,24.55321,19.57132,0.55434,0.14566,0.03245
615.00000,161.00000,1648.46451,4.52500,16.95093,28.30741,22.96204,0.50000,0.20648,0.07778
616.00000,235.00000,1637.37323,5.32978,16.19048,26.57143,15.65601,0.64961,0.19048,0.03056
617.00000,218.00000,1639.97085,4.93930,16.60889,31.45745,16.14768,0.67772,0.25845,0.02753
618.00000,158.00000,1648.83588,4.74791,16.80230,27.35983,25.17992,0.55649,0.11402,0.00000
619.00000,160.00000,1657.01073,3.63515,17.76247,29.39911,17.12956,0.50000,0.20998,0.09680
620.00000,156.00000,1645.50499,4.97305,16.49955,23.76550,12.27942,0.50404,0.17520,0.14376
621.00000,300.00000,1647.98285,6.30277,15.12308,24.45046,17.72800,0.53815,0.21415,0.04985
622.00000,189.00000,1657.38560,5.68824,15.86964,24.73382,19.99635,0.75570,0.09298,0.02188
623.00000,213.00000,1653.73620,5.42535,16.08732,27.45282,20.34155,0.74472,0.17606,0.03662
624.00000,300.00000,1642.66781,5.56074,15.99877,21.79877,15.67117,0.62209,0.15399,0.06564
625.00000,114.00000,1645.59759,3.94429,17.45231,36.94995,17.57885,0.50000,0.15109,0.01983
626.00000,300.00000,1654.02487,6.20092,15.40053,24.80827,17.49836,0.62837,0.15233,0.02429
627.00000,101.00000,1660.56846,3.84416,17.50059,30.44156,18.76151,0.50000,0.27391,0.04841
628.00000,278.00000,1658.17522,6.38211,14.97329,24.16260,12.40418,0.58798,0.20906,0.03717
629.00000,300.00000,1662.43262,5.68018,15.80379,22.60105,16.19686,0.54120,0.19555,0.05036
630.00000,300.00000,1671.12639,5.31001,16.09228,20.11612,12.54588,0.50000,0.15034,0.08605
631.00000,300.00000,1672.86245,7.19543,14.37829,24.57657,15.69886,0.53543,0.28743,0.00457
632.00000,210.00000,1680.28941,5.49696,15.98632,29.43161,19.76748,0.61208,0.23708,0.03495
633.00000,151.00000,1689.60517,4.73463,16.63269,30.57961,20.45156,0.57919,0.17018,0.05223
634.00000,134.00000,1696.48341,2.63333,18.48120,24.50256,15.29316,0.50000,0.08718,0.06325
635.00000,96.00000,1701.90956,4.71975,16.68025,31.25432,12.26049,0.50000,0.23086,0.04691
636.00000,247.00000,1706.55081,4.61704,16.79247,27.03708,17.22800,0.50000,0.16436,0.02435
637.00000,300.00000,1709.30316,5.00651,16.45081,20.78436,16.68925,0.61857,0.17459,0.09837
638.00000,148.00000,1715.99640,4.14328,17.19235,24.53288,13.42198,0.52944,0.30029,0.25810
639.00000,128.00000,1704.12710,4.07116,17.43071,36.45318,18.46629,0.50000,0.20318,0.05337
640.00000,219.00000,1705.92295,5.84152,15.70242,31.04014,21.17439,0.53910,0.21522,0.02561
641.00000,300.00000,1711.18237,6.65084,14.89509,24.30793,17.82046,0.64901,0.21608,0.03079
642.00000,69.00000,1696.60360,5.96588,15.29525,36.78042,13.16766,0.50000,0.46588,0.00297
643.00000,166.00000,1702.57344,5.40838,15.98918,31.41515,15.72481,0.50000,0.24882,0.05747
644.00000,300.00000,1708.60683,5.88786,15.61911,24.61048,17.51891,0.54844,0.24021,0.12210
645.00000,300.00000,1712.88254,6.08110,15.25862,18.59451,15.96679,0.59962,0.32184,0.03640
646.00000,177.00000,1722.33957,4.84510,16.76535,27.97067,20.01100,0.62191,0.14665,0.06049
647.00000,300.00000,1717.14452,6.39300,15.16732,31.98999,18.26126,0.50278,0.18066,0.05114
648.00000,128.00000,1702.65892,4.59086,16.94872,26.95429,25.69119,0.67336,0.13935,0.00000
649.00000,198.00000,1702.21675,4.28463,17.15995,31.43136,16.00252,0.50000,0.17443,0.13476
650.00000,253.00000,1688.42776,4.45889,16.83615,29.33236,13.94227,0.50000,0.21516,0.03032
651.00000,170.00000,1692.50347,4.48596,16.87546,20.05250,19.98046,0.86203,0.12698,0.08669
652.00000,153.00000,1700.05665,4.48451,16.96644,30.20052,16.66781,0.58692,0.42771,0.08348
653.00000,138.00000,1687.41561,4.76752,16.75053,34.21231,25.38323,0.77176,0.11146,0.01592
654.00000,141.00000,1691.98948,5.85437,15.41963,20.58145,15.60841,0.50000,0.47789,0.29126
655.00000,175.00000,1678.53301,4.89079,16.39221,26.10351,21.03324,0.56220,0.24881,0.21178
656.00000,197.00000,1680.91808,5.41392,16.09873,28.94051,18.44241,0.59430,0.43165,0.07089
657.00000,173.00000,1682.93971,3.73997,17.69842,28.12249,19.26074,0.59026,0.17479,0.08023
658.00000,287.00000,1686.22718,5.57488,15.82404,24.13700,18.27535,0.66723,0.25991,0.05776
659.00000,193.00000,1695.35383,5.27797,16.37526,32.77415,18.07436,0.60250,0.18694,0.07644
660.00000,202.00000,1702.94406,5.08709,16.54816,21.16189,21.56557,0.70236,0.11885,0.02971
661.00000,300.00000,1709.40908,5.75538,15.72715,21.42473,12.76344,0.52655,0.24933,0.14718
662.00000,198.00000,1696.69900,4.02553,17.26496,23.64701,23.89525,0.76981,0.16901,0.05018
663.00000,300.00000,1704.62818,5.38693,16.08878,25.10720,15.92686,0.50000,0.14964,0.03685
664.00000,49.00000,1692.50286,2.08791,19.15385,19.23901,21.96154,0.50000,0.02473,0.07418
665.00000,176.00000,1695.32944,4.40927,16.99112,26.81953,17.16568,0.53649,0.12525,0.11834
666.00000,138.00000,1682.11209,3.93489,17.35471,24.94849,8.94461,0.50000,0.20797,0.03401
667.00000,142.00000,1671.38539,4.35244,17.13467,30.33524,14.85578,0.50000,0.22063,0.09074
668.00000,137.00000,1678.53914,4.63907,16.70309,30.31347,26.74724,0.59768,0.17550,0.12583
669.00000,260.00000,1680.86807,4.69256,16.59315,17.89140,14.34336,0.61153,0.22473,0.06349
670.00000,300.00000,1669.75138,5.08059,16.52160,20.21406,11.55126,0.51773,0.26241,0.04836
671.00000,118.00000,1671.85304,5.27451,16.05779,30.21775,12.04954,0.50000,0.30031,0.07224
672.00000,110.00000,1678.93232,4.13966,17.23966,22.73448,18.33103,0.84310,0.15000,0.03276
673.00000,227.00000,1686.14681,4.69275,16.73223,24.89950,15.25772,0.50000,0.21034,0.08686
674.00000,137.00000,1673.04073,3.33672,17.95936,20.56894,22.71988,0.64659,0.07402,0.01306
675.00000,59.00000,1682.10002,3.31855,17.87097,23.40726,11.77218,0.50000,0.28831,0.08065
676.00000,236.00000,1669.60735,4.32936,16.96422,18.65596,16.75046,0.62752,0.18257,0.07798
677.00000,300.00000,1680.17623,5.14310,16.20682,23.06037,11.53326,0.51565,0.19061,0.04192
678.00000,184.00000,1670.54201,4.79837,16.62114,26.93902,23.83496,0.89024,0.13171,0.02602
679.00000,190.00000,1679.40426,4.16722,17.15239,26.13344,20.96129,0.73764,0.13921,0.11367
680.00000,300.00000,1669.24344,5.50151,15.89897,23.07078,14.75499,0.54719,0.12704,0.09074
681.00000,262.00000,1658.04021,5.61740,16.01871,18.26941,18.65014,0.75585,0.28064,0.07577
682.00000,196.00000,1667.92653,4.54916,16.92446,34.34952,18.96882,0.50000,0.18465,0.05995
683.00000,103.00000,1657.03344,2.61795,18.64544,23.48770,11.56729,0.50000,0.54124,0.19247
684.00000,300.00000,1666.66257,4.54697,16.80812,18.27787,14.60510,0.84156,0.33599,0.05255
685.00000,300.00000,1668.04004,6.19629,15.32801,19.31714,15.50703,0.73306,0.37916,0.04412
686.00000,300.00000,1659.62341,5.37654,16.01740,26.13468,17.03255,0.50000,0.10774,0.06790
687.00000,169.00000,1647.60382,4.44769,17.03676,27.01320,20.01697,0.67059,0.09142,0.05844
688.00000,101.00000,1656.87562,5.28406,16.12702,33.58891,15.17321,0.50000,0.21363,0.08083
689.00000,115.00000,1646.07845,4.89018,16.61516,31.43052,16.75510,0.50000,0.32847,0.02527
690.00000,212.00000,1650.84356,4.36562,17.03927,21.35602,24.43630,0.72862,0.12478,0.01483
691.00000,184.00000,1653.11705,4.66513,16.80554,32.74225,17.54252,0.50692,0.18655,0.03560
692.00000,192.00000,1641.11873,4.46143,17.04270,33.15220,19.89945,0.62810,0.17700,0.01653
693.00000,217.00000,1646.51204,5.74359,15.65201,28.63553,19.67582,0.63278,0.31044,0.03480
694.00000,241.00000,1635.02219,3.89254,17.43144,21.38332,24.58300,0.60144,0.06255,0.08661
695.00000,203.00000,1625.39974,4.95905,16.56228,32.99539,16.69435,0.50000,0.17935,0.01730
696.00000,278.00000,1612.87267,6.48168,14.92670,25.56283,19.51178,0.63154,0.19110,0.01898
697.00000,57.00000,1619.30815,4.08924,17.02059,27.26545,23.17849,0.56865,0.09611,0.00000
698.00000,153.00000,1609.89663,5.67851,15.74090,31.57452,22.29636,0.53899,0.23657,0.09012
699.00000,300.00000,1598.97274,6.47957,15.00000,25.33097,16.24571,0.50533,0.18058,0.02901
700.00000,67.00000,1608.01707,6.26094,15.06486,33.55505,18.77074,0.50000,0.31674,0.06938
701.00000,300.00000,1609.95326,5.59312,15.95272,25.46275,14.17407,0.50000,0.16189,0.05874
702.00000,106.00000,1618.43666,3.42203,17.75682,28.48637,17.03926,0.50000,0.16140,0.07961
703.00000,300.00000,1619.61578,6.23426,15.19143,25.02531,17.21415,0.63043,0.31084,0.03764
704.00000,184.00000,1629.29309,4.78751,16.76542,28.33283,13.27951,0.51371,0.31455,0.09216
705.00000,300.00000,1631.37304,4.60167,16.79498,15.46611,19.26862,0.80293,0.09958,0.03180
706.00000,197.00000,1636.83915,4.42567,16.93813,26.73869,22.60665,0.60342,0.09695,0.01847
707.00000,300.00000,1642.05974,7.33681,14.11458,22.52836,17.48148,0.71933,0.35880,0.04514
708.00000,151.00000,1631.76854,5.21302,16.34768,29.02539,25.60375,0.64735,0.11258,0.07506
709.00000,63.00000,1623.08060,5.73857,15.42596,30.01828,20.14991,0.50000,0.19744,0.02559
710.00000,192.00000,1611.00040,6.29766,15.37151,31.17784,15.11982,0.58817,0.28184,0.07460
711.00000,80.00000,1613.25534,4.15068,17.24932,33.32877,16.85753,0.50000,0.19726,0.03425
712.00000,121.00000,1621.95558,5.54960,16.01518,36.79150,14.78036,0.54656,0.32490,0.08097
713.00000,195.00000,1632.71327,5.64291,15.73719,25.91240,15.05939,0.51670,0.28879,0.14699
714.00000,300.00000,1638.47966,5.40268,15.92114,18.53859,21.82215,0.64346,0.12332,0.00000
715.00000,254.00000,1645.67940,5.19241,16.24177,21.88924,17.97658,0.71171,0.22532,0.05316
716.00000,256.00000,1629.41453,4.48369,16.81974,22.48613,17.34910,0.62969,0.21452,0.05546
717.00000,77.00000,1639.37854,4.88554,16.66867,31.27108,20.64307,0.50000,0.26506,0.06627
718.00000,196.00000,1628.00673,4.79288,16.71584,28.29724,17.07049,0.50000,0.13009,0.08939
719.00000,251.00000,1636.04577,4.52270,16.81607,22.13795,12.48428,0.51746,0.15192,0.05937
720.00000,198.00000,1645.56177,5.45793,16.16121,32.33269,18.79833,0.50000,0.12075,0.00835
721.00000,224.00000,1652.37968,4.77994,16.47712,21.28724,21.64557,0.66310,0.10613,0.00876
722.00000,300.00000,1660.45278,6.33550,15.27557,22.16547,18.39218,0.60098,0.24691,0.04300
723.00000,104.00000,1650.48625,4.18094,17.11742,33.48412,11.19057,0.50000,0.17709,0.04620
724.00000,154.00000,1657.00233,5.23513,16.33577,32.09241,15.12443,0.56359,0.36231,0.05489
725.00000,80.00000,1662.07417,4.76901,16.48350,20.05452,15.57532,0.72884,0.40890,0.07891
726.00000,300.00000,1650.43149,6.12214,15.39771,25.53730,24.12876,0.77226,0.14380,0.05054
727.00000,95.00000,1653.02814,5.26419,15.91657,32.41947,14.39050,0.50000,0.27231,0.04403
728.00000,253.00000,1641.86153,5.09509,16.25846,25.33631,15.08360,0.51117,0.32036,0.04531
729.00000,167.00000,1648.37818,4.92169,16.30522,22.95884,14.55823,0.59890,0.13855,0.09036
730.00000,157.00000,1651.64327,3.96667,17.32400,17.64667,23.35467,0.69533,0.07733,0.04933
731.00000,146.00000,1661.95265,4.95085,16.47009,30.32585,19.99573,0.80769,0.16560,0.02564
732.00000,171.00000,1650.37803,4.47301,17.09421,21.76644,17.54367,0.60157,0.18548,0.08047
733.00000,197.00000,1639.03235,4.95421,16.42836,29.98744,14.43870,0.56536,0.18981,0.03619
734.00000,116.00000,1649.18952,3.63272,17.73564,27.56663,17.54821,0.50000,0.17010,0.06392
735.00000,202.00000,1658.03162,4.92853,16.45503,32.88684,17.85408,0.50238,0.25849,0.07088
736.00000,259.00000,1666.05273,5.16465,16.24169,26.83082,19.49622,0.68391,0.17372,0.00982
737.00000,300.00000,1669.14415,5.10836,16.33640,18.39660,18.16926,0.68661,0.09773,0.05170
738.00000,192.00000,1657.62026,5.51272,15.76793,24.77795,20.61912,0.60524,0.15112,0.08019
739.00000,222.00000,1664.61573,3.90936,17.39327,18.30629,13.56433,0.56725,0.14547,0.05044
740.00000,117.00000,1674.83869,4.89920,16.49714,33.62772,20.81443,0.82474,0.04582,0.00000
741.00000,141.00000,1677.16748,4.52741,16.70066,25.68421,23.86842,0.69189,0.08553,0.02741
742.00000,256.00000,1666.61809,5.21664,16.11047,22.20803,12.96772,0.61298,0.26901,0.03300
743.00000,215.00000,1656.86803,5.13644,16.29984,17.55147,18.10131,0.63644,0.15768,0.06863
744.00000,104.00000,1666.71357,2.40585,18.71111,23.22924,16.24327,0.50000,0.16140,0.09708
745.00000,147.00000,1674.70491,4.97500,16.43971,19.43088,24.38824,0.76324,0.10735,0.04118
746.00000,203.00000,1681.04129,5.74628,15.85046,29.85188,20.44224,0.50000,0.23884,0.01701
747.00000,217.00000,1671.35128,6.13300,15.34183,33.18769,20.95152,0.50000,0.12679,0.04848
748.00000,172.00000,1656.55673,4.90339,16.50784,27.79438,20.75145,0.60694,0.16185,0.11313
749.00000,118.00000,1664.79646,4.42871,16.88594,35.51131,17.15143,0.50000,0.14651,0.03933
750.00000,156.00000,1670.64100,4.81474,16.56741,25.56256,18.96993,0.77595,0.24442,0.02328
751.00000,187.00000,1680.62497,5.11458,16.35176,25.57612,18.74279,0.64143,0.24760,0.06330
752.00000,300.00000,1671.48966,4.61395,16.92380,28.17038,19.07333,0.56542,0.15169,0.01150
753.00000,143.00000,1661.31629,3.94060,17.43089,24.99892,18.12851,0.50000,0.12203,0.07667
754.00000,219.00000,1658.53652,4.63400,16.84400,21.85000,17.52600,0.77500,0.11700,0.04000
755.00000,189.00000,1668.02980,5.05699,16.36788,24.67617,18.18739,0.61356,0.20121,0.02936
756.00000,167.00000,1658.71790,3.98673,17.34592,21.22245,13.01735,0.54694,0.21327,0.05510
757.00000,145.00000,1667.93949,4.61299,16.95264,27.97294,18.39919,0.58863,0.03789,0.01488
758.00000,104.00000,1673.56129,4.17017,17.30276,36.26409,15.38343,0.50000,0.36133,0.07845
759.00000,130.00000,1663.94006,5.36910,16.12382,28.96698,15.91981,0.55189,0.16392,0.00000
760.00000,179.00000,1674.05912,4.41360,16.89599,28.37183,18.28337,0.67076,0.17772,0.04750
761.00000,167.00000,1659.03290,3.61341,17.55840,29.31726,13.27581,0.65787,0.10023,0.03542
762.00000,300.00000,1665.76284,6.10574,15.37462,16.55287,14.67825,0.51586,0.03927,0.01662
763.00000,300.00000,1675.66437,6.30164,15.20844,24.25945,15.50882,0.56045,0.18829,0.05479
764.00000,117.00000,1684.77162,4.76914,16.78589,31.09211,15.55742,0.51077,0.19976,0.03708
765.00000,114.00000,1690.05895,3.33538,18.12098,24.31087,19.73047,0.79632,0.03675,0.00613
766.00000,242.00000,1699.97205,5.79212,15.58279,27.14223,17.18016,0.64624,0.23632,0.03428
767.00000,300.00000,1687.80624,4.46346,16.85517,19.06715,15.27321,0.59842,0.18236,0.07176
768.00000,300.00000,1675.97360,6.31669,15.29952,25.61299,10.21310,0.50000,0.24745,0.04992
769.00000,173.00000,1681.33143,4.08740,17.18293,20.49390,17.57215,0.64380,0.29675,0.20122
770.00000,141.00000,1690.41590,4.28174,17.10483,34.04177,14.82310,0.50000,0.12121,0.07043
771.00000,300.00000,1699.04840,6.56486,14.84557,24.34180,18.65477,0.73988,0.19423,0.05491
772.00000,152.00000,1700.42694,5.01631,16.32497,22.26851,17.05772,0.64680,0.16562,0.01380
773.00000,181.00000,1699.74702,5.52074,16.02593,28.62741,18.47926,0.50000,0.16963,0.06593
774.00000,180.00000,1687.93464,4.65931,16.90876,29.41795,15.89404,0.64974,0.22811,0.03458
775.00000,223.00000,1697.12585,4.76251,16.55795,28.86194,19.49145,0.61621,0.24446,0.04813
776.00000,208.00000,1705.74916,4.15405,17.12616,26.70186,15.88845,0.50000,0.10093,0.08831
777.00000,300.00000,1707.43470,5.10040,16.26883,20.81781,14.84453,0.62065,0.12632,0.01457
778.00000,149.00000,1714.38384,4.81427,16.78774,32.50778,16.00457,0.66194,0.31199,0.02287
779.00000,237.00000,1709.34591,4.12319,17.25275,26.72238,16.35049,0.50000,0.11914,0.07577
780.00000,300.00000,1716.89503,6.20494,15.27245,25.06450,15.60458,0.56751,0.23930,0.05967
781.00000,150.00000,1724.74486,4.36353,16.98235,28.94000,20.35529,0.65588,0.13765,0.00588
782.00000,200.00000,1712.78242,5.19593,16.06748,22.83902,16.46016,0.77724,0.31138,0.08618
783.00000,111.00000,1702.11994,4.89353,16.51841,34.10746,15.84378,0.57264,0.24975,0.05970
784.00000,290.00000,1705.87849,5.70084,15.70820,25.31283,15.38749,0.50000,0.13249,0.06782
785.00000,200.00000,1707.54379,5.34515,16.29431,33.05418,14.23278,0.57157,0.29565,0.03278
786.00000,115.00000,1714.77189,4.61844,16.78873,22.91421,21.17157,0.50192,0.16901,0.08195
787.00000,142.00000,1719.23243,4.25813,17.18089,28.97866,14.62297,0.51270,0.22967,0.12500
788.00000,178.00000,1727.34166,5.21924,16.26183,29.22713,17.74211,0.50000,0.11514,0.09621
789.00000,300.00000,1729.03521,4.85223,16.42383,20.51317,10.39118,0.50000,0.09679,0.10195
790.00000,98.00000,1732.54879,4.70752,16.70195,33.97214,20.46518,0.68175,0.09749,0.00000
791.00000,191.00000,1739.76213,4.54254,16.78940,27.53347,16.92190,0.50000,0.21967,0.09414
792.00000,205.00000,1725.56412,4.95294,16.41725,25.04941,15.91059,0.66000,0.19451,0.03922
793.00000,239.00000,1733.65802,5.86802,15.54826,30.67564,16.41760,0.57879,0.26461,0.13263
794.00000,300.00000,1739.66554,5.99202,15.60675,23.15215,15.20982,0.53067,0.21227,0.09448
795.00000,110.00000,1748.35739,3.87948,17.34419,25.50271,12.16178,0.50000,0.19870,0.14007
796.00000,84.00000,1745.82526,3.61789,17.62873,30.60976,11.88211,0.50000,0.14770,0.06504
797.00000,300.00000,1750.37986,5.96192,15.60867,25.70709,16.16872,0.52431,0.17516,0.11658
798.00000,143.00000,1755.10186,4.09418,17.09170,20.34077,21.17224,0.60223,0.12268,0.03098
799.00000,170.00000,1752.79331,4.50847,16.88036,23.13460,19.31805,0.64806,0.13460,0.08475
800.00000,173.00000,1758.58635,4.14974,17.35800,25.86403,17.39157,0.50000,0.21515,0.11790
801.00000,165.00000,1765.86698,3.84256,17.38979,22.53203,16.33008,0.70087,0.17155,0.00000
802.00000,213.00000,1771.47229,5.88821,15.54211,30.38668,24.27029,0.77527,0.24655,0.06662
803.00000,108.00000,1758.74003,3.50682,17.77045,28.08636,16.41250,0.50000,0.17614,0.05682
804.00000,218.00000,1747.03861,5.32011,16.07346,29.16300,14.78499,0.50000,0.25255,0.04129
805.00000,248.00000,1750.00403,5.39533,16.16532,24.84906,19.72776,0.69182,0.12309,0.03594
806.00000,300.00000,1752.88428,5.72624,15.73591,26.90154,17.11554,0.51565,0.21799,0.04326
807.00000,294.00000,1739.88117,5.67152,15.89803,25.75455,24.51202,0.79133,0.18500,0.01748
808.00000,233.00000,1735.32564,4.56621,16.84126,19.10441,18.60102,0.56664,0.15280,0.05263
809.00000,144.00000,1723.81982,4.55938,16.79688,32.38906,16.59453,0.50000,0.11094,0.05156
810.00000,242.00000,1731.02912,5.68869,15.84658,34.33035,16.98152,0.50000,0.14222,0.01288
811.00000,134.00000,1734.48989,4.05550,17.39417,28.65851,15.46002,0.62418,0.13547,0.03763
812.00000,127.00000,1737.83861,3.93230,17.51904,18.21298,21.66150,0.50846,0.04937,0.08886
813.00000,169.00000,1744.39200,4.97193,16.55663,28.07067,22.33301,0.59342,0.13553,0.05905
814.00000,300.00000,1728.26015,5.14784,16.26322,23.18149,20.87680,0.66136,0.12139,0.01683
815.00000,300.00000,1715.72791,5.27305,16.10150,20.92066,14.54968,0.65332,0.18656,0.02645
816.00000,154.00000,1703.96984,5.72460,16.00665,32.61349,20.43210,0.68186,0.17949,0.05698
817.00000,160.00000,1702.96777,4.24276,17.16883,25.97502,21.19980,0.64086,0.15984,0.02398
818.00000,300.00000,1712.10519,4.90310,16.57752,25.02907,21.34884,0.61273,0.09238,0.05426
819.00000,236.00000,1700.28968,5.21081,16.40563,25.75951,20.94368,0.76180,0.15830,0.01522
820.00000,300.00000,1688.56541,5.19647,16.20588,24.22765,11.93059,0.50000,0.13588,0.03000
821.00000,271.00000,1676.78327,4.70698,16.68682,23.47209,17.89070,0.69457,0.27209,0.02868
822.00000,157.00000,1683.09500,3.68106,17.69944,25.94245,13.81215,0.50000,0.12550,0.07194
823.00000,180.00000,1673.00900,4.58532,16.78532,24.47248,16.42294,0.61193,0.23578,0.07798
824.00000,148.00000,1680.60527,4.14375,17.22300,32.10023,14.82673,0.50000,0.14685,0.03108
825.00000,300.00000,1682.46552,6.89189,14.80290,26.83982,22.02835,0.81015,0.09756,0.01846
826.00000,153.00000,1694.13408,5.27778,16.15171,29.58333,25.80449,0.66720,0.08013,0.00641
827.00000,300.00000,1683.63548,4.92707,16.57320,28.35332,19.79092,0.55159,0.11831,0.02593
828.00000,300.00000,1673.81979,4.34568,17.12233,23.12121,15.67565,0.53367,0.11223,0.03423
829.00000,289.00000,1683.38956,5.24271,16.31729,25.64746,18.85153,0.65186,0.11864,0.02034
830.00000,174.00000,1683.04067,3.93178,17.49302,24.35814,14.86124,0.50000,0.25581,0.21938
831.00000,300.00000,1694.38135,5.31750,16.17887,29.44550,21.41755,0.53298,0.10732,0.02292
832.00000,300.00000,1702.11414,5.36220,16.14779,24.22471,19.86008,0.65869,0.18898,0.08904
833.00000,300.00000,1710.58507,6.33796,15.14605,21.66385,19.00302,0.50000,0.13518,0.14243
834.00000,300.00000,1695.68644,4.91601,16.52976,19.84788,19.73942,0.76025,0.15741,0.05291
835.00000,143.00000,1703.03721,4.58933,16.98489,35.65244,20.58133,0.50000,0.24178,0.01511
836.00000,163.00000,1701.91048,4.33224,17.20327,31.71918,15.45551,0.50000,0.15265,0.04408
837.00000,213.00000,1703.23115,4.99917,16.40917,25.74417,12.96083,0.50000,0.15167,0.04250
838.00000,300.00000,1705.68720,4.74960,16.68035,20.12158,20.46296,0.63084,0.12158,0.04750
839.00000,88.00000,1714.16437,3.79159,17.55576,25.91225,24.17185,0.54296,0.04570,0.13894
840.00000,217.00000,1700.30534,4.68497,16.80037,32.54523,16.37243,0.57985,0.17155,0.04492
841.00000,171.00000,1689.87195,5.76151,15.62943,29.78038,19.15245,0.50000,0.16906,0.13509
842.00000,180.00000,1698.97999,4.75671,16.65338,26.24003,16.41497,0.51790,0.10252,0.07486
843.00000,186.00000,1709.57511,5.11748,16.30435,25.34043,14.35060,0.55967,0.18779,0.00740
844.00000,101.00000,1699.35298,3.70516,17.48649,27.62039,14.27396,0.50000,0.25307,0.10934
845.00000,242.00000,1684.37375,6.57672,15.00776,22.37069,19.87069,0.50000,0.16638,0.03276
846.00000,158.00000,1685.59488,5.49520,16.00120,28.78417,27.44125,0.72542,0.11511,0.03118
847.00000,243.00000,1694.87268,4.58663,16.80013,25.00065,15.87281,0.51201,0.10383,0.04867
848.00000,142.00000,1686.74553,4.62567,16.84250,26.95901,19.23409,0.55232,0.19957,0.05178
849.00000,171.00000,1694.67622,4.45574,17.11676,28.62900,22.79849,0.68032,0.05179,0.02448
850.00000,266.00000,1702.19346,5.20023,16.30850,30.53842,18.63504,0.55559,0.16822,0.04657
851.00000,201.00000,1692.25170,4.17852,17.18906,30.21080,12.68906,0.50000,0.18906,0.11397
852.00000,111.00000,1682.33894,4.52541,16.71037,35.67785,18.00000,0.50000,0.12907,0.03963
853.00000,300.00000,1683.79337,5.08100,16.43830,23.33838,17.32475,0.68774,0.18395,0.10977
854.00000,300.00000,1692.46228,4.77437,16.64378,19.85285,17.87247,0.69037,0.09994,0.04231
855.00000,300.00000,1682.70941,5.35135,16.21830,23.69508,19.51282,0.74532,0.14622,0.01247
856.00000,286.00000,1690.32792,4.52599,16.87493,28.57967,22.41862,0.71074,0.12507,0.06853
857.00000,171.00000,1691.79644,4.47866,17.12059,29.60668,19.46753,0.61827,0.19573,0.03432
858.00000,204.00000,1682.88218,5.39134,16.17956,26.02855,23.25783,0.54374,0.13444,0.08011
859.00000,149.00000,1673.21186,5.44197,16.12863,26.17408,15.91876,0.51451,0.30271,0.09961
860.00000,202.00000,1664.32953,4.08925,17.24138,19.39959,21.20385,0.61207,0.13996,0.05680
861.00000,92.00000,1673.65093,3.86386,17.60149,28.89975,16.76114,0.50000,0.18441,0.04455
862.00000,187.00000,1681.11594,5.09228,16.27231,28.34947,15.04085,0.50000,0.21483,0.06203
863.00000,168.00000,1688.59035,4.92172,16.41593,32.10279,19.45813,0.50000,0.36760,0.08713
864.00000,300.00000,1693.52056,5.94359,15.51870,22.17597,18.14102,0.57971,0.11772,0.02391
865.00000,105.00000,1700.12858,3.41489,17.96809,28.10505,17.70745,0.57713,0.08644,0.02394
866.00000,206.00000,1708.84424,4.87788,16.47083,26.65265,17.88060,0.55936,0.18657,0.04885
867.00000,191.00000,1699.27062,5.20425,16.35763,34.00683,19.31891,0.52506,0.13516,0.00228
868.00000,60.00000,1704.55482,3.10444,18.33420,28.70235,18.91645,0.51697,0.02350,0.02350
869.00000,188.00000,1695.56711,5.07496,16.51994,28.10526,12.11005,0.50000,0.15630,0.05024
870.00000,142.00000,1681.01652,3.93283,17.48534,31.54021,18.22422,0.50000,0.15516,0.14191
871.00000,225.00000,1688.08683,5.03597,16.40647,21.72752,19.03507,0.69245,0.10971,0.00270
872.00000,255.00000,1690.67689,3.92289,17.45719,24.07043,11.25622,0.50000,0.12993,0.09168
873.00000,143.00000,1680.62166,4.61608,17.00704,30.75678,25.02312,0.50000,0.08643,0.01307
874.00000,178.00000,1689.32268,4.95777,16.51482,24.88859,19.13118,0.65499,0.11860,0.02066
875.00000,212.00000,1680.98898,5.01040,16.34335,28.58266,12.33410,0.50000,0.28555,0.04624
876.00000,90.00000,1672.27137,6.01292,15.35917,34.87984,17.44057,0.50000,0.23902,0.02842
877.00000,233.00000,1678.59591,6.13467,15.32387,26.47078,13.72677,0.50000,0.07735,0.01892
878.00000,202.00000,1684.20413,4.67477,16.93084,24.05888,17.26355,0.62056,0.25234,0.14393
879.00000,181.00000,1693.93782,4.48556,16.84657,27.13718,21.26173,0.57356,0.09838,0.03249
880.00000,178.00000,1683.01089,4.49117,16.74674,22.12279,11.75058,0.50000,0.20107,0.13354
881.00000,173.00000,1673.68583,3.56540,17.72658,23.38903,14.31646,0.61983,0.27004,0.12911
882.00000,161.00000,1679.81814,3.76601,17.60461,28.58924,17.13237,0.50000,0.18787,0.12212
883.00000,127.00000,1684.31226,4.79218,16.42543,26.93154,23.10147,0.62897,0.08191,0.00000
884.00000,300.00000,1691.89832,5.13447,16.31069,29.16430,12.05645,0.50642,0.22166,0.01652
885.00000,132.00000,1682.21451,4.51597,16.90719,32.66866,12.52096,0.50000,0.28842,0.12974
886.00000,153.00000,1692.05283,4.58615,16.63766,27.69094,14.69094,0.50000,0.13233,0.03996
887.00000,179.00000,1701.37054,4.29057,17.10642,27.43547,18.02717,0.50000,0.13585,0.09132
888.00000,300.00000,1708.67790,5.64365,16.00740,25.32984,15.24908,0.59834,0.08446,0.03699
889.00000,176.00000,1713.50390,5.03221,16.60615,34.57321,19.23280,0.52562,0.31186,0.03660
890.00000,184.00000,1712.70929,4.35626,16.87904,21.17730,13.48384,0.56628,0.13505,0.04143
891.00000,195.00000,1717.94139,4.36646,17.18391,31.46315,13.47465,0.50237,0.20892,0.05612
892.00000,180.00000,1722.94992,4.56670,16.82648,27.29589,23.59679,0.67452,0.09328,0.02407
893.00000,300.00000,1728.66062,6.89460,14.61268,22.70009,21.15081,0.89760,0.33505,0.04027
894.00000,123.00000,1718.35441,4.16163,16.97185,27.80396,15.33994,0.50000,0.09489,0.08342
895.00000,181.00000,1708.25929,5.19111,16.25630,28.19778,15.27630,0.51704,0.07852,0.06963
896.00000,174.00000,1710.55556,3.90574,17.47717,25.47128,21.41090,0.73638,0.08689,0.01473
897.00000,170.00000,1719.11616,3.83754,17.59664,31.12185,11.61905,0.50000,0.12675,0.12955
898.00000,145.00000,1707.88621,3.76455,17.61387,28.44092,15.31079,0.50000,0.16610,0.14812
899.00000,285.00000,1714.82556,5.98623,15.37080,24.04022,13.66612,0.60468,0.12948,0.04573
900.00000,213.00000,1722.74355,5.23406,16.18649,21.56518,15.92008,0.72931,0.19125,0.05519
901.00000,300.00000,1729.14810,5.34734,16.26834,26.21693,20.66082,0.82351,0.11348,0.04451
902.00000,300.00000,1718.05596,6.10012,15.33520,21.67102,21.05535,0.72170,0.12687,0.03172
903.00000,207.00000,1717.16639,5.18056,16.39616,28.92725,17.85648,0.53968,0.14749,0.03373
904.00000,150.00000,1716.18966,4.32535,16.97606,30.28103,13.63209,0.50000,0.16844,0.07181
905.00000,156.00000,1722.75000,4.91338,16.58325,31.48027,14.48797,0.58037,0.37729,0.04139
906.00000,300.00000,1723.71870,6.05676,15.45910,20.85058,18.53923,0.74290,0.15192,0.05509
907.00000,300.00000,1727.77499,6.91691,14.77982,28.17448,15.54006,0.50000,0.13709,0.06113
908.00000,162.00000,1717.79864,3.59270,17.77434,24.69663,15.06461,0.50000,0.18820,0.31648
909.00000,75.00000,1718.49797,5.28746,16.32110,32.72018,15.49694,0.50000,0.31193,0.04128
910.00000,130.00000,1723.35641,4.37148,16.94371,30.87336,16.48780,0.50704,0.15103,0.04503
911.00000,180.00000,1728.01692,4.96979,16.40403,34.60919,16.09817,0.64223,0.26054,0.01888
912.00000,129.00000,1735.88853,3.94836,17.52300,34.73991,15.16432,0.50000,0.10047,0.02066
913.00000,89.00000,1743.04247,4.20441,17.27540,38.94492,18.86536,0.50000,0.28029,0.00122
914.00000,165.00000,1750.10920,4.54132,16.85644,29.98179,16.44258,0.60469,0.19188,0.05182
915.00000,202.00000,1757.21513,5.85779,15.79472,30.28958,13.12227,0.50000,0.13192,0.02896
916.00000,300.00000,1758.41201,5.18516,16.28409,19.17647,19.03676,0.56317,0.16310,0.12634
917.00000,300.00000,1761.79912,6.27476,15.10005,25.28542,14.51397,0.50000,0.12443,0.08532
918.00000,300.00000,1748.34852,5.06481,16.31091,23.32075,24.06399,0.69688,0.11895,0.00000
919.00000,139.00000,1751.99694,3.93182,17.47917,31.24527,20.44981,0.50000,0.10227,0.10038
920.00000,163.00000,1749.38801,4.50452,16.90813,32.54593,15.62575,0.50000,0.22214,0.08886
921.00000,168.00000,1754.61059,5.37140,16.25070,28.18570,16.37140,0.61792,0.28598,0.03250
922.00000,140.00000,1763.40520,5.41878,15.93687,37.03387,14.13087,0.50000,0.35951,0.05928
923.00000,241.00000,1771.61766,4.60443,16.88291,26.60696,20.43924,0.52785,0.11013,0.02405
924.00000,300.00000,1773.39418,5.78535,15.74293,22.43702,13.20116,0.53085,0.18895,0.03470
925.00000,124.00000,1779.65705,4.74562,16.88877,31.89701,20.82595,0.58908,0.24717,0.06076
926.00000,106.00000,1784.60650,3.65867,17.71733,21.73867,17.75867,0.69667,0.04933,0.01200
927.00000,300.00000,1785.63700,4.61429,16.69206,21.54206,17.50873,0.79127,0.08254,0.00952
928.00000,300.00000,1773.28213,4.49562,16.89667,22.01985,18.04437,0.56713,0.10800,0.05371
929.00000,300.00000,1762.79511,5.49131,16.07821,18.96791,16.49866,0.58556,0.14238,0.10829
930.00000,137.00000,1768.17820,4.00876,17.17235,27.94839,14.87147,0.50000,0.25706,0.05745
931.00000,181.00000,1766.05013,4.74354,16.59594,26.12177,19.75830,0.75231,0.16974,0.00092
932.00000,300.00000,1772.90429,5.51951,15.96098,21.89634,16.26402,0.55488,0.20122,0.01463
933.00000,176.00000,1761.66422,5.97566,15.49145,34.89671,18.06118,0.50000,0.20789,0.01776
934.00000,93.00000,1768.92553,4.08832,17.09402,28.93305,21.13818,0.50000,0.18946,0.05698
935.00000,114.00000,1775.15637,3.81222,17.64480,28.68326,16.77376,0.50000,0.18552,0.10860
936.00000,219.00000,1777.95112,4.22480,17.26022,21.61172,23.39918,0.61172,0.06676,0.01226
937.00000,300.00000,1779.00832,5.27793,16.20993,25.48462,14.91581,0.50000,0.22882,0.02536
938.00000,185.00000,1766.80487,4.72525,16.66852,23.38932,22.38932,0.69188,0.14461,0.07230
939.00000,300.00000,1772.98646,5.41854,16.11391,24.91258,13.80596,0.58974,0.14503,0.03510
940.00000,175.00000,1759.93586,5.96429,15.58844,23.02381,16.40051,0.50000,0.11735,0.06037
941.00000,130.00000,1747.45059,3.80685,17.40438,25.73073,13.24643,0.50000,0.09324,0.03425
942.00000,236.00000,1752.57411,5.80085,15.64312,33.39671,14.70366,0.50000,0.17844,0.04514
943.00000,228.00000,1756.55649,6.51101,15.04938,30.59488,13.73587,0.50000,0.21178,0.04462
944.00000,256.00000,1763.23344,5.02189,16.60851,29.85428,19.58974,0.62164,0.16323,0.00625
945.00000,300.00000,1769.96551,4.94894,16.57914,19.08826,14.74325,0.63239,0.07586,0.02042
946.00000,231.00000,1758.78304,4.24661,17.05656,20.00151,18.52187,0.65649,0.16063,0.06259
947.00000,300.00000,1765.44228,5.46120,16.12878,23.98569,19.67474,0.60787,0.16566,0.02862
948.00000,123.00000,1770.55583,4.03428,17.23604,32.46131,21.12145,0.50000,0.09207,0.08423
949.00000,155.00000,1773.67652,5.00337,16.37237,31.75737,14.07919,0.50000,0.18618,0.06740
950.00000,198.00000,1780.68504,4.03621,17.31207,23.88103,22.49052,0.80345,0.12241,0.05862
951.00000,147.00000,1788.34963,3.82646,17.55896,25.30968,20.33174,0.65005,0.07670,0.05944
952.00000,300.00000,1778.70053,6.08682,15.58619,23.94677,21.81559,0.73701,0.07224,0.01394
953.00000,207.00000,1784.44481,5.26923,16.37835,27.26118,23.60018,0.83587,0.09302,0.04562
954.00000,209.00000,1772.98239,4.79099,16.59279,21.32432,12.00180,0.65901,0.31441,0.05495
955.00000,173.00000,1762.64651,4.42899,17.00435,29.07826,10.56522,0.50000,0.19493,0.04348
956.00000,286.00000,1765.59751,4.79649,16.78401,24.34524,16.28912,0.50000,0.13265,0.11395
957.00000,186.00000,1772.32792,5.00000,16.38870,28.85133,18.44518,0.50000,0.05066,0.02409
958.00000,191.00000,1775.88833,4.50175,16.88959,25.72467,17.41929,0.56674,0.15793,0.06988
959.00000,248.00000,1784.27344,5.45211,16.01674,24.63496,19.01474,0.56731,0.13932,0.02411
960.00000,168.00000,1791.66782,6.75673,14.81469,30.27429,15.17551,0.53388,0.14367,0.00735
961.00000,128.00000,1780.08717,4.25813,16.99783,26.56074,16.74620,0.62256,0.15076,0.03471
962.00000,190.00000,1787.81247,4.11941,17.17412,27.00067,12.17278,0.50000,0.07605,0.07605
963.00000,216.00000,1795.43694,5.35354,16.12199,23.16861,15.13442,0.62354,0.12665,0.03030
964.00000,135.00000,1800.01870,5.44983,16.13010,31.82690,23.20176,0.52977,0.05733,0.03418
965.00000,121.00000,1802.43904,5.94820,15.60360,35.31532,18.91667,0.50000,0.21734,0.11599
966.00000,174.00000,1791.46395,4.09910,17.09730,21.88018,16.51712,0.50000,0.15856,0.04234
967.00000,167.00000,1792.91178,5.22594,16.24268,30.59623,22.79498,0.67730,0.12134,0.01778
968.00000,149.00000,1799.49578,4.84017,16.65214,32.02735,24.21026,0.56923,0.19658,0.02650
969.00000,258.00000,1787.32758,5.70122,15.69618,24.33981,15.97264,0.50000,0.15335,0.04464
970.00000,210.00000,1789.76585,5.50617,16.12930,31.48733,15.19233,0.50000,0.13775,0.10526
971.00000,105.00000,1791.91061,6.10130,15.56623,31.06623,15.40649,0.51169,0.13247,0.01688
972.00000,188.00000,1794.66774,5.00835,16.43573,24.47162,16.71619,0.57846,0.17195,0.03172
973.00000,300.00000,1801.91029,6.22688,15.35137,26.56661,18.10878,0.50524,0.13554,0.01687
974.00000,115.00000,1807.88403,4.54382,16.81521,26.88807,15.57761,0.67687,0.17951,0.04118
975.00000,300.00000,1816.31770,5.78827,15.64525,23.05922,18.25810,0.56369,0.13966,0.01788
976.00000,129.00000,1818.16726,5.16420,16.32611,30.99886,17.26568,0.63170,0.18928,0.02623
977.00000,300.00000,1805.39139,6.48498,14.94298,25.18271,17.88167,0.50000,0.06193,0.01533
978.00000,127.00000,1793.62286,5.69748,16.01961,35.50607,25.89916,0.50000,0.16900,0.03922
979.00000,105.00000,1801.05598,3.28554,17.91995,28.79450,14.74791,0.52449,0.15293,0.06093
980.00000,95.00000,1805.32018,4.42938,16.85876,30.48023,20.79944,0.54661,0.04096,0.00706
981.00000,198.00000,1813.59059,6.33989,15.29268,31.05350,23.30921,0.76397,0.20142,0.01495
982.00000,101.00000,1801.79634,3.82644,17.62644,31.93793,13.17816,0.50000,0.17011,0.09310
983.00000,153.00000,1787.22412,5.13388,16.36198,31.86777,18.14215,0.50000,0.15289,0.09174
984.00000,154.00000,1791.91455,3.95495,17.39903,30.11665,11.65245,0.50000,0.10941,0.08206
985.00000,128.00000,1798.44051,5.49449,15.88889,36.44444,12.95759,0.50000,0.18745,0.02714
986.00000,272.00000,1804.11179,6.29987,15.19481,19.04787,17.34508,0.60672,0.29721,0.06782
987.00000,202.00000,1809.53211,3.48814,17.72003,22.99275,15.18511,0.50000,0.16601,0.23979
988.00000,190.00000,1811.82267,4.52693,16.91185,29.81391,24.53281,0.66112,0.16357,0.01469
989.00000,199.00000,1812.83266,4.05841,17.39761,28.44124,15.57706,0.50000,0.09711,0.03237
990.00000,139.00000,1798.72534,6.05878,15.54964,34.94043,16.55044,0.50000,0.19619,0.05401
991.00000,198.00000,1806.93206,5.02352,16.56882,28.98258,21.62805,0.56098,0.06359,0.01045
992.00000,300.00000,1813.66320,5.71679,15.73249,22.85568,14.60688,0.50000,0.10870,0.05254
993.00000,300.00000,1802.25278,6.33735,15.12622,23.59897,12.73379,0.50000,0.09180,0.03213
994.00000,143.00000,1808.96206,4.38276,16.85862,30.21379,13.01207,0.53017,0.33793,0.05948
995.00000,300.00000,1816.69318,6.37835,15.22506,22.33516,14.69404,0.50000,0.13808,0.03771
996.00000,126.00000,1817.94009,4.30841,17.13218,24.12951,26.54473,0.68491,0.18158,0.00000
997.00000,245.00000,1821.04281,5.50245,15.84277,25.80503,17.14116,0.61600,0.23620,0.10762
998.00000,170.00000,1809.24455,3.50794,17.74754,26.61905,16.60393,0.50000,0.05367,0.01512
999.00000,205.00000,1815.66878,4.91271,16.54814,30.14955,20.18421,0.52888,0.22721,0.07189
1000.00000,300.00000,1821.16288,8.15601,13.29162,25.05623,16.28611,0.61136,0.26075,0.06284
1001.00000,163.00000,1826.33626,4.16925,17.03326,28.16260,16.65410,0.50000,0.24612,0.04287
1002.00000,152.00000,1834.59862,3.95439,17.34372,25.55172,17.40712,0.52836,0.07341,0.00222
1003.00000,300.00000,1836.25330,7.21587,14.28242,23.05973,23.04608,0.70776,0.20051,0.01109
1004.00000,300.00000,1822.68057,4.89627,16.66326,23.96494,18.58802,0.59094,0.08473,0.00657
1005.00000,234.00000,1809.63243,4.82053,16.81258,27.64636,18.64040,0.63709,0.11854,0.05099
1006.00000,190.00000,1797.17382,5.46608,16.17004,29.13480,14.47753,0.65859,0.39207,0.04758
1007.00000,300.00000,1802.31566,6.16194,15.43563,26.86802,19.86559,0.70607,0.25425,0.01781
1008.00000,167.00000,1788.78446,5.23716,16.02312,27.95634,13.46575,0.50000,0.19863,0.11045
1009.00000,300.00000,1776.70702,6.78161,14.80520,25.58802,13.97883,0.50363,0.19177,0.07199
1010.00000,132.00000,1782.61443,4.40369,16.75615,24.19365,12.22848,0.50000,0.21209,0.15574
1011.00000,300.00000,1784.11768,5.57210,15.82951,20.38544,14.26348,0.51718,0.09838,0.05323
1012.00000,171.00000,1785.58476,4.67939,16.58670,21.76772,18.41330,0.67721,0.17775,0.01636
1013.00000,117.00000,1785.26518,4.59102,16.79433,22.52482,19.44563,0.60106,0.24468,0.16903
1014.00000,300.00000,1795.37797,5.85374,15.66817,21.17526,18.23131,0.63015,0.11534,0.04704
1015.00000,292.00000,1801.97601,4.54075,16.88088,20.79781,16.39969,0.63793,0.16614,0.10266
1016.00000,300.00000,1807.70428,5.77798,15.74345,24.47679,13.14286,0.50268,0.20833,0.05595
1017.00000,102.00000,1810.19305,3.38901,17.81054,31.17937,18.72982,0.50000,0.19283,0.07511
1018.00000,226.00000,1814.34834,5.88315,15.74872,34.32161,21.39818,0.55757,0.18661,0.01305
1019.00000,145.00000,1815.58569,3.69984,17.66693,33.46473,13.09091,0.50000,0.16458,0.06270
1020.00000,154.00000,1822.91182,5.12520,16.30787,31.50315,17.60709,0.50000,0.11654,0.03858
1021.00000,182.00000,1827.77935,4.50258,16.85825,30.23389,14.00258,0.50000,0.15786,0.08119
1022.00000,132.00000,1834.62478,3.73372,17.64767,26.61860,17.16512,0.53953,0.05698,0.01860
1023.00000,264.00000,1840.19893,5.51628,15.98023,26.35581,17.82209,0.66512,0.14593,0.02849
1024.00000,208.00000,1827.38227,4.05728,17.19928,31.31026,15.22733,0.50000,0.15990,0.08831
1025.00000,298.00000,1829.43433,7.93948,13.54338,24.68796,14.80094,0.51547,0.24143,0.03093
1026.00000,193.00000,1835.46852,5.86862,15.59399,30.85045,15.09574,0.50000,0.22222,0.07407
1027.00000,170.00000,1844.28159,4.96592,16.64136,33.85670,10.29280,0.57242,0.24787,0.02401
1028.00000,129.00000,1846.47335,4.57942,16.81047,28.50000,19.94765,0.52211,0.13267,0.02617
1029.00000,190.00000,1851.17342,4.20843,17.10624,21.43066,14.71127,0.53204,0.22871,0.07867
1030.00000,185.00000,1855.14264,5.04009,16.44100,29.15204,17.09909,0.53215,0.22844,0.02421
1031.00000,219.00000,1860.43944,4.78361,16.53571,27.49580,15.21849,0.50700,0.13165,0.03711
1032.00000,300.00000,1865.24281,6.68622,14.91743,25.79897,15.79385,0.54670,0.08599,0.05182
1033.00000,245.00000,1866.28344,5.22796,16.24685,27.88035,17.77330,0.56297,0.17821,0.17632
1034.00000,136.00000,1870.50803,5.05689,16.50721,35.66026,16.90465,0.50000,0.18910,0.05929
1035.00000,300.00000,1873.58717,5.17500,16.28106,21.50000,16.37500,0.55114,0.06061,0.03788
1036.00000,126.00000,1875.24222,4.08241,17.36971,28.04677,14.66036,0.51837,0.11470,0.05345
1037.00000,96.00000,1873.20697,4.83883,16.45910,22.54335,14.34310,0.50000,0.42247,0.15751
1038.00000,127.00000,1877.04166,3.18587,18.02602,25.34294,13.94796,0.50000,0.09758,0.07900
1039.00000,142.00000,1881.41911,4.25680,17.22659,24.52467,19.65660,0.66868,0.08761,0.11178
1040.00000,124.00000,1885.96633,5.33555,15.91659,31.36398,21.28057,0.50000,0.20664,0.05308
1041.00000,300.00000,1888.77954,6.74074,14.86667,19.44856,24.61152,0.76708,0.11770,0.02881
1042.00000,218.00000,1889.33561,4.27160,17.04612,27.57833,16.80747,0.55893,0.19839,0.07247
1043.00000,193.00000,1875.60761,4.99141,16.31527,28.80635,13.85525,0.50000,0.23199,0.11170
1044.00000,167.00000,1880.85716,4.66438,16.89041,25.42551,14.71747,0.59889,0.22774,0.04024
1045.00000,153.00000,1885.51999,4.37641,16.83696,31.81818,15.18933,0.50000,0.12397,0.01127
1046.00000,198.00000,1891.57014,4.18193,17.29907,29.71900,21.58131,0.50000,0.13769,0.02181
1047.00000,300.00000,1895.26171,4.97502,16.49410,21.62873,18.96183,0.56419,0.10965,0.02429
1048.00000,300.00000,1897.92028,5.29371,15.99441,17.08252,21.34755,0.89196,0.16154,0.01399
1049.00000,300.00000,1888.91540,4.85024,16.48082,24.89648,18.95008,0.61088,0.09511,0.03363
1050.00000,141.00000,1877.82444,4.20482,17.04418,33.94699,14.06667,0.50000,0.18072,0.07871
1051.00000,166.00000,1883.90498,3.94536,17.46266,21.77049,16.25683,0.57923,0.12933,0.06648
1052.00000,92.00000,1885.88786,5.01634,16.21470,35.82497,19.14469,0.50000,0.28705,0.03151
1053.00000,300.00000,1888.77109,5.21677,16.20468,20.52190,19.62915,0.67069,0.13444,0.04607
1054.00000,227.00000,1893.07667,4.70398,16.66667,26.71517,19.04540,0.55566,0.12251,0.03731
1055.00000,124.00000,1887.92140,4.79960,16.78958,33.28657,18.77054,0.50000,0.17635,0.05611
1056.00000,149.00000,1891.60435,3.72180,17.70059,26.66158,12.43766,0.50000,0.16115,0.06361
1057.00000,121.00000,1892.14858,4.20876,17.13285,21.58978,19.33139,0.67445,0.11533,0.06569
1058.00000,155.00000,1897.39371,4.98195,16.38346,33.71203,16.61654,0.50000,0.12481,0.03233
1059.00000,189.00000,1885.35692,3.34065,17.91976,24.04164,14.65859,0.69720,0.11506,0.03861
1060.00000,151.00000,1894.44919,5.06788,16.47273,30.81939,23.63515,0.57758,0.09576,0.02667
1061.00000,300.00000,1898.48378,6.43689,14.88703,21.37406,16.45706,0.57262,0.13775,0.01268
1062.00000,270.00000,1884.34007,6.55917,15.03800,29.37025,16.24756,0.56596,0.23616,0.02389
1063.00000,224.00000,1887.10394,5.23965,16.20954,28.97051,13.77917,0.55270,0.28607,0.05207
1064.00000,146.00000,1891.98223,5.24857,16.15045,34.52903,14.20360,0.50000,0.23303,0.09076
1065.00000,111.00000,1896.31970,4.26358,16.97457,25.41272,12.79075,0.50000,0.30173,0.18382
1066.00000,300.00000,1898.36179,5.62859,15.76118,20.06869,14.22923,0.58786,0.19569,0.00080
1067.00000,300.00000,1902.64697,4.63852,16.73791,17.58839,19.02726,0.63764,0.10114,0.01847
1068.00000,291.00000,1897.71234,5.14041,16.28289,26.26313,14.43214,0.50000,0.18253,0.02964
1069.00000,91.00000,1883.83177,3.47627,17.87873,28.15641,20.16696,0.55975,0.15993,0.09490
1070.00000,140.00000,1888.67077,6.09254,15.55663,41.50483,21.02555,0.50000,0.16160,0.00276
1071.00000,162.00000,1878.36387,4.13978,17.27469,34.14465,15.90751,0.50000,0.10779,0.05216
1072.00000,300.00000,1880.75000,6.49092,15.14177,22.43292,18.64616,0.55946,0.16286,0.03046
1073.00000,300.00000,1884.41162,4.66368,16.78261,24.30818,15.42327,0.58472,0.12212,0.05435
1074.00000,173.00000,1888.31469,3.00000,18.25799,18.02536,17.03969,0.53528,0.17751,0.24697
1075.00000,260.00000,1879.48066,5.53931,15.94333,29.10908,19.55759,0.55667,0.13346,0.00488
1076.00000,300.00000,1865.93570,4.26511,17.10717,22.88155,19.82917,0.75060,0.12812,0.04110
1077.00000,203.00000,1856.16904,4.97203,16.54235,28.34810,15.94483,0.53963,0.18260,0.06294
1078.00000,293.00000,1843.95615,5.26408,16.05704,17.91127,11.46549,0.57183,0.13592,0.04930
1079.00000,178.00000,1849.52008,6.40610,14.92822,22.05408,12.82301,0.60226,0.32153,0.05801
1080.00000,300.00000,1854.58531,5.36819,16.01862,17.65115,15.91404,0.65401,0.13897,0.03295
1081.00000,156.00000,1856.61695,4.61965,16.83039,25.97061,12.91184,0.50000,0.17464,0.12594
1082.00000,188.00000,1861.20605,3.95857,17.36911,22.26648,17.20056,0.62147,0.15725,0.07062
1083.00000,300.00000,1864.30010,5.04280,16.33204,20.01946,16.80674,0.54799,0.07652,0.02205
1084.00000,182.00000,1855.50657,3.81586,17.64731,31.60411,16.19618,0.50000,0.13598,0.03683
1085.00000,201.00000,1842.91280,5.69142,15.82466,30.63859,16.60643,0.50000,0.10796,0.02833
1086.00000,300.00000,1847.88070,6.73996,14.86043,22.84529,18.12903,0.75741,0.22449,0.03687
1087.00000,191.00000,1853.12923,3.96505,17.42563,24.55197,17.82527,0.61380,0.10125,0.03495
1088.00000,300.00000,1858.36579,4.22279,17.19366,14.09083,15.81919,0.85347,0.12682,0.01628
1089.00000,300.00000,1849.95132,6.18506,15.39771,20.53432,16.70525,0.69515,0.17362,0.04980
1090.00000,165.00000,1847.26130,3.45226,17.80737,23.06868,16.14657,0.50000,0.17337,0.11390
1091.00000,300.00000,1843.80568,6.48860,14.85594,19.07503,14.63385,0.72029,0.22749,0.04142
1092.00000,196.00000,1845.66078,4.46584,16.93523,27.94765,19.56610,0.82697,0.07631,0.03372
1093.00000,300.00000,1855.54080,6.30174,15.20853,18.88784,18.28594,0.67970,0.30253,0.06556
1094.00000,170.00000,1841.60729,4.82970,16.58856,29.39578,15.46798,0.50000,0.15327,0.05313
1095.00000,121.00000,1830.46392,5.14166,16.40399,29.15215,19.20672,0.52518,0.20462,0.13326
1096.00000,200.00000,1831.34835,5.71215,15.79294,30.08282,19.72301,0.62016,0.19823,0.06382
1097.00000,181.00000,1838.09085,4.73382,16.67954,22.60021,20.66806,0.55689,0.14301,0.04175
1098.00000,214.00000,1841.49732,5.63299,15.76006,31.04972,14.33702,0.52802,0.18785,0.01342
1099.00000,300.00000,1830.46831,5.94396,15.59352,22.06077,21.00473,0.73700,0.18501,0.04321
1100.00000,176.00000,1818.77166,4.23538,17.04404,29.64768,14.10023,0.51708,0.20425,0.12528
1101.00000,140.00000,1815.87917,3.90099,17.46733,28.02178,22.22970,0.53911,0.05446,0.03168
1102.00000,242.00000,1820.26367,5.55361,15.95795,31.67694,23.46811,0.61528,0.09881,0.00280
1103.00000,151.00000,1810.41914,4.16967,17.49841,24.18452,17.13998,0.62725,0.11665,0.11877
1104.00000,252.00000,1796.96367,4.58174,16.71967,23.02363,14.54662,0.50000,0.25734,0.15006
1105.00000,174.00000,1786.31380,4.27736,17.08878,34.10874,13.89539,0.50000,0.07777,0.04611
1106.00000,300.00000,1789.44930,5.48234,15.97283,21.32745,17.32541,0.58696,0.08560,0.04416
1107.00000,219.00000,1799.27722,5.48479,15.98686,29.59544,22.07261,0.56950,0.05809,0.02213
1108.00000,300.00000,1790.20622,6.22957,15.30783,25.91715,17.34580,0.61507,0.15650,0.06272
1109.00000,144.00000,1783.80784,3.14489,18.08807,26.05777,10.90909,0.50000,0.15625,0.10795
1110.00000,132.00000,1781.30245,4.20936,17.15813,34.83922,13.35424,0.50000,0.22968,0.04947
1111.00000,227.00000,1784.17377,5.83454,15.75082,28.96374,17.49572,0.61503,0.18919,0.06328
1112.00000,300.00000,1788.63604,5.84019,15.54860,21.27668,13.66428,0.51699,0.10018,0.05665
1113.00000,174.00000,1795.16324,5.25891,16.28407,24.09539,20.63103,0.57495,0.08386,0.05136
1114.00000,133.00000,1802.09133,5.02642,16.56038,32.86698,12.81038,0.50000,0.32453,0.04623
1115.00000,148.00000,1807.47921,5.24167,16.17165,33.84799,13.75662,0.50000,0.18702,0.06063
1116.00000,169.00000,1818.13153,4.77013,16.62416,31.37081,19.17282,0.68708,0.11997,0.05705
1117.00000,128.00000,1823.63475,5.61939,15.73995,29.17021,22.57565,0.60402,0.16785,0.05319
1118.00000,300.00000,1831.50307,5.36565,16.34411,24.84918,21.91381,0.78105,0.09189,0.04373
1119.00000,300.00000,1836.55183,6.20741,15.28718,23.97892,18.60000,0.70399,0.13447,0.10256
1120.00000,208.00000,1829.21892,3.91000,17.43333,22.45667,13.11917,0.58083,0.17583,0.11250
1121.00000,169.00000,1824.08573,4.67294,16.60016,24.41701,13.57482,0.50000,0.12510,0.08340
1122.00000,300.00000,1811.52221,5.79360,15.73256,20.20058,19.07849,0.76890,0.18605,0.02326
1123.00000,160.00000,1815.39565,4.34236,17.00585,32.79663,15.40600,0.50000,0.16679,0.09949
1124.00000,300.00000,1804.60864,5.25497,16.15563,24.82185,21.83907,0.61490,0.11391,0.05033
1125.00000,118.00000,1807.49020,5.20561,16.22638,32.00312,21.12669,0.50000,0.15992,0.05919
1126.00000,300.00000,1795.66258,6.05295,15.47900,20.92027,16.63055,0.51187,0.09008,0.05660
1127.00000,217.00000,1797.98932,4.62905,16.83219,29.84298,19.31796,0.58391,0.13052,0.03827
1128.00000,102.00000,1804.66453,4.08995,17.35026,38.75026,15.32593,0.50000,0.14074,0.05291
1129.00000,178.00000,1791.41421,4.57264,16.89008,30.81245,16.81015,0.50000,0.19370,0.13221
1130.00000,113.00000,1796.89736,4.35294,17.08380,39.12087,16.54069,0.50000,0.15391,0.01209
1131.00000,300.00000,1799.84236,4.50648,16.77727,23.47292,19.25706,0.68612,0.13806,0.06560
1132.00000,100.00000,1802.70484,4.03255,17.21886,33.04040,12.81145,0.65657,0.41751,0.00000
1133.00000,120.00000,1794.52009,5.31448,16.09425,35.01091,22.30357,0.55506,0.14484,0.02877
1134.00000,171.00000,1800.49400,4.93754,16.45694,35.74227,20.00329,0.50000,0.09730,0.04339
1135.00000,173.00000,1809.74879,4.61171,16.74114,28.72885,12.23500,0.50000,0.10340,0.02965
1136.00000,119.00000,1815.61010,3.90148,17.59507,35.47389,19.86601,0.50000,0.12709,0.04335
1137.00000,300.00000,1822.76953,5.01464,16.36194,23.19960,13.85961,0.54192,0.21756,0.06121
1138.00000,152.00000,1826.37570,6.05923,15.38105,30.99901,19.81145,0.56515,0.20434,0.00000
1139.00000,300.00000,1827.65553,6.02401,15.41314,22.92609,18.50347,0.56064,0.11434,0.07517
1140.00000,138.00000,1815.65688,5.61988,15.93957,26.83236,13.84308,0.50000,0.21442,0.08285
1141.00000,300.00000,1818.31958,6.42262,15.03853,23.86265,15.49472,0.50000,0.26538,0.12119
1142.00000,300.00000,1822.70881,6.67024,14.84643,24.42381,13.46488,0.52738,0.20536,0.05060
1143.00000,300.00000,1831.45197,5.70257,15.68446,16.36606,19.77216,0.76835,0.10963,0.03622
1144.00000,165.00000,1839.43861,4.53119,16.75401,24.07665,15.25758,0.50000,0.10784,0.07398
1145.00000,218.00000,1830.15197,4.12983,17.29742,19.75599,21.38766,0.66298,0.11050,0.03039
1146.00000,300.00000,1833.57510,4.63624,16.87492,25.06288,17.62948,0.57877,0.14266,0.10142
1147.00000,132.00000,1821.72269,5.36172,16.08038,28.12727,13.05933,0.50000,0.19617,0.05455
1148.00000,300.00000,1814.96452,6.43342,15.02629,21.44360,16.29262,0.77523,0.23325,0.01187
1149.00000,172.00000,1820.56583,4.17588,17.27638,23.64121,17.10452,0.69598,0.07839,0.01106
1150.00000,300.00000,1821.98704,5.08781,16.42135,26.79785,19.81996,0.63519,0.11560,0.01453
1151.00000,300.00000,1813.70393,5.44658,16.09098,21.18447,16.22037,0.66110,0.14608,0.02755
1152.00000,226.00000,1802.29132,4.95071,16.48990,30.66093,17.36758,0.53711,0.17518,0.08314
1153.00000,108.00000,1791.50995,5.36396,15.78210,25.15901,16.80448,0.50000,0.13192,0.05418
1154.00000,178.00000,1797.43064,4.21837,17.28012,23.95934,16.53087,0.50000,0.14081,0.04669
1155.00000,243.00000,1799.78540,6.03537,15.36552,30.54576,13.38293,0.50000,0.22066,0.01853
1156.00000,300.00000,1805.72096,6.34834,15.19338,26.06358,16.37947,0.67881,0.18543,0.01987
1157.00000,186.00000,1807.10468,5.29513,16.14350,23.05325,16.43953,0.50000,0.13357,0.05957
1158.00000,103.00000,1804.46438,5.83000,15.38556,34.76111,12.72667,0.55056,0.42556,0.00000
1159.00000,165.00000,1808.65782,3.49251,17.76911,27.02916,12.18282,0.50000,0.36879,0.17730
1160.00000,300.00000,1812.69935,7.01340,14.40268,24.71911,18.74825,0.50000,0.16667,0.02331
1161.00000,163.00000,1822.83880,5.97554,15.38991,31.73012,17.29664,0.50000,0.09786,0.04511
1162.00000,175.00000,1820.87245,3.67882,17.62513,22.24721,18.22999,0.51824,0.11348,0.09625
1163.00000,174.00000,1824.79608,4.52590,16.75824,22.64835,14.90659,0.50000,0.24019,0.17268
1164.00000,300.00000,1812.71746,6.49145,15.13072,26.90789,12.95477,0.51269,0.20022,0.02648
1165.00000,300.00000,1813.91657,5.22910,16.30134,23.69917,18.18266,0.51161,0.07895,0.02683
1166.00000,300.00000,1822.55173,6.12905,15.35848,24.01746,17.53678,0.56608,0.18953,0.03803
1167.00000,150.00000,1820.50616,3.49149,17.78639,24.57183,16.85728,0.51229,0.12004,0.08601
1168.00000,195.00000,1821.88826,6.25275,15.44279,29.97738,15.91467,0.50000,0.32062,0.07628
1169.00000,264.00000,1827.19790,4.70272,16.81752,27.56735,19.36629,0.57266,0.15395,0.03251
1170.00000,300.00000,1828.83844,6.58344,14.95232,20.17880,17.37955,0.72240,0.17127,0.02008
1171.00000,300.00000,1814.49995,5.86095,15.52219,19.30991,11.56805,0.73373,0.27367,0.05917
1172.00000,146.00000,1811.06497,4.36076,16.92722,16.30222,19.89873,0.64715,0.19620,0.07911
1173.00000,183.00000,1807.86317,5.84151,15.63485,32.29159,18.73030,0.62916,0.25131,0.00701
1174.00000,135.00000,1799.33270,5.01704,16.66099,34.51031,17.63677,0.50000,0.30942,0.15336
1175.00000,191.00000,1787.27000,4.04541,17.31787,21.05314,19.11014,0.61111,0.22609,0.07826
1176.00000,260.00000,1788.63121,5.27871,16.11341,29.43729,13.19462,0.50000,0.15666,0.08265
1177.00000,300.00000,1797.86338,5.93573,15.50436,12.04902,15.16558,0.77015,0.20479,0.03704
1178.00000,93.00000,1799.28883,5.74691,15.62448,30.35626,24.05089,0.63274,0.13893,0.00275
1179.00000,192.00000,1791.28373,4.57862,16.86024,30.45213,17.10342,0.50000,0.09993,0.05241
1180.00000,142.00000,1782.58010,2.59137,18.60698,25.78237,14.58586,0.51653,0.16253,0.07713
1181.00000,144.00000,1792.01922,4.49126,16.81993,27.66521,20.95105,0.56206,0.11451,0.01224
1182.00000,135.00000,1800.93306,4.41200,17.09800,29.83400,13.57900,0.50000,0.15000,0.10200
1183.00000,104.00000,1805.53060,5.00758,16.41450,31.56169,20.17641,0.50000,0.17857,0.14177
1184.00000,182.00000,1811.04784,3.61829,17.77794,26.13135,12.74311,0.50000,0.16981,0.16183
1185.00000,157.00000,1814.78898,4.12568,17.46760,32.64247,18.30367,0.50000,0.08899,0.04528
1186.00000,300.00000,1820.57492,6.39751,15.18926,32.28037,14.52386,0.53633,0.13069,0.01898
1187.00000,128.00000,1825.79091,3.62645,17.57703,23.03634,18.09884,0.67369,0.06395,0.01453
1188.00000,147.00000,1827.00748,4.00236,17.29347,25.35484,12.09441,0.50000,0.15421,0.05901
1189.00000,246.00000,1817.80060,4.58997,16.77887,23.62668,21.98030,0.74485,0.13250,0.07968
1190.00000,131.00000,1821.98598,3.87435,17.37871,33.34031,20.81065,0.50000,0.17277,0.06981
1191.00000,300.00000,1825.48181,6.41407,15.02760,21.54052,15.26892,0.70614,0.23598,0.01603
1192.00000,183.00000,1827.11536,3.84207,17.60282,31.85820,15.99933,0.50000,0.08804,0.05914
1193.00000,158.00000,1823.29435,4.54020,16.86729,31.25059,13.34270,0.51366,0.23810,0.02654
1194.00000,223.00000,1829.03869,3.45697,17.81998,18.99703,22.88131,0.61375,0.05539,0.05935
1195.00000,140.00000,1833.96581,3.60360,17.76963,21.44916,20.56371,0.56242,0.12355,0.05663
1196.00000,202.00000,1822.34584,3.70491,17.56981,24.21736,15.16906,0.50000,0.08981,0.05736
1197.00000,128.00000,1810.65197,4.48651,17.04496,36.03596,21.01698,0.50000,0.19081,0.13586
1198.00000,192.00000,1814.55557,4.40560,16.86203,20.91390,21.86929,0.73963,0.12967,0.04046
1199.00000,283.00000,1817.69964,5.16046,16.31294,20.17996,16.92553,0.60550,0.15691,0.00532
1200.00000,169.00000,1811.26589,4.46566,16.85152,22.52020,19.97273,0.78889,0.08182,0.00909
1201.00000,117.00000,1816.48486,4.80695,16.70384,30.59952,22.95803,0.65228,0.11511,0.00959
1202.00000,158.00000,1804.64793,3.36371,17.83049,26.38671,13.22743,0.50000,0.10051,0.04259
1203.00000,300.00000,1791.40381,4.48810,16.91667,25.04422,15.02296,0.62500,0.09609,0.00595
1204.00000,133.00000,1800.12653,5.65743,15.99010,34.08119,18.42178,0.50000,0.20792,0.12178
1205.00000,300.00000,1789.41049,5.24962,16.10215,25.67435,20.00154,0.63364,0.15438,0.02227
1206.00000,173.00000,1790.52884,4.96200,16.39899,38.23369,12.37302,0.50000,0.12730,0.05763
1207.00000,126.00000,1774.92785,2.28081,18.81414,20.26263,10.45152,0.50000,0.16465,0.18182
1208.00000,171.00000,1780.80731,4.05874,17.24534,30.98756,16.89288,0.50000,0.15895,0.02142
1209.00000,300.00000,1782.83796,5.40000,16.11548,21.55983,18.93222,0.72762,0.18494,0.09958
1210.00000,145.00000,1785.49706,5.24943,16.20684,33.33004,11.91863,0.60342,0.19848,0.01597
1211.00000,300.00000,1779.93837,4.18622,17.04545,21.15762,12.22507,0.52053,0.07771,0.03592
1212.00000,300.00000,1785.77980,5.91250,15.61538,30.08221,18.04231,0.53630,0.20529,0.01490
1213.00000,78.00000,1781.44478,3.60983,17.86329,33.05530,11.54224,0.50000,0.27343,0.03533
1214.00000,300.00000,1787.12301,5.29031,16.00321,21.95608,12.46813,0.51553,0.13873,0.04017
1215.00000,193.00000,1793.44254,3.39276,17.93971,19.87425,14.53316,0.57063,0.14384,0.04651
1216.00000,172.00000,1802.77218,3.53377,17.92810,18.28105,17.29194,0.67375,0.07407,0.09804
1217.00000,300.00000,1808.32856,5.62216,15.93644,23.69213,13.22566,0.50000,0.12653,0.03790
1218.00000,205.00000,1800.16712,4.54100,16.87151,23.47591,18.96196,0.71175,0.10566,0.00930
1219.00000,202.00000,1805.65800,4.40791,16.89802,16.39230,14.65036,0.65609,0.26015,0.10302
1220.00000,222.00000,1814.17677,4.70143,16.82002,30.43987,17.73759,0.56350,0.15307,0.05383
1221.00000,198.00000,1823.91425,4.48279,16.97610,25.01625,21.92734,0.80210,0.08031,0.00669
1222.00000,128.00000,1816.26603,4.32925,16.88209,25.50834,16.17909,0.50000,0.11902,0.11568
1223.00000,175.00000,1807.24459,5.88447,15.81845,27.92913,19.72330,0.81602,0.15728,0.02136
1224.00000,149.00000,1815.77312,5.64802,15.84596,32.26764,18.19363,0.64372,0.20052,0.02238
1225.00000,118.00000,1806.74744,3.65897,17.56768,29.03987,12.30745,0.50000,0.14271,0.04617
1226.00000,134.00000,1813.81341,5.40318,15.93732,28.91581,15.97100,0.50000,0.16651,0.03648
1227.00000,119.00000,1814.75036,4.18228,17.23291,30.86076,19.80886,0.57089,0.15823,0.04051
1228.00000,300.00000,1816.85187,5.74444,15.71306,21.02681,17.74501,0.56959,0.16771,0.05533
1229.00000,264.00000,1809.02874,7.34531,14.21742,27.05907,16.77406,0.51370,0.22655,0.06638
1230.00000,72.00000,1813.99198,5.37255,16.01357,37.80995,14.56561,0.50000,0.11312,0.01508
1231.00000,171.00000,1815.97643,4.90580,16.63677,26.27882,15.40769,0.56594,0.17182,0.07762
1232.00000,200.00000,1825.25028,4.99424,16.35591,23.10375,17.87752,0.52522,0.14697,0.07637
1233.00000,154.00000,1829.69277,5.31589,16.16746,22.95528,22.98953,0.55756,0.17031,0.09420
1234.00000,300.00000,1834.44921,6.56364,14.81739,22.05929,10.86482,0.54269,0.09328,0.00000
1235.00000,103.00000,1839.57928,4.38587,17.20326,37.38913,15.25109,0.50000,0.25870,0.01739
1236.00000,288.00000,1835.61696,5.77361,15.72141,23.82815,13.14663,0.54604,0.22991,0.05806
1237.00000,300.00000,1843.15634,5.19817,16.18984,26.03830,19.32057,0.60658,0.16153,0.01998
1238.00000,147.00000,1846.43845,5.01165,16.52233,30.25243,24.14466,0.79563,0.16117,0.02524
1239.00000,300.00000,1836.87663,5.73589,15.61856,26.38783,13.47324,0.50000,0.08640,0.06627
1240.00000,133.00000,1846.21411,4.58590,16.81718,25.46806,20.26762,0.50000,0.24009,0.07159
1241.00000,163.00000,1852.13922,4.22032,16.97531,26.02944,18.45489,0.54036,0.16619,0.01045
1242.00000,297.00000,1856.38166,6.02661,15.40275,19.20642,19.08807,0.64495,0.19266,0.01927
1243.00000,168.00000,1848.16676,3.53898,17.75037,26.64693,12.12594,0.50000,0.09370,0.02474
1244.00000,163.00000,1834.87518,5.06074,16.43888,30.37282,15.08200,0.50000,0.23311,0.02430
1245.00000,300.00000,1838.87201,5.45420,16.01603,19.62977,17.07481,0.62405,0.19389,0.07405
1246.00000,180.00000,1843.75291,5.36758,15.97111,28.86035,17.89727,0.55698,0.19342,0.06180
1247.00000,161.00000,1829.15927,4.10482,17.29406,27.19759,17.47588,0.58720,0.11503,0.03618
1248.00000,300.00000,1834.24396,5.35614,16.11829,21.88299,19.50512,0.67743,0.10934,0.04028
1249.00000,175.00000,1825.22233,3.59099,17.74117,22.81360,16.05212,0.51104,0.09276,0.06095
1250.00000,163.00000,1825.08497,4.80089,16.64554,26.81964,20.56429,0.67679,0.11786,0.03125
1251.00000,126.00000,1830.45043,4.21695,17.08136,27.46441,19.77853,0.83955,0.21921,0.04294
1252.00000,132.00000,1838.23448,4.45930,16.84535,29.08605,22.86628,0.65814,0.05814,0.00233
1253.00000,151.00000,1846.26472,4.67113,16.63887,34.99135,15.78757,0.50000,0.21479,0.05193
1254.00000,203.00000,1836.77768,4.66365,16.86446,24.17068,19.49096,0.64056,0.09538,0.01205
1255.00000,156.00000,1841.21784,4.51859,16.81506,25.87893,13.94662,0.50000,0.18398,0.01907
1256.00000,300.00000,1828.64247,6.32535,15.05389,18.47505,11.37991,0.53992,0.23220,0.08583
1257.00000,64.00000,1818.19607,2.66667,18.43478,24.23913,17.08454,0.52415,0.01691,0.00966
1258.00000,193.00000,1826.50829,4.44938,16.94938,32.32593,15.20062,0.50000,0.12963,0.02963
1259.00000,300.00000,1815.56102,5.13558,16.18488,16.63681,16.45029,0.70953,0.12901,0.01315
1260.00000,300.00000,1819.22420,4.87896,16.52721,17.30544,20.63282,0.71405,0.12266,0.02681
1261.00000,144.00000,1810.29260,4.43893,17.05772,25.23490,14.89933,0.60872,0.26711,0.06174
1262.00000,236.00000,1800.52260,5.30629,16.12330,32.06944,17.17456,0.52693,0.18624,0.01168
1263.00000,300.00000,1792.27478,5.52835,15.81454,19.97999,18.95530,0.61041,0.09340,0.00867
1264.00000,178.00000,1784.46578,4.32403,16.97840,22.80738,20.60396,0.66517,0.15482,0.06661
1265.00000,180.00000,1781.72153,4.84019,16.49341,28.96276,13.34756,0.50000,0.18929,0.03026
1266.00000,162.00000,1784.94890,4.45167,17.05420,24.99729,14.33695,0.50542,0.19151,0.10569
1267.00000,283.00000,1791.82940,5.89994,15.56975,24.58093,13.57092,0.52590,0.21248,0.04885
1268.00000,176.00000,1794.43315,4.36089,17.02731,29.01328,13.55277,0.58967,0.17491,0.00443
1269.00000,176.00000,1795.87043,5.03505,16.51479,24.99671,18.09858,0.69770,0.09967,0.04819
1270.00000,280.00000,1801.21976,4.96442,16.51067,26.82485,18.20635,0.53503,0.13957,0.06787
1271.00000,300.00000,1793.28883,5.80638,15.66454,24.79362,16.24965,0.67305,0.20426,0.03475
1272.00000,192.00000,1800.92078,5.76975,15.70943,28.12744,23.71453,0.61130,0.09176,0.05947
1273.00000,300.00000,1792.53882,7.41478,14.14111,22.81552,19.52291,0.61790,0.16432,0.01161
1274.00000,300.00000,1785.04264,5.98801,15.52177,20.77918,19.57792,0.56719,0.06435,0.03470
1275.00000,245.00000,1778.36823,4.71164,16.61640,22.60935,18.58466,0.64594,0.20635,0.04938
1276.00000,149.00000,1787.04298,3.95894,17.44982,28.23175,15.78741,0.50000,0.22354,0.05839
1277.00000,137.00000,1795.76996,4.20252,17.07171,30.41056,15.97478,0.50000,0.13002,0.02758
1278.00000,147.00000,1798.56303,4.71048,16.84369,29.94139,18.13233,0.51066,0.18028,0.11456
1279.00000,184.00000,1803.94752,5.15603,16.42553,27.63672,16.99133,0.52206,0.19385,0.04807
1280.00000,124.00000,1809.00948,3.83730,17.51455,25.50000,25.34524,0.62302,0.08201,0.00794
1281.00000,169.00000,1812.97599,5.28659,16.08841,30.41616,14.37805,0.50000,0.30869,0.03659
1282.00000,273.00000,1801.13359,5.69846,15.81370,27.06914,13.48143,0.55794,0.18630,0.00896
1283.00000,194.00000,1812.15090,5.36852,15.96111,22.21667,21.76111,0.79491,0.14630,0.00000
1284.00000,300.00000,1818.87797,5.44596,15.94202,22.03794,16.10451,0.69077,0.14889,0.01718
1285.00000,300.00000,1826.99100,6.41197,15.06162,20.05898,21.68750,0.73327,0.10211,0.03257
1286.00000,226.00000,1827.00602,3.70468,17.67201,27.39718,15.23447,0.63101,0.15567,0.07495
1287.00000,159.00000,1818.67084,3.94289,17.35844,17.50668,21.28433,0.82017,0.18104,0.04131
1288.00000,178.00000,1826.70949,5.50654,16.12255,29.28350,15.50899,0.51838,0.17729,0.03105
1289.00000,300.00000,1834.99245,6.06801,15.50572,21.66465,18.36431,0.60135,0.08889,0.04175
1290.00000,207.00000,1840.70405,4.03411,17.26413,21.01559,19.78850,0.64425,0.05653,0.02827
1291.00000,131.00000,1839.98589,3.97531,17.33048,25.49383,18.71700,0.53419,0.26021,0.10921
1292.00000,300.00000,1830.71559,5.85931,15.53438,23.74826,14.56278,0.50662,0.15331,0.03344
1293.00000,125.00000,1833.95271,4.21574,17.19982,35.06543,15.61362,0.50000,0.10964,0.04244
1294.00000,155.00000,1834.64954,3.71601,17.76026,30.74014,14.95736,0.50000,0.15447,0.10298
1295.00000,129.00000,1839.31755,4.51251,16.84523,33.35218,17.75533,0.55236,0.13438,0.06302
1296.00000,174.00000,1839.44943,5.88297,15.70124,31.04757,21.17507,0.58373,0.12179,0.00381
1297.00000,300.00000,1842.83758,5.03819,16.23197,17.87199,13.02617,0.50000,0.16620,0.04809
1298.00000,118.00000,1845.01641,4.63203,16.93651,29.87446,26.39538,0.72439,0.01732,0.00433
1299.00000,128.00000,1848.26628,4.84629,16.57143,36.51447,12.75769,0.50000,0.10488,0.02532
1300.00000,160.00000,1839.64232,6.20648,15.16724,29.53498,12.29693,0.50000,0.31058,0.09812
1301.00000,132.00000,1843.90789,5.13468,16.35887,40.31935,15.91129,0.50000,0.20565,0.06532
1302.00000,144.00000,1848.54740,4.00525,17.24497,29.18285,19.16360,0.50000,0.12598,0.10061
1303.00000,153.00000,1850.63965,5.01264,16.25695,27.50295,9.76832,0.50000,0.19461,0.08340
1304.00000,162.00000,1854.17806,4.75601,16.60435,34.00751,16.51877,0.54279,0.18168,0.09535
1305.00000,133.00000,1861.48023,3.61918,17.60428,31.01210,19.53073,0.50000,0.17039,0.06145
1306.00000,182.00000,1865.14659,4.37155,17.01657,28.20718,14.49033,0.50000,0.15884,0.04351
1307.00000,180.00000,1866.71945,5.50295,15.91003,31.24631,12.97566,0.50000,0.19838,0.03466
1308.00000,186.00000,1873.87802,3.94338,17.36943,26.07431,12.20453,0.50000,0.11607,0.02902
1309.00000,138.00000,1875.88988,3.92500,17.46389,21.47222,21.34306,0.79028,0.06806,0.02778
1310.00000,300.00000,1877.86076,4.73872,16.68148,21.14747,12.83030,0.58889,0.21886,0.02626
1311.00000,220.00000,1865.41208,5.26923,16.25385,27.85308,15.25000,0.51500,0.13077,0.05769
1312.00000,186.00000,1855.89637,4.61132,16.88868,27.92358,15.18302,0.61038,0.13019,0.00660
1313.00000,151.00000,1863.85023,4.19490,17.20510,26.69490,20.22551,0.51429,0.13061,0.02347
1314.00000,177.00000,1870.74281,4.44803,16.98031,31.44567,25.09921,0.58701,0.04646,0.01260
1315.00000,154.00000,1861.33063,3.56947,17.77625,25.18740,12.54927,0.50000,0.05493,0.02908
1316.00000,300.00000,1848.58658,5.88191,15.59043,23.24894,15.47128,0.50000,0.12234,0.07128
1317.00000,158.00000,1855.32686,5.25419,16.11143,38.16970,17.98034,0.50000,0.10998,0.04661
1318.00000,123.00000,1862.55955,4.58835,16.81391,32.94737,15.74624,0.50000,0.26880,0.07237
1319.00000,117.00000,1867.91961,4.25507,17.07729,32.48019,15.44734,0.50000,0.19517,0.12947
1320.00000,127.00000,1874.68784,3.58459,17.66353,31.05263,20.76128,0.54135,0.11090,0.00376
1321.00000,106.00000,1875.25928,4.36842,17.02924,34.42456,19.74737,0.50000,0.15322,0.09825
1322.00000,134.00000,1879.92090,4.70509,16.60436,26.60540,16.28764,0.56282,0.34579,0.08100
1323.00000,300.00000,1883.87862,6.36653,15.09675,18.47316,17.97246,0.58510,0.12571,0.03814
1324.00000,137.00000,1892.07467,4.59628,16.69395,33.56558,16.18698,0.50000,0.09860,0.03535
1325.00000,228.00000,1887.29681,4.16154,17.19871,26.32952,17.76769,0.52001,0.14153,0.07720
1326.00000,236.00000,1888.61407,3.58152,17.69995,25.53001,13.50027,0.50000,0.09559,0.04939
1327.00000,171.00000,1894.84893,4.15905,17.21670,20.35189,16.28330,0.63817,0.12724,0.04970
1328.00000,189.00000,1901.94239,4.50457,16.82234,21.22843,17.54518,0.81777,0.12995,0.01929
1329.00000,300.00000,1905.32882,5.36463,16.13076,25.38767,17.15841,0.51066,0.10829,0.03226
1330.00000,236.00000,1912.81148,4.77975,16.65364,27.48017,11.99882,0.50000,0.18532,0.01480
1331.00000,88.00000,1907.76355,3.54440,17.82533,31.10626,16.42358,0.52547,0.18341,0.06696
1332.00000,101.00000,1908.52176,4.83653,16.33709,30.51635,18.21533,0.50000,0.09808,0.09470
1333.00000,300.00000,1909.52387,5.30364,15.99818,26.69515,18.67394,0.55455,0.09212,0.02667
1334.00000,256.00000,1913.34438,4.91515,16.40415,23.74419,20.01760,0.62602,0.11502,0.03143
1335.00000,99.00000,1908.94434,2.78778,18.46894,28.69255,16.94410,0.50000,0.12112,0.02795
1336.00000,201.00000,1911.28278,4.97362,16.56745,27.74981,19.50641,0.57121,0.09797,0.03165
1337.00000,121.00000,1914.82550,3.08471,18.08884,23.47521,11.28719,0.50000,0.13223,0.08368
1338.00000,293.00000,1921.26030,6.07702,15.35128,24.35692,14.87163,0.57201,0.12899,0.01315
1339.00000,300.00000,1928.13919,5.32702,16.08842,17.87649,14.79368,0.61754,0.09684,0.04351
1340.00000,198.00000,1932.99469,5.45589,16.20790,33.48550,19.18199,0.50000,0.14374,0.06663
1341.00000,185.00000,1929.90338,4.75383,16.62550,33.16788,17.19693,0.50040,0.07910,0.02018
1342.00000,126.00000,1930.57049,4.72467,16.61924,32.33777,18.70522,0.56397,0.00307,0.00000
1343.00000,150.00000,1919.28640,3.53274,17.82832,26.00973,20.25487,0.58805,0.18584,0.14513
1344.00000,233.00000,1909.72925,3.70442,17.58230,23.38142,21.19646,0.55841,0.10885,0.13540
1345.00000,300.00000,1910.95351,6.04502,15.30969,18.22920,14.68895,0.56173,0.10641,0.03274
1346.00000,158.00000,1900.97640,4.28996,17.22751,35.88922,16.45576,0.50000,0.09517,0.02751
1347.00000,300.00000,1908.57177,6.46995,15.15363,24.20635,15.81803,0.54507,0.11338,0.07710
1348.00000,108.00000,1909.56541,3.37880,17.82896,30.70619,18.66422,0.50000,0.09339,0.09234
1349.00000,142.00000,1916.77772,4.31652,17.02017,36.01862,13.48875,0.50000,0.17921,0.07836
1350.00000,185.00000,1919.74635,5.64929,15.98578,30.74645,21.34360,0.55983,0.09005,0.00711
1351.00000,146.00000,1923.03049,5.04686,16.34629,24.87657,18.32914,0.68171,0.13943,0.03200
1352.00000,229.00000,1909.71842,4.88403,16.56406,31.09411,17.82149,0.50000,0.19672,0.06375
1353.00000,211.00000,1901.35505,4.08161,17.26890,25.84482,24.31037,0.50000,0.08161,0.09231
1354.00000,194.00000,1903.31916,4.81545,16.68091,23.00727,19.12818,0.60864,0.12000,0.04545
1355.00000,142.00000,1911.79429,4.57980,17.05271,22.62958,16.14202,0.60322,0.20937,0.05857
1356.00000,151.00000,1913.67275,4.24802,17.12665,21.08971,20.97625,0.68008,0.04222,0.01715
1357.00000,178.00000,1920.77014,3.55009,17.59563,20.07013,13.43807,0.50000,0.16667,0.16940
1358.00000,300.00000,1912.76439,6.91267,14.75628,31.81678,16.21689,0.50000,0.10331,0.00342
1359.00000,262.00000,1916.70578,4.65399,16.74304,19.58163,14.49536,0.73423,0.17440,0.03432
1360.00000,82.00000,1925.45851,4.15108,17.23022,31.20683,21.92266,0.66727,0.02338,0.00000
1361.00000,198.00000,1912.04784,4.12272,17.16403,21.29283,25.36938,0.64642,0.10085,0.07533
1362.00000,114.00000,1898.91930,5.15127,16.23279,41.28170,17.78804,0.50000,0.15399,0.01902
1363.00000,114.00000,1889.73218,4.29233,17.06577,30.54446,24.38246,0.54507,0.02680,0.00000
1364.00000,150.00000,1891.10689,4.71442,16.59095,27.61074,14.58058,0.52121,0.23468,0.06975
1365.00000,206.00000,1881.12334,5.03566,16.46503,30.94476,18.83636,0.51399,0.11049,0.03217
1366.00000,146.00000,1886.82302,5.78365,15.49135,27.88173,17.28462,0.50000,0.25000,0.03365
1367.00000,113.00000,1874.07103,4.35784,17.03186,26.60294,18.74020,0.51961,0.15564,0.02451
1368.00000,300.00000,1881.32950,4.97827,16.27761,21.25045,16.53410,0.56276,0.15751,0.06397
1369.00000,148.00000,1887.90677,4.42791,16.91718,29.45245,14.02071,0.50000,0.21549,0.06595
1370.00000,300.00000,1875.19179,6.58661,14.91256,26.54344,19.75595,0.64914,0.27615,0.06918
1371.00000,111.00000,1878.26184,4.10703,17.29514,29.84216,16.43351,0.50000,0.10703,0.01297
1372.00000,225.00000,1887.10161,6.17945,15.46454,27.64689,13.37627,0.50507,0.19682,0.00724
1373.00000,269.00000,1890.96054,4.32281,17.21404,23.20877,19.84298,0.58377,0.13070,0.04386
1374.00000,150.00000,1893.02159,3.36914,17.88150,24.46292,16.41006,0.53581,0.09463,0.05797
1375.00000,172.00000,1880.60543,4.41355,16.90109,25.85436,16.95794,0.51752,0.12773,0.05218
1376.00000,300.00000,1889.24881,5.38975,16.10183,21.25140,16.57093,0.71383,0.13764,0.05969
1377.00000,274.00000,1895.24761,5.14943,16.25431,21.38578,15.77299,0.63973,0.18822,0.01796
1378.00000,138.00000,1886.38644,5.57899,15.86688,32.68484,18.13793,0.53208,0.26544,0.01203
1379.00000,213.00000,1891.10296,5.28445,16.10251,29.60760,19.91989,0.73150,0.21656,0.03259
1380.00000,208.00000,1892.88502,3.84938,17.42881,22.80576,18.04856,0.62346,0.08971,0.02058
1381.00000,184.00000,1901.95744,4.69202,16.79087,33.13371,13.65272,0.51996,0.08999,0.02978
1382.00000,193.00000,1908.90845,4.58192,16.68604,25.02260,17.42857,0.58434,0.14931,0.03471
1383.00000,166.00000,1910.40402,3.40784,17.90276,30.01089,20.28374,0.50000,0.06821,0.03701
1384.00000,207.00000,1918.12862,3.50440,17.70479,19.72336,16.45650,0.69550,0.04106,0.01271
1385.00000,89.00000,1924.19922,2.73046,18.40701,28.87062,13.80728,0.50000,0.23720,0.06469
1386.00000,150.00000,1911.81833,4.65432,16.69465,28.90123,14.08560,0.50000,0.15391,0.02469
1387.00000,300.00000,1913.13228,4.79367,16.65636,24.36880,14.70525,0.50000,0.13731,0.05392
1388.00000,165.00000,1918.78500,3.76245,17.48082,29.48898,17.79347,0.50000,0.06857,0.03755
1389.00000,300.00000,1916.26936,5.16591,16.34379,26.95268,18.00513,0.56385,0.14709,0.06499
1390.00000,230.00000,1916.80440,6.03395,15.34842,27.36450,10.14711,0.58725,0.18166,0.00417
1391.00000,132.00000,1912.53281,4.86245,16.42937,26.21097,16.58550,0.50000,0.11896,0.05669
1392.00000,178.00000,1918.10966,5.03017,16.50000,26.24677,22.61638,0.71336,0.09052,0.03664
1393.00000,142.00000,1921.54449,5.35172,16.02241,28.70517,16.10086,0.50000,0.16552,0.02586
1394.00000,135.00000,1908.99942,4.19634,16.94803,30.35707,12.28104,0.50000,0.24062,0.05101
1395.00000,201.00000,1912.52250,3.62390,17.71950,31.84403,14.60314,0.50000,0.09308,0.04465
1396.00000,200.00000,1918.87544,5.24266,16.32256,33.12045,16.78907,0.50000,0.08108,0.01998
1397.00000,118.00000,1921.74731,3.33091,17.96369,27.87344,15.66701,0.53320,0.12552,0.09232
1398.00000,300.00000,1927.26226,4.69158,16.68868,21.11321,19.66038,0.50581,0.08491,0.03193
1399.00000,162.00000,1930.40880,3.90472,17.29695,25.32747,20.18039,0.56846,0.06938,0.03793
1400.00000,177.00000,1919.71508,3.65632,17.65115,28.56171,13.73540,0.50000,0.13673,0.12343
1401.00000,187.00000,1909.73349,4.41912,17.06751,26.32353,15.67647,0.50000,0.12567,0.03610
1402.00000,166.00000,1913.20361,3.27306,17.94429,25.47397,18.64475,0.63425,0.04384,0.05845
1403.00000,185.00000,1917.62297,4.78841,16.71021,24.89696,16.37902,0.63845,0.17387,0.01196
1404.00000,263.00000,1906.08198,4.66771,16.79733,25.12647,18.22388,0.65789,0.12962,0.01414
1405.00000,135.00000,1895.37827,4.58887,16.73233,30.11349,16.82334,0.59690,0.16488,0.08244
1406.00000,234.00000,1903.96368,4.45550,16.94415,22.23298,25.01134,0.69023,0.10995,0.01658
1407.00000,118.00000,1910.32186,4.83778,16.58222,34.90333,24.10222,0.56667,0.14111,0.01667
1408.00000,153.00000,1901.81712,4.68107,16.65601,26.41314,17.09767,0.50346,0.12705,0.02074
1409.00000,224.00000,1889.12474,5.68874,15.78362,30.32560,15.71945,0.50000,0.17201,0.06962
1410.00000,105.00000,1895.66997,3.76838,17.62275,31.81276,18.35368,0.50277,0.10541,0.04022
1411.00000,125.00000,1896.90185,4.52793,16.73271,21.96676,18.98803,0.89761,0.17021,0.05319
1412.00000,179.00000,1884.34100,5.06968,16.59648,25.66386,15.02527,0.50000,0.21669,0.04518
1413.00000,254.00000,1876.65986,5.91380,15.50535,27.20338,16.95268,0.51746,0.23437,0.10761
1414.00000,162.00000,1881.13812,4.92964,16.56522,32.73202,15.25296,0.50000,0.23004,0.18893
1415.00000,85.00000,1884.50569,2.54455,18.61386,11.39604,20.62871,0.62252,0.01238,0.01238
1416.00000,300.00000,1886.00448,4.83730,16.64815,26.54696,19.68717,0.63228,0.12698,0.04563
1417.00000,158.00000,1872.21493,3.91103,17.58138,34.62069,15.03724,0.50000,0.08966,0.04414
1418.00000,136.00000,1858.78394,3.17802,18.10214,22.34630,20.45817,0.50000,0.12549,0.03891
1419.00000,163.00000,1859.48665,5.86916,15.56415,29.80544,25.84452,0.55055,0.08581,0.00595
1420.00000,300.00000,1866.24034,4.23577,17.11179,23.21240,16.42327,0.64736,0.14533,0.01880
1421.00000,170.00000,1872.76277,3.40694,17.92500,33.02847,10.06806,0.50000,0.09514,0.03333
1422.00000,173.00000,1879.34386,4.64000,16.70526,31.12000,12.29754,0.50000,0.15509,0.06877
1423.00000,187.00000,1879.88870,4.90845,16.49724,24.65351,17.41989,0.55683,0.14128,0.03867
1424.00000,125.00000,1885.68047,3.91851,17.34924,20.65076,12.80210,0.54424,0.19907,0.09313
1425.00000,197.00000,1894.63870,5.17164,16.27446,27.61774,14.77363,0.52736,0.17247,0.01741
1426.00000,300.00000,1898.22184,5.22139,16.36222,26.62492,18.67840,0.62322,0.13338,0.04536
1427.00000,300.00000,1887.81588,6.10545,15.38346,22.04673,15.88197,0.61863,0.13361,0.02636
1428.00000,138.00000,1877.49636,3.98565,17.35311,24.72727,14.82201,0.59569,0.22392,0.15120
1429.00000,129.00000,1881.42185,5.78372,15.81425,30.69084,21.51018,0.73473,0.11069,0.00000
1430.00000,161.00000,1882.73742,4.20386,17.12489,27.83471,18.78145,0.50000,0.09366,0.03673
1431.00000,189.00000,1872.90829,5.06452,16.38395,28.38238,15.59795,0.50000,0.13533,0.03777
1432.00000,195.00000,1880.05023,4.56308,16.66308,25.15615,19.62615,0.51769,0.13077,0.01308
1433.00000,156.00000,1883.13835,3.30924,17.95974,29.29003,15.65508,0.50000,0.13358,0.13175
1434.00000,203.00000,1886.32948,5.09681,16.34055,26.00911,29.47950,0.69533,0.07859,0.02506
1435.00000,132.00000,1889.28393,5.45409,16.03835,27.18466,20.47629,0.75782,0.15136,0.06559
1436.00000,156.00000,1875.53650,4.33942,17.08363,34.91778,16.75264,0.50000,0.15952,0.10963
1437.00000,236.00000,1875.90415,5.68689,15.61084,23.03155,18.61246,0.79814,0.18770,0.04612
1438.00000,152.00000,1882.33441,3.88462,17.37228,29.60740,10.95501,0.50000,0.19811,0.04354
1439.00000,233.00000,1883.91208,5.34494,16.14413,22.21781,19.71741,0.68826,0.17895,0.04858
1440.00000,300.00000,1889.87827,4.57304,16.65295,19.02906,18.69492,0.62228,0.07990,0.01776
1441.00000,211.00000,1894.01368,4.06625,17.15750,29.28687,10.72750,0.50000,0.12625,0.03062
1442.00000,127.00000,1891.84389,3.69712,17.63456,27.53426,19.00000,0.50000,0.14995,0.04667
1443.00000,300.00000,1894.98468,5.28009,16.20142,22.81117,16.97168,0.62510,0.09205,0.01495
1444.00000,116.00000,1897.95447,7.15617,14.51385,41.53736,19.06717,0.50000,0.22418,0.00336
1445.00000,128.00000,1886.33100,4.51635,17.11735,38.88181,14.20117,0.50000,0.16010,0.04862
1446.00000,143.00000,1888.86311,3.89224,17.43879,29.53017,18.53966,0.50000,0.12931,0.12931
1447.00000,195.00000,1890.20053,4.78523,16.52100,24.49187,14.58604,0.50000,0.13686,0.06165
1448.00000,135.00000,1891.02553,4.42685,16.89530,24.87248,27.50067,0.70134,0.02819,0.00537
1449.00000,178.00000,1893.66937,4.57551,16.91633,24.46429,23.41122,0.79796,0.08163,0.00918
1450.00000,125.00000,1884.73854,3.73866,17.64004,31.61933,17.29389,0.50000,0.13215,0.06114
1451.00000,157.00000,1873.13165,4.75446,16.57712,22.87093,19.12487,0.80535,0.18783,0.11018
1452.00000,177.00000,1873.68827,4.75479,16.64981,25.82529,15.93793,0.50000,0.17548,0.05441
1453.00000,164.00000,1874.24590,4.19276,17.24755,28.54892,15.34442,0.64286,0.33170,0.01272
1454.00000,112.00000,1882.53793,3.17139,18.08074,23.47309,19.70680,0.52833,0.12323,0.00850
1455.00000,300.00000,1872.97444,5.18479,16.13474,15.52262,17.37729,0.62368,0.09625,0.01540
1456.00000,268.00000,1864.95859,4.27273,17.11533,21.43012,24.78833,0.79647,0.02171,0.01493
1457.00000,66.00000,1856.45659,4.32487,17.03046,31.97800,17.63283,0.50000,0.14890,0.04569
1458.00000,217.00000,1846.97104,4.87304,16.83549,29.93584,15.66212,0.50000,0.03549,0.03481
1459.00000,146.00000,1854.22888,4.43290,16.99908,30.62684,14.11213,0.50000,0.17096,0.10938
1460.00000,179.00000,1858.89222,4.26523,16.97657,22.31678,21.07685,0.69681,0.14152,0.02999
1461.00000,111.00000,1866.91239,5.04135,16.32331,31.56955,13.87782,0.50000,0.18703,0.00658
1462.00000,179.00000,1859.79784,5.01674,16.43347,30.82510,18.47866,0.50042,0.12385,0.09372
1463.00000,123.00000,1865.10848,3.92720,17.32356,32.44085,15.29727,0.50000,0.18504,0.03337
1464.00000,149.00000,1858.20022,4.49315,17.12237,27.60548,21.85571,0.56712,0.10685,0.09589
1465.00000,173.00000,1861.05405,4.96642,16.51241,33.37664,18.82555,0.50000,0.10730,0.02774
1466.00000,122.00000,1869.43223,2.93781,18.30898,20.84798,14.08490,0.50000,0.12438,0.09970
1467.00000,157.00000,1873.62715,4.52058,16.90652,27.12178,21.82161,0.50000,0.13465,0.08748
1468.00000,80.00000,1876.14552,4.73599,16.57036,32.53425,18.67372,0.50000,0.17061,0.00249
1469.00000,119.00000,1878.60244,3.56584,17.70576,26.30453,13.30041,0.50000,0.11523,0.05967
1470.00000,152.00000,1885.55702,4.50766,16.97701,23.78640,17.00862,0.71312,0.12452,0.02969
1471.00000,71.00000,1888.38834,3.80666,17.44057,28.10460,13.25674,0.50000,0.22979,0.12995
1472.00000,300.00000,1891.51810,7.00271,14.29121,23.57104,15.28200,0.50000,0.07104,0.00325
1473.00000,127.00000,1899.18966,4.58142,16.70326,22.85163,20.72497,0.52774,0.07117,0.05428
1474.00000,300.00000,1905.03792,8.80541,12.82388,22.43272,11.90897,0.52177,0.19129,0.02441
1475.00000,130.00000,1895.19000,4.30971,17.09160,27.41330,16.60523,0.50000,0.13631,0.08506
1476.00000,193.00000,1902.89039,5.15639,16.14758,28.49339,22.56388,0.66905,0.17291,0.01322
1477.00000,179.00000,1909.13596,4.32453,16.99752,28.29149,18.80099,0.50000,0.09744,0.12056
1478.00000,300.00000,1899.23110,6.12966,15.29728,18.46275,16.65759,0.62106,0.08739,0.02077
1479.00000,97.00000,1903.27468,3.94612,17.39975,32.37845,13.34837,0.50000,0.21303,0.07769
1480.00000,120.00000,1903.48406,4.57869,16.78407,39.75912,20.91843,0.50000,0.16891,0.06046
1481.00000,136.00000,1904.87490,4.96170,16.52070,31.60973,16.50725,0.50000,0.24224,0.09834
1482.00000,166.00000,1907.65118,4.86964,16.50481,27.87139,18.69029,0.51531,0.12336,0.06999
1483.00000,300.00000,1914.76171,5.63272,15.97830,25.53088,15.40122,0.50000,0.10295,0.05787
1484.00000,210.00000,1917.07265,4.45614,16.96725,20.37076,20.86784,0.74094,0.12982,0.02456
1485.00000,232.00000,1922.62806,6.05531,15.56557,23.73684,21.38091,0.76896,0.11508,0.02409
1486.00000,177.00000,1910.47559,5.69539,15.75022,24.02611,17.37250,0.59269,0.23499,0.07137
1487.00000,300.00000,1901.07020,7.14430,14.46496,29.52726,14.88044,0.50000,0.15392,0.05085
1488.00000,109.00000,1908.73635,3.92662,17.39925,23.61443,18.58831,0.50000,0.10572,0.02488
1489.00000,107.00000,1910.31811,4.93570,16.40979,37.76104,13.24568,0.50000,0.17562,0.02207
1490.00000,231.00000,1918.30540,4.50301,16.93910,26.80977,12.76391,0.55075,0.10602,0.02632
1491.00000,300.00000,1925.00336,5.26767,16.05491,17.18600,17.36582,0.63384,0.09952,0.06246
1492.00000,300.00000,1914.18074,8.81202,12.55919,23.11362,14.34384,0.50000,0.13444,0.02023
1493.00000,156.00000,1903.66220,4.56646,16.81540,23.10865,17.02637,0.65401,0.16350,0.01055
1494.00000,300.00000,1906.41230,6.35843,15.07211,23.11771,13.90721,0.61479,0.08112,0.04136
1495.00000,124.00000,1913.28406,4.12500,17.07763,23.46579,23.13421,0.60197,0.09605,0.01316
1496.00000,170.00000,1918.20287,3.63048,17.81211,16.37787,11.90292,0.54489,0.13570,0.04175
1497.00000,182.00000,1904.32326,4.03656,17.17367,25.23766,19.01097,0.52468,0.15814,0.06856
1498.00000,146.00000,1908.10839,7.35522,14.53867,33.38849,19.59532,0.55755,0.30576,0.02698
1499.00000,300.00000,1896.39360,5.03725,16.38018,22.18201,15.26001,0.59452,0.16374,0.03162
1500.00000,300.00000,1898.57898,7.17718,14.33569,26.00959,15.92226,0.50000,0.13478,0.02423
1501.00000,131.00000,1893.01121,4.22022,17.09663,25.21685,25.05955,0.86180,0.02247,0.04045
1502.00000,113.00000,1898.23163,4.43860,16.87719,27.97544,22.69123,0.50000,0.07602,0.04678
1503.00000,111.00000,1890.52022,4.54303,16.93472,23.65430,19.02077,0.79377,0.09644,0.01187
1504.00000,174.00000,1896.87241,5.39932,16.13311,32.73857,15.45666,0.50000,0.17474,0.13720
1505.00000,149.00000,1888.90798,4.00765,17.21325,23.71623,8.47494,0.50000,0.24214,0.04333
1506.00000,170.00000,1891.61942,4.57404,16.88117,24.49726,15.57587,0.56399,0.19013,0.06764
1507.00000,115.00000,1893.02994,3.24733,17.94665,32.35306,14.36566,0.50000,0.12124,0.02037
1508.00000,300.00000,1899.77265,5.94102,15.68878,31.39968,18.02422,0.56056,0.11111,0.03423
1509.00000,169.00000,1906.71757,3.92239,17.52036,18.30280,16.43003,0.67621,0.13995,0.04580
1510.00000,300.00000,1901.24723,5.89726,15.51901,19.63109,20.86391,0.71581,0.14143,0.03803
1511.00000,208.00000,1892.66170,3.86491,17.53261,24.48447,17.64984,0.50000,0.12034,0.11180
1512.00000,300.00000,1899.60693,6.12821,15.38089,28.56177,13.61678,0.50000,0.12308,0.04009
1513.00000,158.00000,1892.12612,4.10657,17.31018,31.89153,17.78211,0.51618,0.04377,0.00285
1514.00000,300.00000,1897.79564,5.92115,15.52985,20.44215,16.58954,0.66691,0.10096,0.03611
1515.00000,143.00000,1886.77308,3.48004,17.88838,26.44192,15.04083,0.61252,0.12250,0.06534
1516.00000,189.00000,1890.56327,4.04938,17.31059,27.87329,15.10656,0.50000,0.13710,0.01040
1517.00000,83.00000,1897.89570,3.87838,17.52703,34.65541,15.08919,0.50000,0.25946,0.05541
1518.00000,300.00000,1904.01622,4.84496,16.58593,22.94147,17.64010,0.73692,0.10149,0.02055
1519.00000,146.00000,1912.63399,4.97749,16.46463,34.01206,15.92605,0.50000,0.16479,0.06672
1520.00000,129.00000,1917.23565,4.31256,17.04121,27.11256,15.69045,0.50000,0.15678,0.06834
1521.00000,300.00000,1924.09425,5.48323,16.08563,22.56168,16.33952,0.50000,0.14970,0.04192
1522.00000,300.00000,1930.90107,4.73519,16.59886,22.57673,16.71306,0.61385,0.08066,0.02070
1523.00000,208.00000,1932.08679,4.93741,16.48617,32.67831,26.43377,0.67249,0.09316,0.01601
1524.00000,300.00000,1921.03465,5.70716,15.77317,20.16994,13.07514,0.54213,0.08216,0.00562
1525.00000,190.00000,1908.85845,4.65916,16.81444,33.22516,22.94643,0.51553,0.13121,0.01941
1526.00000,300.00000,1906.51003,5.33909,16.04082,23.22841,19.32889,0.54278,0.10597,0.04003
1527.00000,155.00000,1914.02295,3.93797,17.46203,25.53583,18.48235,0.65027,0.15936,0.01176
1528.00000,166.00000,1909.71820,3.17753,18.00824,26.83371,17.70787,0.50000,0.12434,0.09064
1529.00000,300.00000,1899.17500,5.18912,16.15565,21.64184,11.93808,0.57155,0.11381,0.02845
1530.00000,142.00000,1900.69733,4.59836,16.88642,28.73888,25.39930,0.77869,0.08314,0.01991
1531.00000,300.00000,1898.71842,5.72854,15.75877,25.56227,15.29988,0.57890,0.09553,0.03446
1532.00000,246.00000,1890.71392,4.57101,16.86384,23.59444,17.42753,0.60652,0.16618,0.06076
1533.00000,176.00000,1896.98807,3.16139,18.14665,27.73987,13.73766,0.50000,0.07811,0.07296
1534.00000,199.00000,1888.14529,5.07153,16.23584,24.55099,16.38385,0.50000,0.16572,0.03045
1535.00000,237.00000,1888.54814,4.08139,17.21444,21.23638,16.15499,0.63730,0.23992,0.08068
1536.00000,158.00000,1893.47202,4.96105,16.42846,32.60334,16.09857,0.50000,0.27583,0.12242
1537.00000,208.00000,1898.30698,4.72003,16.70268,25.38959,14.14748,0.53943,0.16640,0.00237
1538.00000,176.00000,1899.47974,3.62477,17.70856,23.50455,19.20036,0.52231,0.09381,0.06922
1539.00000,182.00000,1887.92378,4.49452,16.84384,29.64384,17.44589,0.50000,0.11301,0.06507
1540.00000,187.00000,1878.14029,4.55235,16.81588,29.29515,15.19044,0.50000,0.10752,0.03373
1541.00000,219.00000,1885.81641,5.99519,15.57051,24.08494,15.06330,0.55569,0.17147,0.15064
1542.00000,126.00000,1889.54371,4.55511,16.94340,33.32473,14.49355,0.50000,0.26216,0.10427
1543.00000,156.00000,1896.58695,3.70166,17.54574,23.50312,16.66632,0.64501,0.03326,0.03326
1544.00000,118.00000,1897.94269,4.84332,16.43088,30.74885,18.58065,0.50000,0.13134,0.04839
1545.00000,300.00000,1888.16201,6.29657,15.39265,29.91324,15.24902,0.50000,0.15588,0.05588
1546.00000,161.00000,1891.71928,3.88093,17.36364,29.93081,19.02494,0.50000,0.06356,0.05471
1547.00000,300.00000,1897.86932,4.26227,17.20056,22.59397,18.13675,0.66199,0.06592,0.03366
1548.00000,122.00000,1901.34004,3.73527,17.59894,29.94107,10.17062,0.50000,0.19525,0.05277
1549.00000,174.00000,1892.54761,3.88817,17.52773,25.25231,13.74954,0.63078,0.09242,0.02403
1550.00000,300.00000,1896.04621,5.63896,15.82289,26.78678,22.63420,0.66178,0.09060,0.01839
1551.00000,300.00000,1901.96619,4.95551,16.53046,28.59617,19.70021,0.54107,0.12731,0.04107
1552.00000,131.00000,1894.22406,3.04920,18.31788,25.04257,12.07096,0.50000,0.08325,0.07379
1553.00000,185.00000,1890.90023,5.53052,15.79443,27.19300,14.83034,0.64048,0.21724,0.00987
1554.00000,189.00000,1898.83397,6.36324,15.30052,28.80401,18.41725,0.63328,0.22648,0.04530
1555.00000,300.00000,1906.63734,6.74212,14.79083,24.63152,14.79198,0.50000,0.12206,0.01777
1556.00000,125.00000,1909.23898,4.26859,17.13319,32.53607,18.87347,0.59489,0.14206,0.01776
1557.00000,144.00000,1917.43583,4.04618,17.29485,35.85613,14.03641,0.50000,0.12256,0.04174
1558.00000,188.00000,1905.91533,5.24640,16.30059,30.92718,22.24640,0.61981,0.15072,0.03895
1559.00000,174.00000,1908.88722,3.93944,17.39771,23.41244,15.73486,0.50000,0.12930,0.10065
1560.00000,300.00000,1915.32156,5.93438,15.53067,18.96719,18.22682,0.74964,0.04280,0.00428
1561.00000,135.00000,1917.06915,5.10952,16.46000,35.33619,22.36571,0.50000,0.14762,0.07714
1562.00000,101.00000,1908.89843,4.55869,16.74491,27.17058,19.72926,0.54147,0.10172,0.01565
1563.00000,97.00000,1911.45885,5.31340,16.10287,33.59091,16.81818,0.50000,0.24043,0.06938
1564.00000,300.00000,1898.27974,7.20484,14.29038,20.33708,13.86438,0.69640,0.13675,0.01970
1565.00000,124.00000,1899.28626,4.48413,17.03288,28.84354,19.74603,0.69615,0.12472,0.07029
1566.00000,180.00000,1904.68241,6.36399,15.01742,21.18296,16.75605,0.53533,0.28461,0.00581
1567.00000,300.00000,1906.73388,5.73353,15.74381,19.67674,12.44471,0.50000,0.11178,0.05619
1568.00000,124.00000,1912.49359,5.43392,15.96696,32.08480,18.75000,0.75716,0.31718,0.10242
1569.00000,160.00000,1915.98790,4.03391,17.30104,31.82215,14.57509,0.50000,0.16332,0.04014
1570.00000,144.00000,1921.34895,5.44539,16.03818,26.24284,14.65748,0.54825,0.15270,0.03818
1571.00000,240.00000,1928.44245,5.52352,15.82004,21.86367,12.15065,0.71063,0.25085,0.03340
1572.00000,254.00000,1919.27089,5.72817,15.88873,23.65000,16.72042,0.56408,0.18310,0.01972
1573.00000,219.00000,1922.92266,5.45767,16.05187,25.26926,13.57590,0.53928,0.13043,0.03661
1574.00000,112.00000,1924.14194,4.61765,16.65619,33.93002,17.54767,0.50000,0.10649,0.04361
1575.00000,300.00000,1925.56940,5.52008,16.04943,25.88671,15.90937,0.50000,0.08445,0.02678
1576.00000,224.00000,1926.64343,4.57266,16.79384,19.87115,20.12241,0.65999,0.20830,0.00286
1577.00000,281.00000,1931.93201,4.73638,16.62811,20.38265,15.77270,0.59516,0.12105,0.04909
1578.00000,188.00000,1935.93493,3.82874,17.56102,24.01969,17.28346,0.54134,0.13976,0.06693
1579.00000,166.00000,1941.90040,2.92325,18.38229,25.80295,16.00295,0.63063,0.15055,0.08266
1580.00000,300.00000,1930.36830,5.15864,16.22508,20.88372,19.35548,0.70058,0.12957,0.04651
1581.00000,237.00000,1934.39634,5.49141,16.05747,35.34157,16.04458,0.50000,0.11010,0.03115
1582.00000,139.00000,1921.13075,3.52714,17.77975,25.50418,13.97390,0.52505,0.19520,0.02714
1583.00000,175.00000,1926.45879,3.24206,18.04766,23.24579,19.85888,0.70187,0.05794,0.02897
1584.00000,265.00000,1934.14249,5.42427,16.18355,21.16048,23.66800,0.66399,0.08124,0.00903
1585.00000,155.00000,1923.91608,4.67682,16.88494,33.64805,16.19289,0.55880,0.10914,0.05076
1586.00000,176.00000,1914.00969,4.73131,16.78384,27.84141,20.79697,0.70859,0.12626,0.02727
1587.00000,108.00000,1903.52475,3.40022,17.94568,29.87694,18.62417,0.50000,0.10421,0.07539
1588.00000,139.00000,1893.32775,4.52446,16.86888,24.23777,18.08023,0.60176,0.15068,0.03327
1589.00000,133.00000,1895.25646,5.04406,16.34272,24.62668,17.85190,0.59976,0.12362,0.01958
1590.00000,300.00000,1901.90214,6.02177,15.47955,21.32190,11.27375,0.50000,0.14182,0.03694
1591.00000,175.00000,1892.69954,4.78618,16.67119,31.23062,15.07300,0.50000,0.08850,0.03165
1592.00000,70.00000,1900.96743,3.76415,17.56415,26.53774,19.96415,0.77170,0.02453,0.00000
1593.00000,198.00000,1909.56333,4.84912,16.61930,24.34561,19.65175,0.68772,0.29649,0.01316
1594.00000,113.00000,1898.47049,4.62350,16.74211,32.41023,13.80740,0.50000,0.17737,0.00762
1595.00000,106.00000,1906.62105,5.61390,15.75829,37.61925,15.59786,0.50000,0.20214,0.02460
1596.00000,300.00000,1914.86316,8.42200,12.99102,23.65208,11.30022,0.58361,0.11504,0.03535
1597.00000,300.00000,1918.25130,4.97531,16.44299,18.46042,17.73057,0.71097,0.09659,0.03195
1598.00000,240.00000,1925.76257,6.27811,15.10870,22.07571,19.39280,0.66642,0.12219,0.00600
1599.00000,103.00000,1924.14437,4.25817,17.13641,32.94250,18.26043,0.50000,0.11048,0.03720
1600.00000,144.00000,1928.91239,5.34619,16.07622,28.04775,12.21855,0.57346,0.31129,0.09550
1601.00000,133.00000,1931.08036,5.20621,16.31042,25.97561,28.72838,0.74002,0.03104,0.00111
1602.00000,300.00000,1937.00059,6.03707,15.36201,26.33227,13.70801,0.50000,0.14600,0.01419
1603.00000,166.00000,1926.95744,5.20216,16.41217,32.05986,17.85967,0.57704,0.08538,0.00981
1604.00000,300.00000,1934.69670,5.61870,15.87738,22.66909,11.97144,0.61870,0.25252,0.00504
1605.00000,85.00000,1924.03557,3.67276,17.61585,18.46138,22.51626,0.50000,0.03252,0.00407
1606.00000,233.00000,1920.26925,4.29201,17.14223,32.74827,21.11831,0.51101,0.05286,0.02329
1607.00000,155.00000,1905.91124,4.50041,16.84089,28.75763,18.39654,0.67807,0.19456,0.00000
1608.00000,83.00000,1897.37714,5.39079,16.03418,36.80832,25.25260,0.57132,0.05795,0.00000
1609.00000,300.00000,1904.62140,5.41574,15.90460,17.53203,17.55989,0.65738,0.11490,0.03412
1610.00000,300.00000,1895.23965,5.32646,16.16143,17.67534,16.97399,0.69686,0.11749,0.02422
1611.00000,259.00000,1892.58038,5.95601,15.56158,22.15616,16.22141,0.66789,0.17302,0.02199
1612.00000,103.00000,1884.70312,4.95912,16.53938,27.55434,12.01496,0.50000,0.27717,0.00299
1613.00000,300.00000,1890.31997,5.50610,16.00745,26.43022,17.49390,0.63381,0.19783,0.07791
1614.00000,188.00000,1891.60226,4.16863,17.25490,29.43686,16.98196,0.60275,0.08314,0.00471
1615.00000,233.00000,1883.59470,5.18608,16.20227,20.03722,17.87540,0.66748,0.21197,0.03722
1616.00000,158.00000,1871.35416,3.61714,17.68571,22.40000,11.88667,0.50000,0.15238,0.17619
1617.00000,300.00000,1877.76685,5.63086,15.77371,28.42229,21.86000,0.72657,0.06114,0.02057
1618.00000,300.00000,1880.51525,7.09993,14.34804,22.16678,14.41971,0.70159,0.28325,0.00000
1619.00000,102.00000,1869.41871,5.35196,15.90181,26.50302,27.98792,0.61405,0.11178,0.00906
1620.00000,300.00000,1876.95697,5.90968,15.62477,17.83985,20.04376,0.79981,0.21881,0.01862
1621.00000,134.00000,1869.62288,4.85332,16.54249,29.74971,22.43073,0.71478,0.04540,0.00466
1622.00000,300.00000,1861.46038,8.18322,13.49007,27.88962,15.24669,0.50331,0.11700,0.02759
1623.00000,300.00000,1853.58018,6.56156,15.00628,26.35538,10.98165,0.50000,0.21729,0.02269
1624.00000,300.00000,1861.81336,6.28627,15.09697,20.17300,18.46237,0.65283,0.09775,0.03413
1625.00000,105.00000,1870.82094,5.30829,16.14249,29.05959,23.27591,0.52915,0.05699,0.01813
1626.00000,300.00000,1871.73518,5.09943,16.27547,21.00000,17.33904,0.58272,0.20049,0.08231
1627.00000,151.00000,1864.49700,4.30987,17.06609,29.44464,19.19056,0.51931,0.12618,0.04635
1628.00000,229.00000,1863.46379,4.33194,17.02682,30.52145,18.92968,0.54738,0.08999,0.05364
1629.00000,130.00000,1852.12651,3.13772,18.01613,23.62035,16.58561,0.53474,0.04218,0.00000
1630.00000,185.00000,1859.96138,3.77323,17.59230,30.26039,16.88142,0.50000,0.09719,0.05134
1631.00000,300.00000,1852.62204,5.74442,15.81425,25.46796,16.01584,0.60295,0.13031,0.03312
1632.00000,76.00000,1861.71325,2.94808,18.13318,16.18284,25.16704,0.62415,0.03386,0.00677
1633.00000,107.00000,1863.39172,5.10393,16.55889,32.47460,16.68707,0.50000,0.13164,0.03926
1634.00000,130.00000,1855.47311,3.33573,18.05755,21.36811,18.61871,0.68885,0.01199,0.00000
1635.00000,202.00000,1860.14187,5.23168,16.28684,26.54295,18.10559,0.62451,0.23483,0.00315
1636.00000,158.00000,1852.47840,4.56550,16.69834,23.82934,18.28413,0.50000,0.10978,0.05351
1637.00000,122.00000,1854.84207,2.53598,18.64516,24.44417,16.76179,0.50993,0.04715,0.00000
1638.00000,143.00000,1859.43278,4.14318,17.20765,35.82834,20.40780,0.50000,0.11919,0.03073
1639.00000,180.00000,1851.59009,4.29212,16.94900,24.93431,14.32767,0.50000,0.18934,0.04946
1640.00000,120.00000,1854.96924,6.18630,15.50594,39.37626,14.77169,0.50000,0.18356,0.02648
1641.00000,134.00000,1858.01270,3.06772,18.11512,20.87923,20.01242,0.82393,0.05869,0.08916
1642.00000,156.00000,1865.18601,5.24249,16.20796,37.31156,17.18243,0.50000,0.23423,0.06231
1643.00000,201.00000,1854.69082,3.87989,17.45344,22.99730,17.03576,0.50000,0.04858,0.07018
1644.00000,79.00000,1860.02453,3.45804,17.82930,34.89900,16.67710,0.50000,0.18350,0.02418
1645.00000,146.00000,1867.57583,4.45512,16.97697,35.23670,17.99603,0.50000,0.18507,0.04130
1646.00000,300.00000,1875.14892,6.26877,15.10555,26.40968,12.40261,0.50000,0.12786,0.01469
1647.00000,182.00000,1876.10435,4.68484,16.75000,30.72025,13.50567,0.50000,0.12394,0.02479
1648.00000,300.00000,1883.97206,6.40723,14.99866,19.25318,17.63295,0.52210,0.19625,0.10315
1649.00000,158.00000,1891.00316,4.87251,16.52590,17.58300,23.26826,0.63878,0.07171,0.02258
1650.00000,201.00000,1883.45727,4.77645,16.71360,31.35481,23.87908,0.53500,0.08274,0.02944
1651.00000,300.00000,1873.26111,4.75281,16.54532,18.27191,18.29663,0.56966,0.09139,0.02846
1652.00000,300.00000,1861.16782,5.14618,16.29891,15.96945,16.75855,0.57418,0.06909,0.04436
1653.00000,300.00000,1859.50212,4.85671,16.54736,21.62950,15.77938,0.62050,0.12470,0.00480
1654.00000,300.00000,1858.97339,5.82834,15.58417,24.37259,17.81371,0.57186,0.10113,0.02994
1655.00000,180.00000,1847.70194,5.27869,16.35519,23.86120,19.72131,0.80874,0.07869,0.03716
1656.00000,156.00000,1849.63804,4.99692,16.53734,34.71440,15.69053,0.50000,0.11393,0.02079
1657.00000,300.00000,1843.65360,5.64629,15.84915,19.62809,13.23992,0.59655,0.13654,0.05657
1658.00000,147.00000,1844.15925,4.82159,16.66905,27.28903,19.00981,0.61641,0.08653,0.03836
1659.00000,183.00000,1853.71719,5.21171,16.38172,26.22374,13.11227,0.50000,0.16279,0.04010
1660.00000,169.00000,1863.07847,3.78820,17.59071,22.70599,15.59428,0.60143,0.16622,0.02324
1661.00000,187.00000,1863.98706,4.32995,16.97970,24.61675,21.03046,0.73773,0.05838,0.01184
1662.00000,268.00000,1868.03378,4.44250,16.90892,19.71573,22.94388,0.74931,0.05796,0.00736
1663.00000,212.00000,1856.14507,4.71739,16.82000,21.04261,14.99217,0.55957,0.08522,0.04348
1664.00000,152.00000,1847.57855,5.73360,15.87760,32.83680,14.37200,0.50000,0.15440,0.01280
1665.00000,247.00000,1852.93136,4.54844,16.92734,21.69204,16.73789,0.65787,0.15398,0.03374
1666.00000,139.00000,1861.95031,3.81167,17.38000,29.90583,14.00833,0.50000,0.13917,0.03667
1667.00000,215.00000,1853.19653,4.56218,16.97243,34.09961,14.43444,0.50000,0.17614,0.03939
1668.00000,121.00000,1853.91900,3.46947,17.81004,21.35821,17.89552,0.66011,0.08005,0.01900
1669.00000,154.00000,1856.93055,3.70155,17.74067,24.58144,21.92903,0.60646,0.09008,0.07552
1670.00000,191.00000,1848.55296,4.09284,17.23342,30.68966,13.90716,0.50000,0.19828,0.12865
1671.00000,213.00000,1853.15250,5.56918,15.76201,26.60143,11.07670,0.61541,0.19355,0.00860
1672.00000,173.00000,1861.30719,4.75800,16.73018,33.19889,14.39221,0.50000,0.18776,0.07302
1673.00000,194.00000,1869.30125,4.90338,16.56591,28.22429,19.46377,0.50000,0.14493,0.03382
1674.00000,300.00000,1877.68228,4.87917,16.51202,27.10547,12.97664,0.50000,0.07810,0.01602
1675.00000,197.00000,1881.38752,3.80893,17.58969,27.44330,15.94708,0.54639,0.05842,0.03436
1676.00000,254.00000,1880.38487,4.63907,16.79689,27.25195,19.53999,0.61182,0.10616,0.03185
1677.00000,254.00000,1883.87887,5.03135,16.50688,27.41131,23.07187,0.65138,0.10321,0.03593
1678.00000,199.00000,1890.72537,4.78791,16.58977,31.97560,17.01801,0.50000,0.09762,0.10052
1679.00000,209.00000,1877.59025,5.01295,16.41451,31.89443,12.35298,0.50000,0.16969,0.01360
1680.00000,136.00000,1881.47699,4.56440,17.09738,37.03560,23.26178,0.50733,0.06911,0.02094
1681.00000,210.00000,1882.82983,4.46447,16.91751,30.14404,14.29061,0.53680,0.12056,0.02538
1682.00000,258.00000,1876.28080,4.85789,16.59605,27.29539,13.40921,0.52993,0.10461,0.00000
1683.00000,257.00000,1879.94431,5.61991,15.81167,34.10986,15.15988,0.50000,0.12163,0.06278
1684.00000,300.00000,1884.16044,5.74266,15.67372,24.17747,15.48055,0.54676,0.11263,0.03003
1685.00000,118.00000,1886.95409,4.39594,17.05870,28.94664,13.79082,0.50000,0.25507,0.15902
1686.00000,146.00000,1886.72216,3.57454,17.69460,29.75423,14.20870,0.50000,0.11281,0.05479
1687.00000,192.00000,1888.90227,5.84126,15.69541,30.42224,17.72522,0.55560,0.17647,0.02256
1688.00000,235.00000,1892.50739,5.52384,15.91509,25.51078,13.66362,0.52547,0.16460,0.02482
1689.00000,148.00000,1883.70777,4.12768,17.23187,24.11440,17.32074,0.71399,0.15832,0.01328
1690.00000,167.00000,1891.15557,5.36329,16.11905,32.85177,18.73118,0.50000,0.09140,0.03610
1691.00000,141.00000,1898.63310,3.78055,17.52369,30.41397,19.38071,0.67539,0.11970,0.05071
1692.00000,170.00000,1905.92928,4.24978,17.07972,25.11249,16.88043,0.56997,0.12755,0.03809
1693.00000,189.00000,1912.72456,5.13211,16.51560,24.31376,20.10826,0.75505,0.17982,0.01284
1694.00000,182.00000,1920.52429,4.15837,17.30913,31.55809,16.15353,0.51037,0.07676,0.01314
1695.00000,157.00000,1928.04717,3.87029,17.47562,27.65685,14.65317,0.61684,0.12052,0.06256
1696.00000,137.00000,1934.32969,3.28724,17.82469,29.45267,12.44774,0.50000,0.09547,0.06996
1697.00000,300.00000,1938.79909,5.57877,15.98732,26.48064,20.49199,0.62650,0.08611,0.02403
1698.00000,300.00000,1944.71590,5.48811,15.93175,25.40900,14.42761,0.50155,0.05016,0.03775
1699.00000,181.00000,1942.49297,5.34425,16.20087,33.76267,15.03956,0.50000,0.13412,0.06119
1700.00000,258.00000,1949.59597,5.72797,16.11177,31.64991,24.48255,0.70846,0.05795,0.02188
1701.00000,167.00000,1954.20900,4.47556,16.95111,29.27259,17.14963,0.50000,0.09481,0.06222
1702.00000,209.00000,1945.44735,5.03600,16.51116,30.22966,20.17135,0.50036,0.06623,0.02808
1703.00000,168.00000,1952.48999,4.71373,16.64671,33.36370,11.85621,0.50000,0.24593,0.08718
1704.00000,152.00000,1942.87951,4.27161,17.06412,35.82349,18.68228,0.50000,0.11239,0.02450
1705.00000,80.00000,1944.94453,3.66199,17.62693,35.32118,13.28892,0.50000,0.18233,0.00842
1706.00000,103.00000,1950.45697,3.23384,18.07795,17.03042,20.13498,0.50000,0.00190,0.00760
1707.00000,192.00000,1956.80954,3.30804,17.89137,27.90625,17.65402,0.50000,0.06920,0.04911
1708.00000,227.00000,1941.73990,4.92194,16.28184,21.46754,16.72227,0.58176,0.15283,0.03122
1709.00000,167.00000,1947.13787,4.96151,16.58031,33.72169,18.75130,0.57365,0.07328,0.03109
1710.00000,223.00000,1953.11626,4.47023,16.98493,27.01432,16.33459,0.51055,0.08063,0.02411
1711.00000,81.00000,1957.18338,3.70848,17.65950,36.63441,14.08005,0.50000,0.12784,0.02867
1712.00000,160.00000,1960.46986,4.38316,16.95704,29.13660,14.60309,0.50000,0.12801,0.04381
1713.00000,300.00000,1966.50833,6.07536,15.29124,23.55957,13.76986,0.50000,0.06415,0.03564
1714.00000,167.00000,1971.85382,3.93354,17.33845,24.64417,17.95603,0.60429,0.12168,0.02249
1715.00000,198.00000,1979.03517,4.69170,16.58813,30.76984,15.03876,0.50000,0.11690,0.09267
1716.00000,133.00000,1969.33204,4.07797,17.36271,22.79492,19.44576,0.70763,0.00339,0.00000
1717.00000,117.00000,1973.94687,5.34734,16.18674,39.24090,13.25397,0.50000,0.23249,0.03361
1718.00000,196.00000,1964.66105,5.89610,15.60317,34.46320,15.82468,0.50000,0.15657,0.00000
1719.00000,300.00000,1965.04539,5.57534,15.88813,26.07705,15.19635,0.56136,0.14384,0.03824
1720.00000,131.00000,1955.90925,4.63659,17.10650,39.76098,18.14553,0.50000,0.15691,0.06585
1721.00000,180.00000,1951.74120,4.75616,16.58755,31.51102,14.46368,0.54086,0.11868,0.00519
1722.00000,163.00000,1952.71713,4.74468,16.63617,20.34043,17.50851,0.71915,0.09255,0.04149
1723.00000,144.00000,1958.44176,4.75154,16.81212,32.78314,22.47322,0.50000,0.15452,0.09745
1724.00000,187.00000,1945.36601,4.30317,17.16032,26.07540,17.32222,0.57341,0.10317,0.03016
1725.00000,188.00000,1946.00606,3.70713,17.53396,22.22920,9.37351,0.52632,0.21392,0.01019
1726.00000,300.00000,1951.56943,6.71850,14.62948,23.28266,19.74335,0.50000,0.02081,0.01445
1727.00000,300.00000,1938.69611,6.03228,15.27758,24.77230,19.82923,0.50000,0.07394,0.05986
1728.00000,192.00000,1938.85734,4.25710,17.14984,29.61672,23.72792,0.63959,0.07729,0.02603
1729.00000,186.00000,1933.97809,4.50102,16.78508,31.07661,15.52949,0.50000,0.15661,0.05695
1730.00000,204.00000,1924.04879,4.89009,16.60991,27.07740,22.33204,0.72639,0.10681,0.03096
1731.00000,149.00000,1926.00466,5.14544,16.26248,36.34509,18.02582,0.50000,0.17212,0.01291
1732.00000,159.00000,1931.86290,6.61297,14.79479,36.51939,14.63971,0.50000,0.15107,0.04278
1733.00000,232.00000,1937.02198,4.01144,17.27039,23.91631,24.86767,0.67847,0.11516,0.05937
1734.00000,191.00000,1937.61829,4.16452,17.17097,25.03306,14.35645,0.50040,0.11290,0.04435
1735.00000,81.00000,1943.59109,3.00610,18.22561,19.89431,20.16870,0.51524,0.07724,0.12805
1736.00000,95.00000,1932.92467,4.74773,16.41364,37.20568,20.00682,0.50000,0.17841,0.05227
1737.00000,124.00000,1921.46899,5.04282,16.39296,34.34539,19.73549,0.50000,0.15604,0.03140
1738.00000,157.00000,1927.72043,4.36986,17.30959,28.41918,19.33059,0.52466,0.17260,0.03470
1739.00000,171.00000,1932.20170,3.84196,17.53706,29.47972,18.09650,0.50000,0.10350,0.06573
1740.00000,300.00000,1937.91896,5.13093,16.29496,17.95109,19.49962,0.73664,0.15952,0.04590
1741.00000,131.00000,1944.37388,3.88462,17.26731,28.92500,14.56442,0.50000,0.11538,0.10577
1742.00000,132.00000,1942.72015,5.37167,15.96489,37.69007,24.40678,0.50666,0.06416,0.02785
1743.00000,184.00000,1946.85051,5.80747,15.63900,34.83651,16.57842,0.52158,0.07718,0.00830
1744.00000,115.00000,1937.02149,4.91095,16.49232,38.94575,16.60798,0.50000,0.20880,0.01945
1745.00000,100.00000,1926.25629,4.34596,16.97980,32.17551,17.07576,0.51894,0.17551,0.08081
1746.00000,149.00000,1932.05949,5.31250,16.11083,39.39750,14.74083,0.50000,0.33417,0.10000
1747.00000,144.00000,1936.40443,3.55440,17.73230,29.52591,14.39724,0.50000,0.07340,0.05527
1748.00000,300.00000,1937.90784,5.40587,16.23407,25.34860,20.39227,0.64817,0.18540,0.01861
1749.00000,218.00000,1941.67870,5.39904,16.01442,27.69643,12.40179,0.50000,0.19162,0.01923
1750.00000,181.00000,1933.30783,5.39822,16.02823,30.88782,17.65230,0.56835,0.14710,0.03120
1751.00000,152.00000,1934.24264,4.79950,16.67869,34.28440,16.08221,0.50000,0.16107,0.14513
1752.00000,160.00000,1941.48215,4.79647,16.70648,29.76030,21.87300,0.55383,0.09504,0.02187
1753.00000,218.00000,1942.55012,4.71836,16.68902,25.71668,18.63453,0.56454,0.09975,0.03101
1754.00000,300.00000,1949.44007,5.21208,16.41388,25.24229,18.71530,0.64846,0.07712,0.02635
1755.00000,236.00000,1940.09558,5.10806,16.36878,29.77873,23.87393,0.62950,0.09691,0.00515
1756.00000,207.00000,1929.98793,4.97470,16.32638,28.27514,14.85579,0.54048,0.13978,0.01898
1757.00000,300.00000,1920.73775,4.49844,16.83552,22.51032,16.37649,0.50000,0.07129,0.06504
1758.00000,300.00000,1927.66715,5.26589,16.23445,24.65414,18.49282,0.58271,0.04648,0.03486
1759.00000,188.00000,1933.34444,3.70550,17.55045,27.35357,22.55209,0.52666,0.06727,0.03117
1760.00000,212.00000,1940.34675,4.52956,16.95906,29.26511,17.86680,0.50000,0.05783,0.04353
1761.00000,300.00000,1929.56722,4.68969,16.73184,21.64574,14.72108,0.51345,0.06906,0.03139
1762.00000,138.00000,1930.58361,3.28955,17.93644,22.52401,18.89266,0.66525,0.02825,0.00847
1763.00000,300.00000,1928.33889,5.28503,16.28026,23.40131,16.99225,0.50209,0.07931,0.05665
1764.00000,107.00000,1921.00918,4.33979,17.04105,31.17332,21.55074,0.50000,0.14253,0.02281
1765.00000,106.00000,1927.77384,4.28485,16.93982,36.46941,14.06118,0.50000,0.17452,0.03410
1766.00000,266.00000,1935.72080,5.30955,16.17419,30.64690,12.84785,0.50000,0.21196,0.02833
1767.00000,222.00000,1941.43839,5.21895,16.35339,29.97183,15.42190,0.51472,0.11716,0.06978
1768.00000,141.00000,1944.32914,4.63027,16.59027,25.96865,21.77297,0.69027,0.15676,0.02378
1769.00000,294.00000,1944.68561,4.59540,16.72124,21.09405,19.94249,0.58085,0.10419,0.02300
1770.00000,140.00000,1952.08256,4.28435,17.18850,27.41747,21.32694,0.51065,0.06390,0.03834
1771.00000,190.00000,1957.53575,5.52687,16.14414,31.98779,21.78176,0.55660,0.04723,0.01547
1772.00000,130.00000,1945.91360,4.93068,16.54607,32.39730,15.20372,0.50000,0.23753,0.08369
1773.00000,300.00000,1937.20396,6.23550,15.25058,24.00000,13.62065,0.50609,0.11311,0.04698
1774.00000,188.00000,1937.80677,4.41153,16.84439,23.94787,15.13428,0.55371,0.12559,0.01975
1775.00000,192.00000,1945.18703,6.29777,15.38219,30.78358,18.54183,0.59210,0.12510,0.00000
1776.00000,204.00000,1947.94075,4.46043,17.04604,26.60647,15.86187,0.67230,0.13813,0.03453
1777.00000,105.00000,1953.28446,5.57087,16.02913,45.10194,13.14078,0.50000,0.22136,0.00000
1778.00000,300.00000,1959.07356,4.41487,17.06945,27.72096,17.12354,0.60080,0.08236,0.01045
1779.00000,188.00000,1962.46086,4.43669,16.99928,24.83597,13.67914,0.70612,0.16187,0.01799
1780.00000,300.00000,1953.73436,5.11598,16.29109,19.77266,16.53610,0.55031,0.09601,0.02304
1781.00000,122.00000,1961.40959,3.16239,18.24217,29.45014,15.34568,0.50000,0.10636,0.05033
1782.00000,204.00000,1959.21249,4.70215,16.79159,25.01878,19.77907,0.71377,0.18605,0.04830
1783.00000,116.00000,1962.07816,3.53659,17.93951,31.67122,16.91805,0.50000,0.15220,0.09561
1784.00000,137.00000,1951.22423,3.57653,17.73367,23.59592,11.96020,0.50000,0.08878,0.09082
1785.00000,258.00000,1952.50848,5.85850,15.72541,31.21936,15.78169,0.51578,0.13414,0.04419
1786.00000,243.00000,1957.69618,4.80356,16.64089,21.48533,18.78133,0.84000,0.08356,0.00622
1787.00000,139.00000,1965.05615,2.78538,18.37395,20.81256,18.67948,0.50000,0.10590,0.06748
1788.00000,109.00000,1955.33805,3.57903,17.84692,27.00499,22.17804,0.56240,0.11148,0.03328
1789.00000,300.00000,1955.73815,4.70596,16.75881,25.03659,17.97222,0.71748,0.08604,0.03659
1790.00000,87.00000,1946.78396,3.93226,17.41217,37.83238,17.99885,0.50000,0.16762,0.03330
1791.00000,179.00000,1936.84473,4.51152,16.86022,29.96237,20.97312,0.55415,0.11137,0.02074
1792.00000,264.00000,1939.01549,4.71623,16.58256,20.62187,18.02144,0.66798,0.04861,0.01787
1793.00000,184.00000,1946.50803,4.89913,16.28123,27.80695,11.62792,0.50000,0.11890,0.06012
1794.00000,300.00000,1938.11683,6.34277,15.08449,30.07345,14.98944,0.50000,0.11810,0.02400
1795.00000,300.00000,1945.38133,5.49960,15.88074,22.16841,17.18211,0.59952,0.05721,0.03143
1796.00000,300.00000,1952.17838,4.75228,16.77445,19.27184,13.65189,0.68774,0.11864,0.06323
1797.00000,137.00000,1946.42299,4.15126,16.99520,28.91477,21.10444,0.55402,0.07323,0.03962
1798.00000,138.00000,1951.14647,5.08244,16.52214,36.30611,19.32366,0.50000,0.15878,0.02595
1799.00000,300.00000,1941.51075,4.86677,16.50041,16.94232,15.89927,0.60032,0.09667,0.02193
1800.00000,209.00000,1941.94144,5.59491,15.88377,32.71802,14.11829,0.50000,0.11898,0.01513
1801.00000,118.00000,1944.68166,3.76281,17.49336,31.55123,18.79981,0.50000,0.08634,0.04839
1802.00000,200.00000,1951.87461,3.79059,17.48092,25.62378,22.07010,0.60115,0.05768,0.04880
1803.00000,179.00000,1952.83362,4.55801,16.88950,31.29834,18.97445,0.50000,0.16229,0.05249
1804.00000,184.00000,1942.93215,6.01555,15.51944,27.48756,16.11198,0.50000,0.23872,0.07076
1805.00000,101.00000,1950.43701,4.69975,16.95782,33.93797,16.91315,0.50000,0.16253,0.14020
1806.00000,149.00000,1951.33426,4.24749,17.23202,34.20804,19.88322,0.50000,0.14076,0.06574
1807.00000,161.00000,1959.04289,4.69497,16.66777,31.82028,13.45837,0.50000,0.27947,0.05688
1808.00000,277.00000,1962.79481,5.57299,15.94912,25.34767,16.86190,0.63780,0.11629,0.01938
1809.00000,300.00000,1966.82018,5.47756,16.00718,23.75643,15.99042,0.50000,0.04967,0.02334
1810.00000,144.00000,1971.13861,4.36282,17.00361,28.58755,17.69585,0.50000,0.20848,0.04152
1811.00000,243.00000,1977.74516,6.55035,14.85674,27.92199,13.72340,0.59681,0.17801,0.02624
1812.00000,244.00000,1981.79554,5.00255,16.44204,27.85669,14.98917,0.50000,0.16242,0.03312
1813.00000,175.00000,1983.09673,4.02993,17.27162,23.46785,19.36807,0.66186,0.10421,0.07982
1814.00000,143.00000,1984.25261,4.00232,17.51912,25.28621,18.47045,0.97972,0.06257,0.03244
1815.00000,147.00000,1990.68122,3.86808,17.37563,29.20645,19.24270,0.63192,0.08761,0.04028
1816.00000,198.00000,1981.40376,4.08136,17.21864,24.01441,16.69831,0.56017,0.11780,0.07542
1817.00000,124.00000,1972.94573,3.44855,17.88208,22.83006,18.36069,0.64220,0.03121,0.00000
1818.00000,250.00000,1963.89657,5.36479,16.04639,31.38166,13.37111,0.50000,0.09331,0.06168
1819.00000,300.00000,1956.01028,6.18297,15.37862,25.93056,20.42271,0.55344,0.11594,0.02053
1820.00000,192.00000,1956.82457,5.17575,16.28865,30.62155,12.40988,0.50000,0.24503,0.04169
1821.00000,192.00000,1963.70246,4.13653,17.26434,24.05374,14.80029,0.50036,0.13871,0.10893
1822.00000,181.00000,1964.20867,4.59259,16.90456,30.12607,18.49573,0.57906,0.08191,0.02707
1823.00000,296.00000,1954.35615,4.54656,16.84334,18.99217,18.03742,0.79460,0.09399,0.03655
1824.00000,145.00000,1955.24756,4.64995,16.61620,29.45227,15.77435,0.56220,0.19190,0.03182
1825.00000,144.00000,1958.25443,5.41863,15.99882,31.11321,25.11675,0.75531,0.05425,0.00000
1826.00000,144.00000,1963.23617,4.04323,17.20817,35.01761,16.15212,0.50000,0.12570,0.05604
1827.00000,170.00000,1952.84131,4.87061,16.48841,30.32610,13.77562,0.50000,0.14136,0.08452
1828.00000,225.00000,1958.24210,4.49358,16.74495,19.90092,20.12018,0.78349,0.05046,0.02202
1829.00000,300.00000,1960.85366,5.87065,15.51543,22.68877,15.29022,0.50000,0.11425,0.03874
1830.00000,300.00000,1952.27373,5.20496,16.18078,21.02037,15.70783,0.55347,0.12476,0.04265
1831.00000,151.00000,1952.42638,4.90732,16.33782,28.10688,16.42975,0.50000,0.11435,0.05755
1832.00000,173.00000,1958.11598,4.02293,17.28337,27.41114,15.56265,0.50000,0.07043,0.04668
1833.00000,300.00000,1960.02987,7.13481,14.37223,27.17371,19.13481,0.65225,0.16499,0.01207
1834.00000,202.00000,1965.72765,7.59951,13.92468,36.12921,17.85487,0.50000,0.15309,0.07226
1835.00000,158.00000,1964.25397,4.29744,17.02383,27.21712,15.97087,0.56664,0.17917,0.03795
1836.00000,146.00000,1970.64467,5.47543,15.85865,40.99244,18.35525,0.50000,0.08919,0.03553
1837.00000,188.00000,1976.14319,4.66721,16.76124,31.21832,25.81521,0.70155,0.05969,0.01635
1838.00000,181.00000,1976.43681,4.91713,16.71586,29.59116,16.07261,0.50000,0.11287,0.03552
1839.00000,180.00000,1966.71316,4.38333,16.94667,31.72250,14.72833,0.57792,0.09750,0.02000
1840.00000,247.00000,1970.18428,5.76715,15.86762,26.80463,20.37161,0.71491,0.16986,0.00080
1841.00000,300.00000,1960.43434,5.33841,16.20020,30.75661,14.84451,0.51956,0.18801,0.03659
1842.00000,211.00000,1964.78618,4.58669,16.83713,27.70315,21.24431,0.59895,0.10508,0.08406
1843.00000,176.00000,1970.10187,4.83787,16.57357,34.48706,21.14441,0.50000,0.11989,0.02793
1844.00000,134.00000,1959.79884,4.01273,17.27130,29.04114,13.01665,0.50000,0.15279,0.08619
1845.00000,207.00000,1965.72624,5.23429,16.31508,25.14901,23.49192,0.59201,0.09066,0.01257
1846.00000,122.00000,1966.73908,4.24764,17.08318,29.58696,12.73251,0.50000,0.18431,0.05955
1847.00000,300.00000,1959.06818,6.06776,15.27009,24.98984,12.71926,0.50000,0.06825,0.03921
1848.00000,142.00000,1964.22342,4.09812,17.28584,32.15614,14.23891,0.50000,0.12372,0.00341
1849.00000,143.00000,1969.46551,5.17756,16.29240,29.82862,17.03975,0.70141,0.28180,0.05389
1850.00000,258.00000,1975.89516,4.77410,16.70011,30.52803,14.72365,0.52270,0.11379,0.01906
1851.00000,300.00000,1977.59156,5.76449,15.68892,23.33749,19.38591,0.68966,0.08731,0.03155
1852.00000,147.00000,1982.15644,4.58575,16.70869,34.99608,16.37118,0.50000,0.14174,0.03132
1853.00000,300.00000,1971.93763,5.05004,16.41823,20.52458,19.46202,0.80071,0.09830,0.03396
1854.00000,228.00000,1977.26368,4.89268,16.74256,33.01551,14.41811,0.52481,0.13524,0.00186
1855.00000,168.00000,1969.53849,4.60465,16.86744,20.64419,17.25000,0.56512,0.19070,0.11395
1856.00000,87.00000,1976.17582,4.72082,16.68297,35.97792,24.19401,0.50552,0.07256,0.00000
1857.00000,300.00000,1983.88139,6.78412,14.70124,26.08883,18.81439,0.53648,0.14938,0.05459
1858.00000,178.00000,1970.32703,4.23195,17.07411,24.28489,18.80558,0.52166,0.05871,0.05005
1859.00000,300.00000,1974.77622,5.07264,16.39567,17.51005,17.08887,0.67427,0.04096,0.03246
1860.00000,263.00000,1966.86824,5.00194,16.57485,27.32858,16.89760,0.68535,0.14064,0.01296
1861.00000,173.00000,1959.37750,5.10030,16.33982,29.00823,23.77994,0.50000,0.10404,0.02695
1862.00000,300.00000,1966.98315,6.00805,15.34758,22.85192,19.49257,0.71344,0.13383,0.03098
1863.00000,300.00000,1967.74225,6.05537,15.34356,21.06871,21.52902,0.76384,0.10674,0.03669
1864.00000,175.00000,1964.71242,4.19565,17.29310,31.64168,15.71889,0.50000,0.09970,0.11394
1865.00000,139.00000,1952.21757,4.63003,16.91186,30.87595,26.71491,0.61480,0.02394,0.00000
1866.00000,129.00000,1954.85156,3.75901,17.44592,30.80455,9.81784,0.50000,0.20968,0.06072
1867.00000,122.00000,1942.59042,4.42462,17.03149,32.22901,19.22233,0.51431,0.13263,0.03340
1868.00000,136.00000,1948.73579,3.89898,17.32513,27.58234,14.32088,0.50000,0.15365,0.06961
1869.00000,200.00000,1953.90791,4.74921,16.50285,24.86384,11.06396,0.50000,0.18809,0.05510
1870.00000,225.00000,1961.46785,3.99916,17.51811,21.15922,18.81887,0.71104,0.06655,0.02022
1871.00000,233.00000,1964.39830,6.24367,15.42049,35.74771,15.57251,0.50000,0.16442,0.01509
1872.00000,206.00000,1957.13633,3.70729,17.52961,16.01708,19.87699,0.63952,0.10934,0.06606
1873.00000,300.00000,1959.47082,6.54103,15.11231,27.93692,13.00769,0.50000,0.05795,0.01385
1874.00000,153.00000,1952.08527,3.85024,17.40676,26.64058,16.98937,0.50000,0.07923,0.06473
1875.00000,101.00000,1960.45072,5.14191,16.23725,40.86253,20.18404,0.50000,0.19069,0.06874
1876.00000,176.00000,1966.11899,4.05317,17.36401,21.23108,19.41002,0.79192,0.11145,0.00613
1877.00000,268.00000,1969.30723,4.53537,16.94455,36.09082,18.98518,0.50000,0.18929,0.01291
1878.00000,120.00000,1960.31969,4.28286,17.13714,24.87429,24.71143,0.68500,0.06857,0.04000
1879.00000,149.00000,1966.57546,5.03236,16.28914,25.06576,15.45303,0.50000,0.18372,0.06576
1880.00000,175.00000,1958.11478,4.55969,16.79452,31.80822,22.67319,0.65607,0.10665,0.02642
1881.00000,260.00000,1964.05117,5.37574,16.14501,29.58868,16.38437,0.50000,0.12561,0.02049
1882.00000,300.00000,1956.73472,5.39284,16.18036,22.67140,19.21618,0.56084,0.05250,0.03891
1883.00000,223.00000,1963.10915,5.51994,15.98869,34.20905,12.68319,0.50000,0.08782,0.04903
1884.00000,138.00000,1959.43057,3.26691,18.02559,27.83455,16.25503,0.56856,0.08592,0.04936
1885.00000,192.00000,1966.49200,4.72427,16.64087,23.76935,12.45455,0.50000,0.12622,0.02029
1886.00000,282.00000,1971.13836,6.39406,15.00175,25.89173,15.46740,0.50000,0.10768,0.05006
1887.00000,170.00000,1977.07203,4.56373,16.81329,23.91562,16.20287,0.50000,0.11759,0.06912
1888.00000,300.00000,1980.31333,6.06540,15.29641,25.62816,15.43143,0.50000,0.10654,0.04167
1889.00000,274.00000,1987.26996,5.06513,16.46908,24.72697,19.26118,0.50888,0.05197,0.02632
1890.00000,170.00000,1992.74935,4.65410,16.73233,26.76249,14.73893,0.65221,0.26861,0.02545
1891.00000,121.00000,1984.38285,4.79400,16.50000,30.33023,14.94720,0.50000,0.28054,0.12215
1892.00000,98.00000,1986.60094,3.76133,17.59448,33.92155,16.62873,0.50000,0.11934,0.03425
1893.00000,300.00000,1988.79050,7.04403,14.59943,23.44815,15.02699,0.54688,0.13210,0.04688
1894.00000,96.00000,1994.46110,3.60920,17.57471,27.48276,14.65134,0.56258,0.13538,0.05492
1895.00000,269.00000,2000.19464,4.86695,16.39916,24.56592,19.81216,0.65683,0.06442,0.02408
1896.00000,115.00000,2005.03742,4.15103,17.16693,20.58347,20.74881,0.73291,0.02226,0.01590
1897.00000,138.00000,2006.99952,4.10501,17.03175,26.86569,20.32967,0.59951,0.12698,0.02198
1898.00000,151.00000,1998.07102,3.95568,17.32614,25.15114,18.15227,0.56477,0.12614,0.02045
1899.00000,197.00000,1986.83767,5.06643,16.30314,30.73249,13.79891,0.50000,0.05857,0.02778
1900.00000,171.00000,1974.53587,4.94408,16.39434,33.34423,14.52433,0.50000,0.19099,0.00726
1901.00000,108.00000,1979.44022,3.59757,17.78170,33.33186,14.87652,0.50000,0.24256,0.13561
1902.00000,300.00000,1982.08558,5.14050,16.26689,27.64706,21.46378,0.61327,0.08556,0.00438
1903.00000,80.00000,1983.70782,3.63693,17.51660,24.09129,15.43568,0.56432,0.04357,0.02697
1904.00000,183.00000,1989.53781,4.58945,16.78364,29.10550,13.87385,0.50000,0.24847,0.01376
1905.00000,141.00000,1980.64523,4.36592,17.02511,28.78475,19.03318,0.50000,0.10314,0.06996
1906.00000,211.00000,1981.71842,4.21550,17.04777,18.82803,26.81741,0.80520,0.07113,0.01062
1907.00000,276.00000,1988.90464,5.03995,16.37955,26.53114,18.24736,0.52262,0.12573,0.01763
1908.00000,228.00000,1976.42429,4.26021,17.08235,25.69697,18.08037,0.53557,0.11594,0.05468
1909.00000,219.00000,1967.51288,3.41747,17.78886,27.25378,16.75241,0.51032,0.13618,0.05777
1910.00000,300.00000,1968.00128,5.19789,16.22197,22.52897,17.17306,0.65011,0.08126,0.03461
1911.00000,137.00000,1958.91805,3.70810,17.63653,28.40490,15.05273,0.57392,0.08757,0.05273
1912.00000,177.00000,1958.19285,5.82649,15.66925,29.08133,12.43377,0.54919,0.16809,0.03176
1913.00000,270.00000,1948.09803,5.54580,16.04981,29.00321,12.39047,0.50000,0.17247,0.02196
1914.00000,300.00000,1953.75377,5.76715,15.64434,19.99123,20.73684,0.63796,0.06938,0.00319
1915.00000,300.00000,1960.40731,5.66021,15.83646,29.18655,14.39855,0.50424,0.13992,0.01999
1916.00000,215.00000,1952.99199,4.96370,16.40594,30.00000,20.31353,0.66419,0.12046,0.00165
1917.00000,300.00000,1953.45703,4.91766,16.44529,21.82719,13.35699,0.50000,0.07746,0.04334
1918.00000,194.00000,1945.70582,4.11413,17.29736,30.46972,21.85016,0.52873,0.09161,0.02329
1919.00000,158.00000,1949.20784,3.64446,17.62024,27.67561,15.13235,0.72578,0.16782,0.02163
1920.00000,157.00000,1938.81806,3.48337,17.80044,22.43902,17.14302,0.59590,0.01663,0.00998
1921.00000,300.00000,1931.66004,6.18474,15.52053,28.55474,16.10895,0.50000,0.07842,0.01474
1922.00000,178.00000,1924.81244,5.05184,16.60980,29.22997,22.75495,0.70735,0.08765,0.01037
1923.00000,300.00000,1930.59133,5.38116,16.00063,22.08976,13.16308,0.50063,0.13211,0.04046
1924.00000,112.00000,1922.71586,4.99900,16.50399,29.93912,11.52794,0.50000,0.21856,0.00000
1925.00000,205.00000,1923.20763,4.17932,17.18098,25.37031,21.93244,0.81234,0.06422,0.03253
1926.00000,214.00000,1930.79102,3.82723,17.46417,23.62898,14.92038,0.56608,0.03662,0.00717
1927.00000,155.00000,1922.50215,4.65127,16.76751,33.56813,18.94380,0.50000,0.11239,0.02848
1928.00000,300.00000,1914.58154,5.00772,16.57143,21.11737,17.31737,0.65714,0.11042,0.01467
1929.00000,175.00000,1916.20106,3.81622,17.51892,27.75985,11.53514,0.50000,0.09189,0.02239
1930.00000,165.00000,1914.85166,3.97788,17.21537,19.52852,17.44936,0.71537,0.14086,0.00000
1931.00000,128.00000,1921.90289,4.07885,17.26538,31.67308,13.74327,0.50000,0.10769,0.03173
1932.00000,160.00000,1915.65386,4.82382,16.43590,30.64764,18.82382,0.50496,0.12572,0.02316
1933.00000,169.00000,1921.27844,3.87027,17.44633,27.14208,14.45251,0.50000,0.07336,0.05714
1934.00000,300.00000,1925.96666,5.15463,16.19859,21.48352,17.31633,0.55534,0.12480,0.05808
1935.00000,163.00000,1927.50515,4.25544,16.96566,28.90201,20.51926,0.50000,0.15159,0.12395
1936.00000,154.00000,1925.29359,3.70208,17.57044,22.13510,10.47113,0.50693,0.10393,0.02656
1937.00000,215.00000,1929.23494,4.91852,16.49373,31.23259,13.78273,0.51602,0.06685,0.03343
1938.00000,223.00000,1933.35582,5.18412,16.32726,31.09954,18.28822,0.52570,0.16981,0.00716
1939.00000,225.00000,1939.85146,4.44769,17.00308,27.61000,18.17462,0.82192,0.12385,0.00154
1940.00000,300.00000,1942.55001,5.90257,15.47795,22.08361,15.53785,0.67841,0.13957,0.02765
1941.00000,134.00000,1935.24791,3.90665,17.28648,23.82082,16.96245,0.75161,0.12017,0.02790
1942.00000,152.00000,1939.92011,3.78188,17.62975,26.78635,19.10962,0.57494,0.01566,0.01566
1943.00000,148.00000,1930.03768,5.56567,16.11120,38.51894,16.24416,0.50000,0.12651,0.02015
1944.00000,300.00000,1921.61516,6.40317,15.11104,19.41375,23.41176,0.63648,0.07403,0.03569
1945.00000,177.00000,1926.13696,4.53260,16.95130,31.66457,15.26630,0.50000,0.12490,0.02671
1946.00000,154.00000,1918.42935,3.57903,17.75628,31.67134,11.62703,0.50000,0.14993,0.09158
1947.00000,300.00000,1924.27479,5.67237,15.78728,21.64979,13.99726,0.51915,0.13680,0.06703
1948.00000,187.00000,1929.88074,5.10038,16.43996,29.43246,22.34146,0.72936,0.11163,0.01595
1949.00000,201.00000,1937.22017,5.32544,16.00609,26.49188,15.42490,0.50000,0.06428,0.06089
1950.00000,154.00000,1929.38392,4.81389,16.55417,37.33472,17.35347,0.50000,0.08611,0.04306
1951.00000,177.00000,1936.40897,3.82800,17.47431,27.92926,13.03053,0.50298,0.11541,0.07818
1952.00000,119.00000,1938.42390,4.08932,17.31173,34.71716,14.28897,0.50000,0.07881,0.06567
1953.00000,137.00000,1944.38265,4.58748,16.66591,36.48115,15.61161,0.50000,0.11840,0.00830
1954.00000,172.00000,1949.45120,4.73794,16.63023,34.56752,20.62701,0.60772,0.07074,0.01286
1955.00000,183.00000,1950.27307,4.47666,16.89353,26.12121,15.34808,0.50491,0.14251,0.05405
1956.00000,177.00000,1941.22399,3.84674,17.32929,26.05918,17.85205,0.50910,0.11912,0.02352
1957.00000,173.00000,1947.72512,5.24425,16.21355,39.21995,17.79156,0.59783,0.11637,0.00767
1958.00000,173.00000,1954.20103,3.75145,17.58603,27.50374,18.94514,0.50000,0.07232,0.03491
1959.00000,148.00000,1956.26203,5.46737,15.97583,33.36019,18.50040,0.51410,0.15310,0.07252
1960.00000,159.00000,1961.27393,4.61905,16.91740,27.41691,16.04956,0.51458,0.10398,0.03596
1961.00000,73.00000,1966.00748,3.54339,17.78947,32.23898,16.25462,0.50000,0.17496,0.02703
1962.00000,222.00000,1970.53203,5.31615,16.26894,35.40807,19.73665,0.52733,0.06522,0.00745
1963.00000,161.00000,1974.89303,4.06596,17.38456,32.43158,17.60281,0.50000,0.10667,0.08070
1964.00000,300.00000,1966.89241,5.90548,15.35144,26.08877,13.57807,0.50000,0.16710,0.05587
1965.00000,161.00000,1974.26599,5.35124,16.02090,28.48955,21.47761,0.69055,0.15920,0.04179
1966.00000,172.00000,1980.97462,4.35374,17.23450,31.06359,13.25517,0.50000,0.07234,0.03180
1967.00000,151.00000,1988.25786,4.88487,16.74706,36.22773,18.30000,0.50000,0.16303,0.08824
1968.00000,300.00000,1993.28657,5.42136,15.96228,23.52046,15.54220,0.50000,0.11509,0.03836
1969.00000,131.00000,1995.19206,5.41828,15.96584,40.13112,19.34164,0.52078,0.22068,0.00831
1970.00000,300.00000,1997.21380,5.55697,15.95643,22.10389,18.41287,0.72420,0.14745,0.02681
1971.00000,148.00000,2001.03914,5.05834,16.44618,32.81923,17.25472,0.70090,0.11422,0.00000
1972.00000,117.00000,1997.97858,4.07895,17.25439,29.36513,17.06360,0.50987,0.18531,0.03838
1973.00000,300.00000,2002.53255,6.05993,15.27929,28.93526,15.22953,0.50000,0.04601,0.02622
1974.00000,177.00000,2009.22960,4.98241,16.34412,32.88529,15.23645,0.50000,0.13863,0.04433
1975.00000,127.00000,2015.64126,4.15768,17.26763,25.47095,20.71784,0.50311,0.12344,0.10270
1976.00000,131.00000,2016.96592,3.17088,18.10847,22.67756,20.36999,0.67311,0.04606,0.03418
1977.00000,171.00000,2018.34043,5.28537,16.01839,28.93685,13.92326,0.50000,0.14388,0.11751
1978.00000,156.00000,2008.88678,3.71094,17.59896,23.54297,20.61328,0.68294,0.11849,0.01562
1979.00000,159.00000,2009.98184,3.20121,18.13246,20.91810,14.97270,0.61577,0.07078,0.04044
1980.00000,300.00000,2000.44926,6.23110,15.16595,22.36263,13.09219,0.54241,0.07621,0.04057
1981.00000,154.00000,2005.14408,4.54114,16.76760,33.57506,16.70653,0.53647,0.20017,0.04665
1982.00000,300.00000,2009.48199,5.70622,15.76108,28.60021,15.47257,0.50000,0.12711,0.00738
1983.00000,169.00000,2012.42094,3.35693,17.94789,23.73550,18.18486,0.60128,0.06293,0.10029
1984.00000,109.00000,2009.84003,3.44323,17.92729,29.33167,15.10757,0.50000,0.08466,0.07769
1985.00000,171.00000,2001.34959,3.95970,17.26700,27.79093,12.58690,0.50630,0.30311,0.13434
1986.00000,235.00000,2008.25054,4.25202,17.09331,23.32623,15.04923,0.51249,0.05217,0.03527
1987.00000,176.00000,2010.70556,5.89402,15.67700,35.54362,15.27614,0.64384,0.26388,0.00865
1988.00000,300.00000,1999.88891,5.33380,16.19466,23.45678,21.15601,0.60295,0.10541,0.07660
1989.00000,204.00000,2005.62828,4.29771,17.07163,36.14773,17.95579,0.50000,0.08506,0.02071
1990.00000,174.00000,2002.74494,4.70930,16.72868,32.57881,13.34690,0.50000,0.08269,0.05233
1991.00000,160.00000,2007.08688,4.95918,16.39116,30.13180,19.07143,0.50000,0.17092,0.06548
1992.00000,174.00000,2009.93266,3.87611,17.51261,33.85534,12.60460,0.51818,0.07418,0.01706
1993.00000,300.00000,2014.79375,6.85929,14.59411,27.92844,16.98978,0.50000,0.14372,0.03668
1994.00000,300.00000,2018.84916,7.06119,14.43201,25.48269,17.44808,0.55222,0.09023,0.00989
1995.00000,109.00000,2018.10107,4.36804,17.14901,19.91382,31.10952,0.74147,0.00000,0.00000
1996.00000,141.00000,2007.98399,3.32032,17.96441,25.26751,21.16533,0.55913,0.08496,0.03904
1997.00000,140.00000,1999.87800,4.07263,17.32772,32.57662,23.65102,0.54562,0.01506,0.01329
1998.00000,103.00000,1989.15963,4.53731,16.84328,32.53358,13.28856,0.50000,0.19154,0.02612
1999.00000,81.00000,1980.28435,5.70301,15.83083,37.41479,19.36090,0.50000,0.24687,0.05388
2000.00000,300.00000,1984.56803,6.29754,15.35649,22.16211,17.60211,0.61860,0.17965,0.09193
2001.00000,210.00000,1985.30326,4.67045,16.69853,30.18717,17.15909,0.51337,0.11430,0.02005
2002.00000,300.00000,1990.33594,5.04074,16.30093,18.90922,17.05504,0.52323,0.08149,0.07362
2003.00000,129.00000,1993.20968,3.91397,17.35615,28.05828,16.85106,0.50000,0.08326,0.04255
2004.00000,109.00000,1997.38154,4.54967,16.84768,30.32616,20.03311,0.71689,0.03146,0.01490
2005.00000,110.00000,2004.05890,3.66426,17.64621,22.48556,21.32491,0.73014,0.05054,0.03249
2006.00000,199.00000,1993.93460,4.90764,16.44395,29.60255,18.58471,0.54841,0.14777,0.02038
2007.00000,300.00000,1981.58421,5.81711,15.49166,19.68776,16.06815,0.70236,0.11266,0.00765
2008.00000,168.00000,1986.12516,4.92190,16.45905,28.39714,21.24857,0.56333,0.11143,0.00000
2009.00000,300.00000,1985.13764,6.43257,15.03561,23.56334,14.81203,0.52102,0.07122,0.06130
2010.00000,173.00000,1976.80794,3.71318,17.49807,24.94526,17.17502,0.50000,0.07787,0.02159
2011.00000,155.00000,1979.23300,4.48247,16.83634,22.15834,23.64612,0.60786,0.07226,0.05951
2012.00000,157.00000,1986.14904,4.93582,16.49068,34.40890,19.25569,0.53830,0.04969,0.00621
2013.00000,107.00000,1975.31860,3.78149,17.49100,26.52185,17.08483,0.50000,0.12339,0.05527
2014.00000,163.00000,1968.58560,4.65937,16.75101,31.64071,17.27332,0.50973,0.15653,0.05921
2015.00000,131.00000,1969.70787,3.04557,18.17528,30.22699,16.02191,0.50000,0.11043,0.11306
2016.00000,300.00000,1971.99381,4.76667,16.63457,24.20370,18.43395,0.61420,0.05247,0.01605
2017.00000,300.00000,1976.92913,4.25779,17.11410,24.11358,17.87903,0.54068,0.05494,0.01955
2018.00000,195.00000,1965.61372,4.53748,16.84242,20.15417,13.27002,0.65971,0.15503,0.08177
2019.00000,300.00000,1970.78696,5.96694,15.48697,20.30324,12.90782,0.53338,0.15766,0.01399
2020.00000,111.00000,1959.44233,3.79214,17.47300,22.54664,22.44026,0.78887,0.06056,0.00327
2021.00000,300.00000,1966.76688,5.18012,16.14410,19.62909,15.73582,0.66778,0.12742,0.04403
2022.00000,300.00000,1958.87846,6.88702,14.73282,31.12723,13.70382,0.50000,0.10025,0.01323
2023.00000,266.00000,1964.25497,4.91067,16.47352,22.56917,16.91542,0.74269,0.14704,0.00079
2024.00000,129.00000,1968.80955,3.62251,17.56553,23.02137,21.25783,0.59972,0.02564,0.03419
2025.00000,185.00000,1973.98694,4.22924,17.15923,27.89911,18.64928,0.54084,0.09197,0.05010
2026.00000,300.00000,1963.87895,4.89554,16.46240,23.29875,17.12604,0.66713,0.11699,0.00000
2027.00000,218.00000,1969.42903,5.24271,16.00788,25.91095,19.89441,0.50000,0.07013,0.03152
2028.00000,300.00000,1960.79679,6.61414,14.79798,15.08687,17.46061,0.82172,0.09798,0.00909
2029.00000,180.00000,1963.37817,4.25385,17.04231,24.66250,20.76635,0.78077,0.07596,0.00000
2030.00000,300.00000,1956.10753,4.30239,16.99867,22.17971,21.71684,0.58753,0.04244,0.02918
2031.00000,185.00000,1948.57034,3.85170,17.38493,22.55511,13.88736,0.56686,0.13371,0.05754
2032.00000,300.00000,1946.60548,6.05188,15.35330,22.87461,16.68808,0.53737,0.11859,0.02224
2033.00000,194.00000,1954.86683,5.21508,16.10615,31.34078,14.41271,0.63443,0.15782,0.01327
2034.00000,158.00000,1959.64708,4.02159,17.23356,27.50049,19.42002,0.54171,0.10402,0.05201
2035.00000,300.00000,1967.08987,5.56369,15.93969,22.38400,20.20000,0.83508,0.05046,0.00923
2036.00000,300.00000,1958.69638,5.19886,16.14449,23.86195,16.13019,0.59728,0.11087,0.00572
2037.00000,113.00000,1951.16396,3.90316,17.37488,33.96932,13.37009,0.50000,0.19080,0.07574
2038.00000,259.00000,1949.40819,5.47381,15.88601,25.17498,11.92668,0.52619,0.11152,0.01294
2039.00000,177.00000,1950.21801,4.85518,16.51991,33.82404,21.67560,0.50000,0.12889,0.03910
2040.00000,300.00000,1954.99229,6.13871,15.47983,23.71479,15.46709,0.57431,0.08634,0.00849
2041.00000,198.00000,1956.27554,4.03711,17.29291,30.22465,13.49172,0.50000,0.10537,0.11597
2042.00000,146.00000,1952.13429,4.85484,16.50000,32.06912,25.82949,0.57488,0.10253,0.01498
2043.00000,183.00000,1957.83348,4.94216,16.47875,30.92404,15.89826,0.50000,0.13101,0.08153
2044.00000,193.00000,1948.86493,4.87376,16.62327,31.71117,14.87773,0.50000,0.15268,0.05288
2045.00000,300.00000,1951.35241,6.25143,15.23425,29.26403,23.88946,0.66180,0.07446,0.00802
2046.00000,141.00000,1957.23897,6.21189,15.38610,38.44724,17.85008,0.50000,0.12479,0.04188
2047.00000,159.00000,1965.92330,3.97661,17.36357,36.01630,14.27356,0.50000,0.14670,0.00921
2048.00000,300.00000,1971.81496,6.17884,15.38624,23.85450,13.36138,0.50000,0.11481,0.04550
2049.00000,117.00000,1977.46643,3.49161,17.79269,29.33465,12.24186,0.50000,0.17374,0.05133
2050.00000,259.00000,1981.81678,6.40768,15.26075,24.03839,11.83786,0.50000,0.08405,0.01456
2051.00000,300.00000,1985.38165,5.20718,16.28347,22.94914,15.83321,0.72812,0.15034,0.02842
2052.00000,209.00000,1988.18985,4.20383,17.07285,27.03164,21.00368,0.50000,0.06623,0.04709
2053.00000,112.00000,1978.02544,3.93232,17.22335,23.22166,25.71235,0.67428,0.02369,0.05584
2054.00000,272.00000,1985.64464,4.59913,16.90429,27.73275,21.32940,0.68272,0.07582,0.00808
2055.00000,168.00000,1978.07571,4.63300,16.73645,27.60591,20.28243,0.58867,0.17898,0.01067
2056.00000,121.00000,1969.24345,4.18699,17.19512,27.51084,17.85095,0.74797,0.05420,0.00407
2057.00000,178.00000,1977.07635,4.87008,16.74882,29.78976,19.58189,0.60787,0.14488,0.03228
2058.00000,106.00000,1969.26343,3.97085,17.30251,33.85025,15.10050,0.50000,0.25729,0.01608
2059.00000,231.00000,1972.24776,5.28092,16.29490,29.63382,21.39483,0.61495,0.08595,0.00699
2060.00000,154.00000,1979.10838,4.62820,16.95740,28.67390,12.55306,0.50000,0.16654,0.02324
2061.00000,300.00000,1985.97706,6.35253,15.17978,21.65169,18.84059,0.72472,0.12149,0.03230
2062.00000,231.00000,1990.64067,5.79460,15.76696,32.25565,17.11809,0.50000,0.11683,0.02387
2063.00000,200.00000,1980.78159,4.42687,16.87294,25.55210,17.87477,0.55119,0.13254,0.03382
2064.00000,287.00000,1984.90946,6.71326,14.71207,27.06810,11.98387,0.51941,0.16069,0.02330
2065.00000,111.00000,1992.20889,3.99652,17.24710,31.30510,14.23666,0.50000,0.11601,0.02204
2066.00000,194.00000,1996.17347,5.15046,16.46606,32.62385,20.55780,0.52523,0.12202,0.00183
2067.00000,150.00000,2001.23447,3.46051,17.81455,27.83762,16.54215,0.59760,0.06566,0.03549
2068.00000,190.00000,1991.66146,3.73177,17.59011,24.80134,20.24895,0.59975,0.07041,0.02012
2069.00000,153.00000,1995.87106,3.73772,17.71893,32.09971,13.52384,0.50000,0.08165,0.05275
2070.00000,114.00000,1986.55836,3.59714,17.61952,35.94270,19.34736,0.50000,0.12534,0.03581
2071.00000,218.00000,1990.78246,3.58873,17.67536,19.50294,18.30025,0.50000,0.09672,0.03364
2072.00000,121.00000,1996.95997,3.00290,18.22297,28.34556,12.87162,0.50000,0.05116,0.05116
2073.00000,143.00000,2002.24112,3.46888,17.72476,19.39004,19.70954,0.75380,0.04564,0.01107
2074.00000,300.00000,2005.60871,5.76060,15.65015,23.48000,12.91045,0.50000,0.08716,0.00418
2075.00000,300.00000,1996.41649,4.65821,16.74958,17.35110,20.24365,0.77876,0.03215,0.00677
2076.00000,130.00000,2000.92916,3.96165,17.37070,28.27532,19.58407,0.50000,0.22026,0.07178
2077.00000,187.00000,1993.00147,3.97209,17.49879,35.63046,13.73301,0.50000,0.23968,0.04430
2078.00000,283.00000,1998.47818,5.60479,15.77053,27.96430,10.95258,0.50000,0.08210,0.01683
2079.00000,134.00000,2003.39166,4.00522,17.33898,24.53716,21.15645,0.76141,0.03651,0.00391
2080.00000,137.00000,2009.27435,3.25728,18.05178,28.82201,18.40129,0.50000,0.05663,0.06634
2081.00000,271.00000,2000.13369,4.07011,17.31664,23.28197,24.58937,0.85786,0.02851,0.00154
2082.00000,268.00000,2001.60425,5.30898,16.12534,20.92895,11.56367,0.50000,0.15885,0.06568
2083.00000,127.00000,1993.46092,4.77030,16.57657,30.59041,17.46310,0.54935,0.11531,0.03321
2084.00000,258.00000,1993.71851,6.50245,14.92853,29.99345,14.94108,0.50000,0.14348,0.01855
2085.00000,237.00000,1995.17385,5.32678,16.45946,30.36937,22.62735,0.76495,0.06061,0.00491
2086.00000,199.00000,1998.10785,4.69952,16.77524,34.67788,14.93570,0.50000,0.14123,0.03666
2087.00000,157.00000,1990.13391,3.47032,17.79414,31.12171,15.44102,0.50000,0.15928,0.09992
2088.00000,134.00000,1991.11920,4.28600,17.12711,25.77756,17.81629,0.70804,0.10626,0.08640
2089.00000,102.00000,1993.18951,3.89563,17.57082,36.97764,14.97977,0.50000,0.10756,0.02130
2090.00000,300.00000,1993.48955,5.29464,16.15205,23.73754,16.78360,0.50852,0.08580,0.03533
2091.00000,181.00000,2000.69128,3.65263,17.53534,27.61955,16.91955,0.50000,0.11053,0.00451
2092.00000,154.00000,2005.78577,4.59066,16.85115,29.83215,17.08868,0.59778,0.07443,0.03246
2093.00000,300.00000,2012.04625,6.16258,15.21638,22.84818,11.84459,0.50000,0.05140,0.03586
2094.00000,185.00000,2019.21642,4.82039,16.72697,35.60855,15.19737,0.50000,0.11513,0.02697
2095.00000,300.00000,2018.69009,5.11778,16.30444,21.40222,15.21778,0.68593,0.11630,0.01185
2096.00000,182.00000,2019.93503,3.98889,17.42361,30.01319,12.85000,0.56563,0.06806,0.05556
2097.00000,202.00000,2011.32607,4.33818,17.05455,21.80727,19.90273,0.65773,0.10727,0.02455
2098.00000,151.00000,2015.14151,4.94077,16.54670,36.85345,17.42825,0.50000,0.12073,0.01063
2099.00000,242.00000,2021.79522,4.92643,16.45048,28.57725,11.95756,0.50594,0.14771,0.04924
2100.00000,165.00000,2024.16232,3.17505,18.03352,20.72346,14.48417,0.52514,0.06704,0.06238
2101.00000,196.00000,2028.19496,4.92993,16.50622,33.58546,19.68238,0.50000,0.10282,0.00065
2102.00000,137.00000,2030.46291,3.71696,17.56374,24.30643,19.94386,0.70058,0.06433,0.04211
2103.00000,284.00000,2036.65450,4.45299,16.98901,25.05617,20.83883,0.78449,0.07448,0.00549
2104.00000,151.00000,2025.85012,4.61023,16.68924,33.54778,14.73890,0.64409,0.23476,0.03010
2105.00000,147.00000,2015.78692,4.97424,16.64545,38.57197,15.23106,0.50000,0.12045,0.03333
2106.00000,148.00000,2018.31930,4.43387,16.84776,25.95718,18.06851,0.54615,0.08278,0.00476
2107.00000,234.00000,2021.88942,4.77422,16.67444,27.03496,20.05608,0.80117,0.16242,0.03933
2108.00000,202.00000,2011.67536,5.69906,15.77955,28.31907,19.90863,0.60116,0.13053,0.03626
2109.00000,136.00000,2018.11147,4.60192,16.79038,34.47596,18.52019,0.52308,0.07596,0.00000
2110.00000,300.00000,2023.64795,4.85885,16.57654,30.74906,15.39649,0.56148,0.09410,0.01819
2111.00000,83.00000,2015.15467,3.62558,17.79969,32.02311,16.22650,0.50000,0.13713,0.05701
2112.00000,170.00000,2003.02961,3.30927,17.95365,24.78267,12.60486,0.54521,0.10562,0.04027
2113.00000,248.00000,2006.98772,4.76186,16.53370,32.53869,12.75936,0.50000,0.13380,0.02396
2114.00000,131.00000,2012.63323,6.56824,15.19647,36.21647,27.22706,0.70294,0.10941,0.00000
2115.00000,174.00000,2014.61834,4.36985,16.99191,28.84412,17.94559,0.53235,0.08088,0.03456
2116.00000,139.00000,2006.49219,3.66667,17.58278,25.01214,21.72075,0.58278,0.06954,0.03863
2117.00000,129.00000,2012.71923,4.71353,16.89302,35.86561,18.36074,0.50000,0.13705,0.04067
2118.00000,164.00000,2004.79444,4.29523,17.03600,29.43564,14.52835,0.62601,0.17642,0.02340
2119.00000,198.00000,2008.13678,4.14310,17.11770,24.68078,20.10923,0.67528,0.13971,0.02371
2120.00000,192.00000,2011.23079,3.21444,18.02918,28.91539,16.22247,0.50000,0.08680,0.05179
2121.00000,180.00000,2015.33291,4.13308,17.36451,27.15333,13.90550,0.50096,0.11668,0.03086
2122.00000,219.00000,2004.94670,5.15076,16.24675,30.48673,21.51101,0.50000,0.09881,0.02710
2123.00000,300.00000,1994.74573,5.66121,15.92230,27.35095,17.07082,0.54440,0.12051,0.03911
2124.00000,300.00000,1998.47838,4.97896,16.54701,28.50296,19.79356,0.56969,0.10256,0.00000
2125.00000,225.00000,2005.04365,4.94823,16.35976,27.82569,15.33224,0.50590,0.15334,0.00721
2126.00000,171.00000,2004.34644,4.52181,16.88087,26.36493,14.43540,0.53565,0.17534,0.02097
2127.00000,107.00000,2010.26676,4.29202,16.96849,29.91807,13.55147,0.50000,0.23950,0.01261
2128.00000,208.00000,2010.83785,4.44453,17.02737,29.08358,15.37796,0.53846,0.11169,0.02663
2129.00000,86.00000,2017.77206,2.43649,18.76386,23.17174,15.80680,0.50000,0.01431,0.00000
2130.00000,300.00000,2024.55282,6.64835,14.84220,22.57683,13.10638,0.50887,0.17435,0.04433
2131.00000,218.00000,2011.68101,4.87783,16.56551,34.49309,15.68546,0.54643,0.21448,0.00608
2132.00000,164.00000,2015.20698,5.21207,16.41034,33.02328,20.48966,0.52328,0.14741,0.07241
2133.00000,300.00000,2021.56439,6.12810,15.47310,20.60034,16.29547,0.60418,0.11102,0.03074
2134.00000,300.00000,2023.31397,4.22828,17.15403,19.26382,16.64060,0.73144,0.09874,0.04028
2135.00000,132.00000,2029.22264,3.90678,17.41902,28.39360,11.15537,0.50000,0.17137,0.10452
2136.00000,300.00000,2024.05918,4.98703,16.43804,22.75288,14.99135,0.56160,0.12608,0.01081
2137.00000,178.00000,2025.25559,5.73375,15.79665,22.93082,18.05031,0.57285,0.08386,0.00629
2138.00000,300.00000,2014.34064,6.80064,14.64038,22.25641,14.74615,0.54359,0.04103,0.03397
2139.00000,112.00000,2006.41284,2.97938,18.34364,18.34364,21.54124,0.65120,0.04639,0.01203
2140.00000,220.00000,2012.39506,4.27673,17.05730,25.65758,15.80643,0.59259,0.16492,0.07687
2141.00000,119.00000,2003.23383,5.75175,15.75075,30.68569,24.23023,0.72122,0.16917,0.02402
2142.00000,145.00000,2007.09924,4.27133,17.17902,25.67133,23.42657,0.86853,0.00839,0.00839
2143.00000,147.00000,2008.94866,4.08562,17.21002,31.10582,18.67044,0.50000,0.15994,0.06058
2144.00000,300.00000,1998.49855,5.26969,16.27231,22.97375,14.87467,0.63451,0.15814,0.03740
2145.00000,105.00000,2001.86824,3.57563,17.62395,20.50630,15.14286,0.50000,0.18382,0.05567
2146.00000,107.00000,1993.03665,3.50621,17.78621,23.39724,12.80414,0.75034,0.05931,0.01517
2147.00000,300.00000,1994.53907,5.35038,16.09292,17.76044,15.99318,0.66709,0.09889,0.00682
2148.00000,69.00000,1986.96478,3.65604,17.55201,34.03188,16.79866,0.50000,0.14597,0.01678
2149.00000,131.00000,1985.95791,3.24358,17.95243,23.24548,15.64510,0.57231,0.14938,0.05423
2150.00000,300.00000,1987.65650,4.55777,16.76598,23.35073,12.81760,0.50000,0.15015,0.06628
2151.00000,300.00000,1991.84865,4.87855,16.59564,27.66545,19.89018,0.66800,0.08364,0.04145
2152.00000,107.00000,1990.89167,3.42244,18.12541,25.07426,15.25908,0.71782,0.07426,0.00825
2153.00000,300.00000,1983.39561,6.15294,15.14510,17.02902,18.12784,0.81412,0.10667,0.01098
2154.00000,131.00000,1975.26574,4.57516,16.83782,34.45016,13.35127,0.50000,0.14636,0.01741
2155.00000,176.00000,1965.51387,5.40264,15.98682,26.61054,13.90117,0.53807,0.12738,0.04685
2156.00000,300.00000,1969.95225,4.42453,16.98585,24.03066,21.11085,0.68829,0.17689,0.05346
2157.00000,300.00000,1974.37814,5.30442,16.07856,18.56956,15.74550,0.65548,0.07119,0.00491
2158.00000,300.00000,1962.72292,7.31728,14.13711,24.32748,12.13938,0.53909,0.24929,0.02266
2159.00000,296.00000,1959.86337,6.93116,14.57091,27.79710,12.94928,0.50000,0.11853,0.04814
2160.00000,300.00000,1966.32582,7.69268,13.72211,22.15058,12.84736,0.53765,0.17180,0.05202
2161.00000,112.00000,1969.39080,3.76789,17.62321,18.97774,13.50715,0.73768,0.06518,0.02385
2162.00000,126.00000,1962.12825,3.85742,17.62679,28.03636,17.87464,0.50000,0.15215,0.10813
2163.00000,108.00000,1954.22550,4.54781,16.84139,28.34758,15.89426,0.76097,0.15073,0.01237
2164.00000,218.00000,1954.47895,4.80871,16.89734,29.76957,23.02659,0.73855,0.16987,0.01108
2165.00000,155.00000,1962.58344,4.32422,17.00943,27.54760,20.26202,0.60368,0.02922,0.00660
2166.00000,95.00000,1956.66756,4.67155,16.44811,28.49573,20.42979,0.51465,0.13797,0.00000
2167.00000,138.00000,1950.14291,4.48148,17.14667,24.70519,25.99259,0.75926,0.05481,0.01481
2168.00000,165.00000,1954.77936,4.00593,17.42370,29.56296,11.93333,0.50000,0.09481,0.09556
2169.00000,190.00000,1947.58935,5.25868,16.21405,25.14050,15.69835,0.61364,0.14876,0.01488
2170.00000,174.00000,1949.40054,4.40090,16.97438,30.71364,15.15750,0.50226,0.19668,0.06029
2171.00000,117.00000,1957.12842,5.09172,16.36291,42.13460,16.37787,0.50000,0.23629,0.05284
2172.00000,245.00000,1962.51605,5.38725,15.94333,28.65230,12.14699,0.50000,0.19540,0.02656
2173.00000,243.00000,1967.86435,3.62598,17.65601,24.10183,13.33486,0.51208,0.05809,0.00000
2174.00000,96.00000,1973.21494,3.59798,17.74747,35.83737,16.15556,0.50000,0.16566,0.00000
2175.00000,165.00000,1965.92665,3.89950,17.45944,26.97272,13.71931,0.50000,0.09548,0.05887
2176.00000,300.00000,1970.26900,5.74119,15.76141,29.67187,15.85557,0.50000,0.11496,0.01098
2177.00000,128.00000,1972.49699,3.72414,17.64097,25.76065,15.32049,0.50000,0.09533,0.01420
2178.00000,207.00000,1972.63776,4.89224,16.66810,26.70086,14.54569,0.50043,0.21724,0.03621
2179.00000,232.00000,1978.27740,5.26878,16.25847,22.32548,11.91458,0.50000,0.17010,0.03240
2180.00000,175.00000,1971.57390,4.62434,16.79894,27.90300,17.23810,0.57760,0.17108,0.04145
2181.00000,142.00000,1978.35070,4.51315,16.87126,27.40345,13.67996,0.50000,0.13055,0.06528
2182.00000,300.00000,1984.28408,6.25528,15.20899,27.18244,16.58543,0.65385,0.13683,0.04493
2183.00000,300.00000,1987.65554,6.51155,14.93444,25.29232,17.81032,0.53976,0.07415,0.01397
2184.00000,151.00000,1979.06015,5.09689,16.36009,38.62328,21.13087,0.50000,0.10484,0.00506
2185.00000,223.00000,1983.32474,4.24171,17.17694,24.11769,15.01422,0.61967,0.13428,0.01264
2186.00000,245.00000,1984.09125,4.74682,16.62827,28.27127,14.93570,0.55526,0.14534,0.02880
2187.00000,300.00000,1990.26284,5.91582,15.54847,22.14286,11.58878,0.50000,0.11990,0.01480
2188.00000,125.00000,1995.61575,4.54474,16.90263,34.53246,13.94211,0.50000,0.13070,0.02719
2189.00000,300.00000,2001.82686,4.93551,16.50482,25.57302,14.92291,0.64937,0.09266,0.01038
2190.00000,207.00000,2004.75681,4.69217,16.60656,24.70036,20.56375,0.69627,0.12295,0.00546
2191.00000,159.00000,1996.52717,3.76548,17.54188,32.65477,16.11362,0.50000,0.08449,0.02185
2192.00000,207.00000,2003.55466,4.05491,17.31632,24.07579,18.49497,0.67788,0.06574,0.03635
2193.00000,216.00000,2006.27725,3.55112,17.77788,23.18030,12.91450,0.66125,0.15799,0.02974
2194.00000,188.00000,1998.36085,4.24362,17.10131,30.94122,19.63341,0.50039,0.11756,0.00773
2195.00000,148.00000,1989.31845,3.62018,17.77735,32.95686,11.73960,0.50000,0.06549,0.02696
2196.00000,144.00000,1978.43744,5.13995,16.49424,33.39947,9.79451,0.50000,0.17449,0.00177
2197.00000,216.00000,1984.58990,3.82961,17.54818,31.61132,15.16658,0.50000,0.14643,0.02069
2198.00000,220.00000,1988.09824,7.29401,14.12971,30.16986,16.19209,0.50000,0.26374,0.01915
2199.00000,159.00000,1993.72060,3.70403,17.69451,31.75678,11.22491,0.50000,0.11429,0.01245
2200.00000,172.00000,1995.66719,4.86724,16.34343,15.99278,19.04040,0.67316,0.17316,0.00000
2201.00000,154.00000,1999.60294,4.84251,16.51651,25.40644,13.80356,0.51058,0.14818,0.06689
2202.00000,131.00000,2001.48342,4.39348,17.09130,28.77609,19.15109,0.59511,0.15543,0.07609
2203.00000,175.00000,2006.08227,4.34223,17.07692,28.24725,16.58085,0.53454,0.10911,0.02747
2204.00000,201.00000,2007.45960,4.72402,16.65801,27.11517,13.80969,0.70084,0.14466,0.03301
2205.00000,100.00000,2013.33909,4.46122,16.96814,30.78670,19.39474,0.57964,0.05402,0.00277
2206.00000,267.00000,2020.38676,4.70051,16.72183,24.15736,22.17360,0.84010,0.11878,0.04569
2207.00000,300.00000,2011.32925,5.46494,15.84945,13.78376,18.84502,0.85830,0.09151,0.01771
2208.00000,300.00000,2001.30135,4.73905,16.58095,21.95048,12.43810,0.56571,0.08889,0.00127
2209.00000,102.00000,1992.59566,5.36211,16.01684,34.71368,17.95895,0.52105,0.23474,0.03474
2210.00000,148.00000,1998.10659,4.77243,16.49953,26.60718,10.80359,0.53399,0.18886,0.06988
2211.00000,185.00000,2004.12438,4.30959,17.01058,27.95063,11.69817,0.50212,0.14669,0.06206
2212.00000,146.00000,2011.01764,4.29819,17.11820,40.83479,14.38348,0.50000,0.12357,0.03559
2213.00000,177.00000,2016.07559,4.59130,16.76377,29.96159,17.10725,0.57174,0.07101,0.02319
2214.00000,147.00000,2017.50729,4.06931,17.26713,28.07710,10.64019,0.50000,0.12150,0.03583
2215.00000,109.00000,2024.01280,3.34821,17.84056,26.14923,17.10969,0.56059,0.08163,0.04464
2216.00000,212.00000,2030.01648,5.46598,15.96154,25.71524,13.10799,0.50000,0.08950,0.03476
2217.00000,193.00000,2034.44210,4.55124,16.85286,28.47145,20.74012,0.70754,0.06808,0.01025
2218.00000,95.00000,2040.56006,2.68005,18.39523,23.43287,13.30991,0.50000,0.11041,0.09159
2219.00000,123.00000,2046.42885,3.40400,17.69200,21.88800,11.72000,0.50000,0.12667,0.03467
2220.00000,151.00000,2049.36838,3.18619,18.04809,21.28360,15.47472,0.57028,0.08755,0.00863
2221.00000,300.00000,2050.92990,4.69231,16.70909,22.12238,10.57762,0.50000,0.08951,0.03846
2222.00000,165.00000,2039.39140,3.10318,18.14841,25.34629,17.08057,0.50000,0.11449,0.03322
2223.00000,103.00000,2038.20176,3.28687,17.89445,26.76184,19.58051,0.50000,0.13396,0.07307
2224.00000,146.00000,2041.86035,4.53349,16.88943,31.94350,17.87732,0.71267,0.12026,0.01372
2225.00000,300.00000,2042.37601,5.85925,15.40478,28.56946,16.35695,0.50000,0.10120,0.01288
2226.00000,161.00000,2048.28496,3.65578,17.59347,27.72112,17.52964,0.50000,0.17249,0.08891
2227.00000,284.00000,2055.31489,4.79290,16.64927,28.81226,15.05218,0.50000,0.08714,0.01237
2228.00000,229.00000,2056.31094,4.17647,17.17513,22.79011,16.42179,0.68282,0.15307,0.02473
2229.00000,300.00000,2061.99615,5.17751,16.33678,22.82371,16.32888,0.50000,0.04195,0.00729
2230.00000,129.00000,2066.40179,2.20052,18.94420,25.93984,14.27289,0.50000,0.10375,0.04359
2231.00000,300.00000,2070.13249,4.42289,16.98916,20.64157,15.87169,0.61928,0.07229,0.05000
2232.00000,173.00000,2073.49149,5.67800,15.84400,33.70400,26.16500,0.62100,0.09100,0.00000
2233.00000,120.00000,2075.93827,3.52980,17.78477,21.50828,19.95530,0.70613,0.06126,0.00331
2234.00000,174.00000,2066.51773,4.18892,17.20246,33.77969,11.63877,0.50000,0.25908,0.03138
2235.00000,300.00000,2057.46377,4.61484,16.86977,22.46803,14.03078,0.50000,0.06867,0.01894
2236.00000,300.00000,2058.71738,5.48043,15.80326,23.97174,13.45598,0.50000,0.05489,0.01685
2237.00000,127.00000,2054.92461,3.58664,17.56367,29.86743,13.01775,0.50000,0.09290,0.07411
2238.00000,235.00000,2058.89015,4.72500,16.70625,25.44219,19.11875,0.70234,0.04922,0.00156
2239.00000,163.00000,2061.71135,4.02707,17.16783,29.00387,14.39907,0.50000,0.20263,0.08121
2240.00000,300.00000,2051.88909,5.00084,16.44305,21.83501,15.31072,0.74581,0.10972,0.00838
2241.00000,154.00000,2056.71341,2.85043,18.37391,23.18435,15.23826,0.50000,0.11652,0.14783
2242.00000,282.00000,2045.02948,4.56682,16.66555,27.92881,15.08193,0.50034,0.11148,0.00269
2243.00000,79.00000,2048.14819,5.47215,16.30253,42.60127,14.60000,0.50000,0.27468,0.03797
2244.00000,151.00000,2039.91276,3.04082,18.23548,24.90502,10.55965,0.50000,0.06515,0.01727
2245.00000,300.00000,2040.43137,4.38427,16.97428,19.17700,20.32148,0.71710,0.07640,0.05144
2246.00000,300.00000,2042.10867,4.21128,17.17951,21.15886,21.28594,0.69460,0.10246,0.03574
2247.00000,300.00000,2029.00504,6.49708,15.02573,24.51345,17.09942,0.53392,0.10702,0.03216
2248.00000,200.00000,2020.19903,4.65885,16.65582,28.39486,17.07564,0.50265,0.08926,0.00605
2249.00000,184.00000,2026.92438,4.27785,17.02815,25.01102,25.99021,0.63280,0.08201,0.01102
2250.00000,244.00000,2031.16706,4.57900,16.64263,27.84252,15.73754,0.50000,0.14369,0.04348
2251.00000,203.00000,2022.04561,4.43466,16.93605,22.53105,18.98981,0.64133,0.09082,0.02317
2252.00000,150.00000,2024.57009,4.07039,17.31068,23.93447,22.64078,0.77063,0.05218,0.05340
2253.00000,142.00000,2014.62446,4.68887,16.75249,29.74851,23.30318,0.53628,0.05666,0.02286
2254.00000,300.00000,2005.49091,5.48129,15.77843,21.52751,20.61702,0.61445,0.18855,0.08804
2255.00000,150.00000,1996.10446,3.51700,17.68547,30.37172,11.17079,0.50000,0.11437,0.02087
2256.00000,300.00000,1984.96228,5.19902,16.33404,22.73066,20.38608,0.76512,0.11814,0.01828
2257.00000,78.00000,1987.39995,3.64000,17.58667,29.44133,14.83067,0.50000,0.18267,0.02533
2258.00000,163.00000,1976.64558,4.26457,17.07745,30.00230,11.85199,0.50000,0.11887,0.03758
2259.00000,300.00000,1983.68187,4.78994,16.54717,21.12516,13.96855,0.50000,0.09308,0.06730
2260.00000,300.00000,1992.08747,4.40379,16.90641,26.96793,16.65773,0.50368,0.06257,0.02629
2261.00000,148.00000,1988.81799,3.38017,17.82748,28.22404,15.57221,0.50000,0.13193,0.03747
2262.00000,264.00000,1989.19917,6.24878,15.27642,24.62439,14.40732,0.60041,0.14959,0.00325
2263.00000,228.00000,1992.41934,4.79439,16.58477,29.92440,13.18385,0.50000,0.10424,0.02405
2264.00000,300.00000,1998.66584,5.98141,15.50863,22.37450,14.45551,0.50896,0.08499,0.04117
2265.00000,130.00000,2005.70683,3.52763,17.87278,29.66006,12.27633,0.50000,0.12409,0.03337
2266.00000,300.00000,2012.06423,6.11301,15.19185,19.32852,13.90473,0.53252,0.11038,0.02365
2267.00000,124.00000,2015.16846,4.27764,17.21995,36.09135,19.14784,0.51082,0.08293,0.01683
2268.00000,204.00000,2020.02285,3.46667,17.81449,23.94855,15.91739,0.50000,0.15652,0.07609
2269.00000,300.00000,2011.03755,5.70793,15.75402,26.41586,17.56806,0.50857,0.09486,0.00750
2270.00000,300.00000,2011.52894,6.31069,15.15925,14.64012,20.01171,0.62178,0.05152,0.02888
2271.00000,92.00000,2015.62781,4.34239,16.91576,35.12636,16.34375,0.50000,0.25272,0.10870
2272.00000,300.00000,2014.46188,5.85977,15.60720,21.56461,15.93686,0.62518,0.10573,0.00587
2273.00000,300.00000,2018.83690,5.65464,15.86813,27.15494,16.81549,0.50000,0.04731,0.02129
2274.00000,159.00000,2025.98234,4.61964,16.65924,28.91914,14.33416,0.50289,0.19802,0.02145
2275.00000,299.00000,2029.96519,4.47496,16.92746,23.61399,18.51554,0.68566,0.10794,0.01641
2276.00000,165.00000,2033.24363,4.65307,16.73463,40.10829,18.24265,0.50000,0.08489,0.01471
2277.00000,205.00000,2023.82955,5.06437,16.48108,34.32976,13.32524,0.50000,0.17391,0.00339
2278.00000,300.00000,2028.13054,4.86095,16.57166,26.50986,16.65210,0.52131,0.11082,0.07778
2279.00000,144.00000,2030.32933,4.74642,16.60075,36.05736,13.54792,0.50000,0.14717,0.04981
2280.00000,300.00000,2035.86793,5.96062,15.36677,19.31938,18.10400,0.65785,0.06338,0.01415
2281.00000,176.00000,2041.47153,3.90297,17.48516,28.66763,15.92107,0.50543,0.12889,0.03983
2282.00000,300.00000,2047.62615,5.60573,15.83888,24.63129,16.73509,0.68474,0.08443,0.02479
2283.00000,300.00000,2050.61905,6.07597,15.45959,28.50377,15.03610,0.50000,0.05819,0.01131
2284.00000,300.00000,2042.15748,5.20182,16.08450,20.86313,18.62291,0.61313,0.09148,0.01676
2285.00000,194.00000,2047.14690,4.36794,16.97450,23.04918,13.78689,0.50000,0.10109,0.04645
2286.00000,77.00000,2052.41777,3.00302,18.06042,29.25529,18.08157,0.50000,0.07704,0.04079
2287.00000,129.00000,2053.01288,3.07598,18.08492,26.75754,12.53520,0.50000,0.15978,0.07039
2288.00000,160.00000,2056.49644,3.85130,17.45204,33.81413,12.33829,0.50000,0.18216,0.03494
2289.00000,101.00000,2060.09470,2.87239,18.28712,23.31166,11.07730,0.50000,0.12761,0.04785
2290.00000,300.00000,2060.61414,4.36261,16.95275,24.36672,19.01489,0.58911,0.05444,0.00103
2291.00000,159.00000,2062.10615,2.58067,18.57428,26.28435,15.55831,0.50000,0.16693,0.11661
2292.00000,208.00000,2054.57803,5.15825,16.24038,23.17023,14.34987,0.78443,0.07442,0.00513
2293.00000,204.00000,2058.41305,3.68905,17.61955,17.81037,20.14723,0.60012,0.06832,0.02120
2294.00000,127.00000,2063.36498,3.13459,18.08138,31.35290,15.43584,0.50000,0.14397,0.06182
2295.00000,95.00000,2065.18813,2.92297,18.13919,24.34324,17.37703,0.56959,0.16216,0.02703
2296.00000,189.00000,2066.19041,3.98431,17.46013,34.03987,16.37974,0.50000,0.08170,0.02876
2297.00000,191.00000,2070.97140,5.44467,16.09336,32.53181,11.13140,0.50000,0.14869,0.01107
2298.00000,96.00000,2075.76050,3.08602,18.08333,26.31048,16.82124,0.62164,0.00000,0.00000
2299.00000,270.00000,2080.59530,5.39179,16.04718,29.38872,18.43282,0.50308,0.10359,0.01026
2300.00000,206.00000,2071.86183,5.02397,16.44041,32.15479,19.70479,0.51712,0.07808,0.00068
2301.00000,300.00000,2073.93536,6.31679,15.13460,27.95343,13.59621,0.50000,0.13050,0.00102
2302.00000,243.00000,2063.23401,3.98155,17.29412,27.57785,21.54383,0.60208,0.05133,0.01672
2303.00000,181.00000,2065.36393,4.52470,16.76680,23.02834,14.17166,0.54413,0.15547,0.07611
2304.00000,300.00000,2069.41558,4.39280,16.89689,18.71358,18.63421,0.73445,0.06137,0.01227
2305.00000,290.00000,2074.06746,4.37688,16.89447,29.00685,11.32252,0.50000,0.08680,0.00959
2306.00000,162.00000,2064.15786,3.08689,18.33204,27.44996,11.93638,0.50000,0.09853,0.07991
2307.00000,90.00000,2067.34017,3.95747,17.28161,38.90690,15.81609,0.50000,0.13563,0.02759
2308.00000,300.00000,2070.71148,4.92788,16.30716,19.93910,14.04594,0.52965,0.10951,0.02938
2309.00000,200.00000,2074.22537,4.15946,17.09836,24.17362,12.86364,0.50000,0.11475,0.02608
2310.00000,152.00000,2076.34007,4.25410,17.03204,27.76304,16.67660,0.50000,0.11699,0.02459
2311.00000,175.00000,2078.77572,4.40364,17.09875,22.90796,15.10547,0.50288,0.14957,0.02493
2312.00000,300.00000,2085.66476,5.63704,15.73148,18.96019,20.23056,0.79352,0.05741,0.00370
2313.00000,128.00000,2086.54974,4.58879,16.79487,31.64672,13.07977,0.57740,0.28395,0.02754
2314.00000,300.00000,2077.34372,5.69599,15.77745,23.45632,18.17296,0.50000,0.13223,0.02420
2315.00000,159.00000,2083.88421,5.43992,16.15799,32.36897,25.82498,0.73273,0.06717,0.01230
2316.00000,262.00000,2081.66537,4.33107,17.10282,26.01977,18.86667,0.51299,0.06667,0.01186
2317.00000,169.00000,2070.32222,4.17043,17.13619,26.13307,13.74786,0.50000,0.08327,0.05759
2318.00000,300.00000,2074.41780,5.85714,15.55219,21.31895,13.80058,0.50000,0.05598,0.03265
2319.00000,155.00000,2077.52618,3.42024,17.76390,27.58250,13.31541,0.50000,0.10483,0.06837
2320.00000,146.00000,2079.87541,4.62836,16.95218,33.92114,11.95302,0.50000,0.05537,0.02013
2321.00000,300.00000,2085.35513,4.96776,16.47410,24.01797,14.17706,0.50529,0.07082,0.04175
2322.00000,115.00000,2087.86834,3.99890,17.37870,29.45115,11.82547,0.55708,0.13502,0.05379
2323.00000,186.00000,2091.07082,5.80119,15.64392,37.85831,20.53412,0.50000,0.11944,0.00445
2324.00000,70.00000,2095.25007,3.71884,17.53623,32.25217,12.07826,0.50000,0.30870,0.00000
2325.00000,109.00000,2100.02642,4.06619,17.21277,27.44090,16.01655,0.55556,0.18085,0.02837
2326.00000,110.00000,2101.77640,4.77033,16.59011,35.22967,24.95934,0.71538,0.12308,0.00000
2327.00000,193.00000,2102.33350,4.39399,17.08462,19.25114,13.75796,0.65514,0.10191,0.00728
2328.00000,300.00000,2105.01131,4.79100,16.85952,21.97370,19.39239,0.63391,0.07889,0.03529
2329.00000,100.00000,2107.92971,3.35873,17.83118,31.52169,16.72098,0.50000,0.13130,0.05744
2330.00000,141.00000,2104.82747,3.90458,17.40392,23.48105,21.13464,0.60065,0.09020,0.07059
2331.00000,162.00000,2107.17281,3.42254,17.96056,23.36901,20.70798,0.57934,0.10047,0.02535
2332.00000,163.00000,2097.63026,3.92838,17.50405,31.03514,11.36014,0.50000,0.12365,0.06554
2333.00000,265.00000,2101.11526,4.13938,17.36555,30.43787,23.46811,0.58284,0.01512,0.01381
2334.00000,300.00000,2102.88235,4.41435,16.86594,18.32160,16.15775,0.64455,0.11104,0.05958
2335.00000,216.00000,2093.56165,5.10027,16.29011,30.73529,15.57955,0.61397,0.12901,0.02941
2336.00000,248.00000,2090.42987,6.32920,15.10265,28.29322,12.10265,0.50000,0.16991,0.03717
2337.00000,180.00000,2092.19571,4.46517,16.92961,31.13425,11.14586,0.50000,0.15747,0.00000
2338.00000,145.00000,2092.86053,4.36045,17.06935,33.12414,15.21233,0.50000,0.15154,0.07021
2339.00000,130.00000,2097.10650,3.78422,17.36763,32.67433,17.59341,0.50000,0.18681,0.03696
2340.00000,137.00000,2102.47402,4.59953,16.75488,39.61749,14.85870,0.50000,0.28181,0.10304
2341.00000,194.00000,2106.55858,4.37224,17.05924,22.47392,14.57118,0.55703,0.14500,0.03448
2342.00000,256.00000,2106.93772,5.16323,16.29553,22.41409,20.77234,0.68857,0.08849,0.01203
2343.00000,161.00000,2097.29559,4.03286,17.25864,29.13058,15.85088,0.54718,0.12974,0.06150
2344.00000,146.00000,2102.38660,3.36905,17.79762,25.54212,14.91667,0.59432,0.06319,0.03846
2345.00000,135.00000,2107.19688,4.00971,17.33657,36.88673,13.94175,0.50000,0.08900,0.02427
2346.00000,105.00000,2111.51436,2.68096,18.56873,24.62673,15.81463,0.50000,0.15763,0.23329
2347.00000,136.00000,2112.64156,4.31194,17.05331,29.15499,19.69595,0.50000,0.14610,0.00888
2348.00000,171.00000,2115.67744,4.03843,17.31771,28.79194,22.71415,0.65558,0.06373,0.03187
2349.00000,126.00000,2117.65612,3.76492,17.42124,24.90692,12.20764,0.52446,0.06921,0.02983
2350.00000,161.00000,2119.26349,3.18603,18.05852,24.05677,17.27249,0.50262,0.10830,0.04803
2351.00000,158.00000,2107.58972,3.28514,18.09302,21.99798,14.35996,0.62235,0.06876,0.07988
2352.00000,218.00000,2110.74491,4.20337,17.24123,29.27349,20.44741,0.50316,0.03927,0.02665
2353.00000,300.00000,2114.11954,3.96848,17.31030,27.21455,13.71152,0.50455,0.07939,0.02424
2354.00000,230.00000,2103.60864,5.34138,16.17773,27.64856,21.18913,0.60262,0.05768,0.00067
2355.00000,154.00000,2098.67916,4.93638,16.62259,40.31523,14.99714,0.50000,0.16226,0.04932
2356.00000,244.00000,2104.44310,3.38996,17.80645,22.98925,13.03728,0.55233,0.06523,0.04086
2357.00000,91.00000,2106.06952,5.06607,16.23628,39.76148,20.23180,0.50000,0.13774,0.01792
2358.00000,152.00000,2110.01889,4.31546,17.01340,27.54692,16.58713,0.56836,0.08400,0.00894
2359.00000,300.00000,2112.79451,4.26630,17.08618,19.95730,18.84783,0.76436,0.09394,0.03416
2360.00000,300.00000,2116.73160,4.69236,16.66599,18.61799,11.73563,0.50000,0.07235,0.01487
2361.00000,300.00000,2106.38414,6.22239,15.19990,28.51074,17.08742,0.50000,0.06748,0.01227
2362.00000,154.00000,2109.14984,3.85806,17.49954,27.81843,11.69493,0.50000,0.15945,0.04147
2363.00000,200.00000,2113.35150,4.27616,17.17388,32.38946,13.42172,0.61841,0.13061,0.00472
2364.00000,219.00000,2118.55399,4.54763,16.95331,30.60126,20.86120,0.55426,0.07319,0.02145
2365.00000,230.00000,2122.25245,5.24654,16.22992,25.88920,22.46814,0.55171,0.16990,0.05078
2366.00000,300.00000,2125.71300,3.46953,17.74922,18.59297,13.19219,0.53164,0.06328,0.05156
2367.00000,227.00000,2126.85294,4.28571,17.05599,26.91170,20.52405,0.60158,0.09691,0.00861
2368.00000,273.00000,2123.23591,3.62478,17.64425,16.98053,14.72920,0.66195,0.10177,0.03540
2369.00000,93.00000,2111.13848,3.10496,18.17872,24.68511,14.59433,0.50000,0.17163,0.05957
2370.00000,228.00000,2103.49232,4.89273,16.69607,28.42431,15.52265,0.55036,0.08164,0.00358
2371.00000,175.00000,2105.44961,4.25887,16.98759,22.85195,21.25443,0.61215,0.09043,0.01596
2372.00000,175.00000,2109.57529,4.26305,17.19394,30.99647,13.04725,0.50000,0.10931,0.04161
2373.00000,267.00000,2112.45679,4.16613,17.21313,19.00162,19.53971,0.80105,0.10049,0.04538
2374.00000,243.00000,2114.96537,4.32149,17.00955,30.33369,16.69973,0.50000,0.11034,0.04138
2375.00000,175.00000,2105.96057,4.38555,16.97890,35.09527,16.76343,0.50000,0.12084,0.00895
2376.00000,79.00000,2107.87420,4.27822,17.03937,35.05643,11.58399,0.50000,0.21522,0.03412
2377.00000,218.00000,2111.49821,4.39325,16.79604,28.16654,17.97359,0.61922,0.12032,0.01908
2378.00000,300.00000,2117.17604,5.42170,16.03089,25.88721,21.59339,0.61853,0.04239,0.03305
2379.00000,129.00000,2118.96722,4.16812,17.27787,35.85017,14.61934,0.50000,0.15070,0.02787
2380.00000,130.00000,2109.05679,4.95284,16.62968,31.23024,24.72954,0.64008,0.03606,0.00000
2381.00000,300.00000,2114.03024,5.66023,16.00644,25.34049,19.89914,0.65451,0.08941,0.00930
2382.00000,156.00000,2103.75455,4.62111,16.82242,34.93208,22.20213,0.54051,0.10065,0.05565
2383.00000,102.00000,2102.31312,3.76824,17.62017,32.21567,18.71137,0.50000,0.14700,0.08584
2384.00000,192.00000,2103.40725,6.05768,15.61716,38.47441,24.15789,0.51947,0.11752,0.00649
2385.00000,125.00000,2103.80999,4.41488,16.95907,37.04465,19.66791,0.51256,0.11256,0.03256
2386.00000,121.00000,2093.37743,3.47671,17.83836,27.73699,19.05890,0.55411,0.12192,0.04521
2387.00000,210.00000,2082.37178,4.25833,17.04643,19.45238,22.77143,0.72500,0.04643,0.00833
2388.00000,171.00000,2070.51810,5.43819,16.47509,30.82380,21.38469,0.72648,0.08118,0.00646
2389.00000,264.00000,2060.87022,4.18015,17.27292,22.01294,20.15426,0.57012,0.04962,0.03668
2390.00000,105.00000,2051.22787,2.77930,18.38332,31.52904,16.04329,0.50000,0.11088,0.03485
2391.00000,227.00000,2039.95009,4.17842,17.24299,29.63212,25.16737,0.68734,0.10790,0.00595
2392.00000,300.00000,2043.04022,5.91364,15.59869,24.83382,23.60087,0.70827,0.07402,0.00871
2393.00000,177.00000,2036.96234,3.80015,17.47380,28.49476,19.09656,0.55165,0.07485,0.00674
2394.00000,300.00000,2027.35936,4.28475,16.96861,25.96132,16.54148,0.56642,0.03868,0.03139
2395.00000,120.00000,2034.58204,4.72531,16.78086,35.98663,18.97119,0.50000,0.17387,0.02778
2396.00000,300.00000,2041.05537,5.21469,16.25451,25.31301,19.55943,0.65650,0.05538,0.01182
2397.00000,300.00000,2041.24620,5.00358,16.63682,23.96347,16.87321,0.77579,0.10029,0.00430
2398.00000,184.00000,2032.93918,3.89882,17.50329,15.86728,17.35085,0.65440,0.07227,0.01051
2399.00000,172.00000,2024.35446,4.31264,16.98621,28.66207,18.81533,0.51341,0.11034,0.01916
2400.00000,166.00000,2013.07830,3.87787,17.44619,24.56227,15.89480,0.61790,0.21282,0.06046
2401.00000,186.00000,2020.08266,4.36790,17.05760,27.21352,15.66052,0.52650,0.12366,0.01152
2402.00000,104.00000,2014.58546,3.67434,17.58662,27.47478,15.24561,0.50000,0.15461,0.03399
2403.00000,110.00000,2021.41357,3.84527,17.58835,37.83954,11.66953,0.50000,0.25692,0.02197
2404.00000,186.00000,2024.72038,4.22681,17.09173,24.46069,21.00000,0.63508,0.10786,0.06048
2405.00000,85.00000,2031.11205,4.09332,17.16141,26.72257,18.93569,0.50000,0.11097,0.03279
2406.00000,108.00000,2023.18137,4.42421,17.02067,36.64469,14.65748,0.50000,0.26870,0.01673
2407.00000,202.00000,2026.53758,5.42123,15.92419,29.82663,13.20699,0.50000,0.15162,0.00527
2408.00000,176.00000,2031.22766,4.22222,17.17384,27.18280,13.53226,0.50000,0.10573,0.03315
2409.00000,300.00000,2035.71901,5.75118,15.77353,28.24412,19.52529,0.60853,0.05882,0.02294
2410.00000,136.00000,2042.33367,4.68224,16.82451,30.63136,18.92939,0.50000,0.20145,0.09865
2411.00000,300.00000,2031.17443,6.37515,15.03181,20.47239,15.69868,0.53421,0.04562,0.03301
2412.00000,186.00000,2032.35450,4.16699,17.06660,21.13610,21.58494,0.56178,0.15154,0.03861
2413.00000,176.00000,2037.89996,3.81756,17.45171,22.52780,18.15707,0.68488,0.08195,0.03122
2414.00000,144.00000,2046.43612,3.53684,17.76053,24.29737,24.82368,0.74737,0.00395,0.00132
2415.00000,300.00000,2040.53265,4.03096,17.33222,20.00753,18.70628,0.81464,0.07197,0.03013
2416.00000,146.00000,2032.58000,3.31651,17.87449,17.50477,16.48158,0.59345,0.03411,0.03547
2417.00000,300.00000,2027.06707,5.67065,15.65379,19.49087,14.42978,0.50000,0.06461,0.00632
2418.00000,154.00000,2021.48497,3.75100,17.57671,32.86104,15.50683,0.50000,0.07631,0.04257
2419.00000,138.00000,2027.05561,4.91944,16.50788,36.95534,13.50876,0.52758,0.11471,0.01576
2420.00000,189.00000,2028.77955,3.99824,17.31894,26.83084,15.81322,0.63084,0.10925,0.00529
2421.00000,300.00000,2034.09982,4.67222,16.65907,15.65732,19.43996,0.74671,0.12358,0.02717
2422.00000,300.00000,2041.23102,5.83240,15.74078,24.92570,12.61285,0.51816,0.08994,0.02458
2423.00000,155.00000,2039.36498,4.22211,17.20737,26.11368,16.35263,0.75632,0.13053,0.02947
2424.00000,149.00000,2046.24054,3.66316,17.51789,25.59579,25.44316,0.60211,0.14737,0.05789
2425.00000,134.00000,2051.25133,4.69122,16.75067,32.85093,13.51287,0.55191,0.25643,0.07187
2426.00000,300.00000,2040.17128,6.56567,15.03503,23.90718,22.78021,0.77320,0.04991,0.04378
2427.00000,213.00000,2047.14023,4.50251,16.85368,23.56355,18.02174,0.82776,0.13545,0.00000
2428.00000,151.00000,2039.89543,3.00393,18.14720,23.76742,15.40137,0.55250,0.05005,0.03631
2429.00000,300.00000,2032.44202,4.70628,16.66695,16.84351,18.81423,0.73766,0.06527,0.00921
2430.00000,300.00000,2024.56028,4.67747,16.64212,18.83505,16.44330,0.66127,0.07806,0.02798
2431.00000,300.00000,2021.47983,6.57976,14.97890,21.49597,19.33147,0.58349,0.08814,0.00683
2432.00000,300.00000,2021.33855,6.42121,15.04745,23.04921,16.94728,0.53808,0.10721,0.01172
2433.00000,106.00000,2020.13683,3.76906,17.54494,33.16268,17.91013,0.50000,0.07053,0.04323
2434.00000,118.00000,2025.68704,4.78400,16.57600,27.33600,17.49600,0.58133,0.12933,0.03200
2435.00000,151.00000,2028.87403,4.38352,16.95549,32.77273,14.88352,0.59517,0.05682,0.01610
2436.00000,161.00000,2019.87677,3.44420,17.88620,28.25551,17.38399,0.50000,0.13069,0.07856
2437.00000,133.00000,2012.45406,5.36194,16.18219,36.68664,13.07045,0.50000,0.17085,0.01862
2438.00000,300.00000,2019.51440,4.76093,16.73996,25.86040,15.54404,0.53146,0.11264,0.01917
2439.00000,184.00000,2023.48942,3.97488,17.42847,33.52268,15.56525,0.50000,0.09281,0.10188
2440.00000,187.00000,2029.49209,3.75988,17.52562,23.16545,12.94802,0.60835,0.08785,0.05564
2441.00000,105.00000,2029.69367,4.64791,16.69328,21.84392,28.35209,0.79310,0.01452,0.00000
2442.00000,208.00000,2035.21924,4.00595,17.21561,25.27658,13.90037,0.50000,0.08030,0.03346
2443.00000,229.00000,2026.65556,4.17706,17.20532,23.57357,18.27348,0.66334,0.08229,0.03159
2444.00000,253.00000,2029.87348,5.25533,16.04770,25.73681,8.69248,0.67031,0.15713,0.00000
2445.00000,194.00000,2036.44867,5.32773,16.22560,32.59082,15.65999,0.65126,0.23465,0.01228
2446.00000,118.00000,2040.86065,3.66119,17.78850,28.73922,13.01335,0.50000,0.13347,0.04928
2447.00000,254.00000,2047.12032,4.78149,16.61146,29.35013,17.36965,0.54125,0.06990,0.02141
2448.00000,300.00000,2050.23892,5.12457,16.45952,24.96471,18.87197,0.54913,0.09204,0.02491
2449.00000,300.00000,2038.21527,5.15062,16.36809,16.77273,18.99911,0.69073,0.07130,0.01604
2450.00000,145.00000,2036.44776,4.56421,16.85714,28.75325,22.63348,0.80808,0.03463,0.01299
2451.00000,172.00000,2028.89716,3.45365,17.90185,22.85496,18.80698,0.65594,0.08833,0.05016
2452.00000,77.00000,2021.61410,3.52668,17.82353,33.73187,12.81122,0.50000,0.25445,0.05062
2453.00000,108.00000,2028.44851,3.84099,17.51064,32.03471,12.75028,0.55543,0.36170,0.04367
2454.00000,186.00000,2033.85769,4.05328,17.24190,27.66379,13.72210,0.50000,0.17063,0.06839
2455.00000,114.00000,2040.16114,5.89812,15.77298,31.32669,14.05316,0.50000,0.09856,0.00111
2456.00000,118.00000,2045.49454,4.69271,16.60729,29.52188,14.58437,0.50000,0.18958,0.10208
2457.00000,104.00000,2051.30687,4.25993,17.09386,30.15764,15.28279,0.54874,0.18652,0.00000
2458.00000,108.00000,2059.76240,3.65000,17.77955,31.85341,17.16705,0.50000,0.12159,0.06818
2459.00000,157.00000,2062.95837,4.86606,16.64404,28.34771,23.32294,0.64679,0.11376,0.03761
2460.00000,208.00000,2063.63668,3.88863,17.45084,31.37634,21.94393,0.53840,0.08679,0.03149
2461.00000,195.00000,2066.73836,5.06755,16.25844,25.82966,18.10793,0.50000,0.08737,0.02570
2462.00000,300.00000,2058.32234,5.58045,15.90226,25.39988,13.55244,0.50715,0.14720,0.02861
2463.00000,300.00000,2060.14276,4.86890,16.57151,28.40182,19.53916,0.51163,0.05675,0.02213
2464.00000,229.00000,2059.43985,4.71479,16.71622,29.44808,21.12304,0.73257,0.13585,0.01565
2465.00000,88.00000,2057.27607,3.41310,17.85390,31.10202,15.93073,0.50000,0.13980,0.04786
2466.00000,149.00000,2049.07366,4.27001,17.36675,30.22164,14.30167,0.50000,0.11434,0.01055
2467.00000,192.00000,2052.97830,3.68068,17.61250,23.87955,25.69205,0.72443,0.09432,0.07955
2468.00000,126.00000,2053.88112,4.86834,16.65615,26.54951,17.91948,0.75027,0.16322,0.04026
2469.00000,220.00000,2045.58521,4.60127,16.70380,29.06456,12.37215,0.50000,0.12342,0.05633
2470.00000,171.00000,2053.96180,4.23317,16.93338,31.86260,12.24566,0.50000,0.11450,0.04650
2471.00000,271.00000,2056.00850,4.74036,16.77035,19.79349,19.42416,0.72451,0.05484,0.00000
2472.00000,253.00000,2059.72096,4.79095,16.62715,26.75385,23.45701,0.70317,0.07783,0.05430
2473.00000,300.00000,2051.19122,5.19108,16.15491,17.87402,12.52502,0.50000,0.07233,0.03074
2474.00000,233.00000,2042.70244,5.01908,16.44478,26.81325,23.91767,0.81878,0.10944,0.01807
2475.00000,183.00000,2044.27164,3.15237,18.15718,25.97354,17.70329,0.58220,0.04411,0.01283
2476.00000,108.00000,2035.70078,3.66863,17.54127,29.37854,14.06722,0.57665,0.10142,0.03066
2477.00000,300.00000,2028.44595,5.56863,15.90000,15.16078,17.69608,0.88578,0.07353,0.04118
2478.00000,191.00000,2034.46880,4.20243,17.19869,21.50653,23.22295,0.79058,0.05784,0.00000
2479.00000,223.00000,2026.93193,5.97406,15.50817,27.98367,19.81652,0.50672,0.13545,0.03074
2480.00000,214.00000,2019.93332,4.73821,16.57895,26.50991,16.39645,0.50000,0.11415,0.01162
2481.00000,166.00000,2020.38944,5.79564,15.78928,36.55677,26.91371,0.72480,0.02997,0.00000
2482.00000,161.00000,2022.02444,4.02780,17.33884,31.54846,17.43276,0.50000,0.10218,0.06837
2483.00000,208.00000,2016.68424,3.84959,17.46217,21.81768,16.79581,0.52598,0.06837,0.03829
2484.00000,181.00000,2017.39133,4.72448,16.71378,27.15846,12.89436,0.50000,0.10136,0.02355
2485.00000,109.00000,2017.60738,4.15193,17.15193,27.03401,12.86395,0.50000,0.23356,0.04649
2486.00000,185.00000,2024.55164,3.94663,17.39577,23.60725,16.92447,0.56395,0.18328,0.08056
2487.00000,300.00000,2025.59602,5.80410,15.69654,19.65621,15.81178,0.52689,0.07170,0.01472
2488.00000,123.00000,2030.07133,4.26007,17.14690,27.05332,14.42982,0.50000,0.12731,0.00979
2489.00000,164.00000,2036.47432,3.29789,17.91263,23.81053,18.42105,0.69789,0.17263,0.12737
2490.00000,139.00000,2045.12016,3.54717,17.55818,23.71148,15.86085,0.50000,0.06289,0.04481
2491.00000,195.00000,2036.06232,5.36784,16.27203,25.30111,18.23097,0.74423,0.23952,0.02737
2492.00000,191.00000,2038.15434,3.87781,17.49560,21.21212,21.81036,0.83236,0.06843,0.03421
2493.00000,300.00000,2041.59254,6.86068,14.81269,20.10217,21.12152,0.80766,0.07508,0.02477
2494.00000,105.00000,2047.76652,3.98185,17.49798,32.42944,13.26008,0.50000,0.13407,0.02621
2495.00000,127.00000,2040.43580,4.89822,16.54644,28.76680,15.62747,0.71344,0.13043,0.01779
2496.00000,300.00000,2040.84095,4.29688,17.00529,24.35332,18.49148,0.50735,0.07349,0.04703
2497.00000,300.00000,2045.11308,6.11936,15.29125,27.22812,16.50928,0.50000,0.06366,0.01592
2498.00000,141.00000,2041.38721,3.34965,17.93881,27.04633,13.42395,0.50000,0.07430,0.03934
2499.00000,228.00000,2047.42842,4.44640,16.91405,22.90481,22.12292,0.84658,0.06470,0.01109
2500.00000,138.00000,2055.57754,3.59173,17.80879,19.91214,19.94057,0.95607,0.09561,0.04005
2501.00000,220.00000,2047.78302,4.82605,16.80588,23.76891,14.86471,0.60882,0.10504,0.00000
2502.00000,136.00000,2041.73855,3.90414,17.54135,36.48308,16.17481,0.50000,0.06203,0.01316
2503.00000,119.00000,2047.78077,4.51206,16.85304,29.24455,19.63031,0.52296,0.02411,0.00689
2504.00000,143.00000,2054.72679,3.59633,17.58308,24.32620,13.93884,0.57136,0.12436,0.05607
2505.00000,300.00000,2045.37835,6.67716,14.83686,25.02690,13.84888,0.52805,0.13165,0.01946
2506.00000,257.00000,2048.22867,4.07653,17.33333,27.22138,19.72865,0.71157,0.07906,0.02087
2507.00000,246.00000,2053.04046,3.99278,17.28881,23.29001,12.20698,0.50000,0.06859,0.01324
2508.00000,154.00000,2047.01528,3.59403,17.61277,35.24705,13.70160,0.50000,0.08189,0.01943
2509.00000,132.00000,2051.92441,3.48406,17.90856,30.36493,11.79195,0.50000,0.15101,0.00252
2510.00000,208.00000,2057.35037,4.34730,17.05866,24.58939,17.10521,0.68948,0.03724,0.01583
2511.00000,179.00000,2058.79200,3.68462,17.47885,17.10769,17.52692,0.68798,0.09712,0.02692
2512.00000,211.00000,2050.98399,3.79477,17.45070,24.46546,15.18243,0.50000,0.13615,0.03689
2513.00000,185.00000,2052.36490,3.33680,17.93769,28.08012,12.55415,0.50000,0.08086,0.00593
2514.00000,152.00000,2057.81985,3.66955,17.49827,26.26557,18.42301,0.58867,0.08391,0.02422
2515.00000,109.00000,2064.16121,2.08809,18.97064,16.21370,18.06852,0.53018,0.02773,0.00653
2516.00000,156.00000,2066.77286,4.03783,17.26635,25.43972,11.53270,0.50000,0.10717,0.02206
2517.00000,300.00000,2058.92246,4.59580,16.86089,21.58005,17.61942,0.73228,0.06430,0.01509
2518.00000,178.00000,2060.23730,3.17804,17.97923,26.79080,12.38353,0.50000,0.07047,0.00297
2519.00000,300.00000,2058.71910,4.60990,16.59659,20.33528,11.20649,0.50000,0.07504,0.03300
2520.00000,300.00000,2063.40923,5.85827,15.70377,25.01946,12.87409,0.50000,0.07482,0.01642
2521.00000,185.00000,2064.72604,3.19817,18.05148,25.55571,13.65938,0.50247,0.09238,0.05360
2522.00000,300.00000,2071.58799,4.31709,17.18111,28.89832,17.93863,0.63598,0.06799,0.00842
2523.00000,187.00000,2074.07713,4.12436,17.37536,37.93983,18.77650,0.50000,0.09341,0.02120
2524.00000,183.00000,2065.30669,4.44378,16.94153,30.93328,18.40630,0.50000,0.07571,0.01349
2525.00000,228.00000,2066.26817,3.92458,17.42577,28.46853,12.45665,0.50000,0.11639,0.01425
2526.00000,282.00000,2055.13907,4.37012,16.98953,14.37393,19.99429,0.78687,0.05994,0.00951
2527.00000,136.00000,2060.35895,2.97965,18.27012,26.75763,9.39500,0.50000,0.09898,0.07493
2528.00000,166.00000,2051.94851,6.05590,15.42525,42.57663,26.11872,0.50000,0.10804,0.00565
2529.00000,300.00000,2055.72019,5.21599,16.08409,12.97032,14.90519,0.60429,0.07667,0.03462
2530.00000,142.00000,2061.66955,2.90883,18.37524,24.40499,17.97313,0.51056,0.08445,0.01823
2531.00000,208.00000,2062.56485,5.16705,16.43402,31.37376,15.93211,0.50000,0.09840,0.04653
2532.00000,219.00000,2050.42253,4.11847,17.27764,30.87667,17.01397,0.50000,0.05043,0.04131
2533.00000,113.00000,2042.42034,4.10577,17.26683,26.63822,14.51202,0.60337,0.09135,0.03966
2534.00000,161.00000,2045.79703,3.47177,17.76643,22.42227,10.86156,0.50000,0.14153,0.02939
2535.00000,127.00000,2052.77840,4.54574,16.73817,29.55941,20.49211,0.50000,0.13565,0.06414
2536.00000,84.00000,2055.46258,3.41076,17.74147,31.92913,10.31890,0.50000,0.10630,0.04199
2537.00000,149.00000,2061.98959,4.47972,16.90283,35.64040,14.33588,0.50000,0.10406,0.03520
2538.00000,184.00000,2070.01452,5.12880,16.28880,31.31040,18.71200,0.57160,0.10960,0.00480
2539.00000,177.00000,2072.51351,4.18077,17.16077,27.52692,18.11154,0.76577,0.10077,0.04615
2540.00000,169.00000,2062.49832,3.97830,17.44379,26.66864,14.90335,0.54586,0.08974,0.02663
2541.00000,168.00000,2069.45673,5.16225,16.21520,28.50299,18.90094,0.50000,0.17763,0.01366
2542.00000,92.00000,2074.10410,5.38938,16.19216,38.89633,15.63464,0.50000,0.17952,0.02023
2543.00000,111.00000,2076.66991,3.32270,17.98874,21.51220,24.51032,0.70263,0.02064,0.00375
2544.00000,300.00000,2081.15227,5.44256,15.99900,16.99500,17.99001,0.84166,0.06693,0.02098
2545.00000,300.00000,2067.67800,5.63843,15.81336,21.14187,18.66391,0.65806,0.07851,0.02342
2546.00000,300.00000,2059.97407,4.83012,16.65181,26.24217,22.35602,0.72620,0.11024,0.00000
2547.00000,175.00000,2066.77640,4.00747,17.42241,29.55104,13.45560,0.55228,0.10954,0.01909
2548.00000,123.00000,2059.52693,4.29097,17.00334,39.19147,16.62793,0.50000,0.15635,0.02425
2549.00000,139.00000,2067.57768,4.10963,17.20799,26.29201,18.23873,0.60092,0.15164,0.05020
2550.00000,119.00000,2068.47441,3.99215,17.43485,21.77551,16.20251,0.90267,0.03768,0.00471
2551.00000,125.00000,2074.07606,4.94703,16.50411,35.81096,17.65205,0.50000,0.15708,0.05845
2552.00000,118.00000,2065.63893,2.85067,18.46339,29.35742,15.38150,0.50000,0.07803,0.02312
2553.00000,149.00000,2068.43537,4.43965,16.96388,31.26344,15.65286,0.50925,0.15683,0.03789
2554.00000,206.00000,2071.56264,5.26777,16.29463,25.99605,22.49289,0.72512,0.09400,0.02686
2555.00000,300.00000,2074.11469,4.66462,16.82587,22.18945,18.70938,0.75475,0.05028,0.01104
2556.00000,300.00000,2079.57409,6.62614,14.86797,26.34444,15.30915,0.56536,0.09477,0.01242
2557.00000,171.00000,2077.70290,5.55027,15.87951,31.67383,25.00921,0.57790,0.13431,0.09593
2558.00000,135.00000,2074.18953,5.31117,16.09663,36.54876,15.84752,0.50000,0.15248,0.02482
2559.00000,300.00000,2079.54133,4.20395,17.28299,23.41073,20.80734,0.76429,0.07622,0.01835
2560.00000,117.00000,2082.93443,3.22659,18.18228,28.38771,16.12387,0.50000,0.14199,0.08157
2561.00000,156.00000,2073.01733,5.00000,16.73545,35.64996,15.33898,0.50000,0.07001,0.01326
2562.00000,244.00000,2076.38205,5.36242,16.04195,23.27685,22.33725,0.83263,0.11409,0.00839
2563.00000,214.00000,2082.57249,4.53585,17.07325,26.67155,20.81342,0.65729,0.09406,0.02005
2564.00000,144.00000,2075.42009,5.15964,16.26220,33.54425,12.40281,0.50000,0.12655,0.06369
2565.00000,300.00000,2076.63377,4.91628,16.54446,23.33545,20.12644,0.72719,0.05370,0.02714
2566.00000,132.00000,2082.83269,4.91960,16.78681,36.95483,20.25384,0.50000,0.21680,0.00000
2567.00000,201.00000,2089.22328,4.27686,17.05510,26.63017,19.31405,0.50000,0.07507,0.00758
2568.00000,300.00000,2094.09333,5.55122,15.95795,24.68654,13.76300,0.60627,0.17813,0.03517
2569.00000,175.00000,2101.28902,4.64342,16.74377,33.92242,12.29110,0.50000,0.08470,0.00925
2570.00000,161.00000,2090.46107,4.65021,16.79727,26.77731,20.38235,0.84821,0.07353,0.01050
2571.00000,148.00000,2097.15312,4.61059,16.73529,26.17529,20.00353,0.65176,0.13529,0.04118
2572.00000,182.00000,2088.45085,4.61489,16.76440,34.82201,15.13722,0.50000,0.21424,0.02913
2573.00000,181.00000,2076.66203,4.54076,16.82274,32.93568,14.31040,0.50000,0.08751,0.00972
2574.00000,300.00000,2079.63584,5.43041,16.05203,23.14932,19.09189,0.65811,0.06351,0.03446
2575.00000,154.00000,2084.44615,4.80806,16.46447,33.60366,15.35604,0.50000,0.31575,0.15604
2576.00000,300.00000,2073.14852,4.27135,17.09930,22.70651,12.17457,0.60247,0.09804,0.00000
2577.00000,102.00000,2074.85513,3.32653,18.12536,26.09329,19.78134,0.73324,0.00437,0.01312
2578.00000,131.00000,2068.44756,3.45406,17.87714,26.03312,20.78526,0.66774,0.02778,0.00534
2579.00000,137.00000,2059.33879,4.58592,16.81784,30.25915,17.08357,0.50000,0.26948,0.05728
2580.00000,140.00000,2053.36888,4.58696,16.77174,33.91033,17.49004,0.50000,0.10145,0.04257
2581.00000,300.00000,2057.10323,4.86390,16.62091,27.03855,18.62325,0.69568,0.06192,0.00350
2582.00000,107.00000,2058.89688,5.22425,16.04331,35.57459,15.07122,0.50000,0.10972,0.02021
2583.00000,183.00000,2052.56141,4.42955,16.91518,30.91382,14.16142,0.52770,0.06293,0.04720
2584.00000,300.00000,2054.47502,5.33507,16.02951,28.80729,21.28241,0.67159,0.12905,0.02141
2585.00000,228.00000,2057.71231,4.24006,17.20246,29.78670,11.68764,0.50759,0.18727,0.02314
2586.00000,169.00000,2046.83300,4.48527,16.91938,28.11395,12.96899,0.50000,0.10853,0.02171
2587.00000,134.00000,2048.30554,4.09451,17.24932,32.47615,21.55446,0.50000,0.11161,0.03690
2588.00000,194.00000,2051.98543,3.90242,17.52537,24.47151,17.32397,0.56245,0.15379,0.01093
2589.00000,300.00000,2053.11739,7.68747,13.90065,25.84623,15.13580,0.50000,0.06390,0.00250
2590.00000,300.00000,2056.18042,5.11050,16.31197,22.01465,15.49451,0.59035,0.09768,0.03724
2591.00000,147.00000,2062.96324,5.06058,16.33438,35.09756,14.27616,0.50000,0.15972,0.01652
2592.00000,298.00000,2066.30914,3.92926,17.47434,22.10957,12.11789,0.54924,0.08807,0.03814
2593.00000,146.00000,2067.23175,3.53887,17.77569,24.17873,15.20822,0.56568,0.08847,0.01072
2594.00000,136.00000,2056.30655,4.19854,17.19854,32.56011,18.29781,0.50000,0.08106,0.03188
2595.00000,300.00000,2063.62063,5.27003,16.13316,26.12042,14.29814,0.50716,0.07003,0.02599
2596.00000,300.00000,2067.92303,4.01371,17.26151,29.74013,14.28893,0.50000,0.04167,0.00877
2597.00000,215.00000,2074.27737,3.83271,17.50641,24.15147,17.97212,0.52600,0.07837,0.03919
2598.00000,234.00000,2071.32253,4.63518,16.74261,22.52559,16.76640,0.61211,0.07066,0.02019
2599.00000,106.00000,2062.10356,3.13529,18.16597,23.20781,13.70711,0.63668,0.04184,0.04324
2600.00000,135.00000,2065.41827,3.52205,17.70730,30.72494,13.03208,0.50000,0.13232,0.06415
2601.00000,169.00000,2056.80932,4.30523,17.04294,33.40671,18.35753,0.55386,0.16159,0.03513
2602.00000,139.00000,2060.29735,5.08710,16.33371,27.26923,22.16290,0.60690,0.08145,0.00113
2603.00000,99.00000,2064.90828,3.64494,17.62950,20.30875,18.99828,0.73756,0.03087,0.00000
2604.00000,159.00000,2056.66870,5.06620,16.21624,29.73080,16.38041,0.50000,0.11386,0.02030
2605.00000,250.00000,2044.05646,4.40496,16.99682,27.19326,19.21933,0.55912,0.10045,0.00064
2606.00000,98.00000,2051.52493,2.30489,18.81342,27.58362,11.50284,0.50000,0.05916,0.03072
2607.00000,208.00000,2042.99560,4.54038,16.84320,28.09287,13.33244,0.50000,0.10162,0.04038
2608.00000,190.00000,2049.44909,5.81911,15.65170,32.73958,15.18987,0.50000,0.13727,0.04169
2609.00000,136.00000,2054.05474,4.47368,16.89145,36.44408,14.60444,0.50000,0.14720,0.05016
2610.00000,300.00000,2054.62124,5.14169,16.27633,25.23127,11.73996,0.50000,0.06895,0.00271
2611.00000,300.00000,2057.33615,5.56749,15.96723,27.57223,11.24364,0.50000,0.03752,0.03881
2612.00000,217.00000,2064.45681,5.50461,16.10253,35.37730,16.82834,0.50000,0.11866,0.05069
2613.00000,107.00000,2070.62629,4.23085,17.24554,35.94334,18.46905,0.50000,0.18048,0.07555
2614.00000,284.00000,2076.77768,5.03391,16.34362,28.29706,15.35729,0.50000,0.06377,0.02126
2615.00000,153.00000,2077.27539,3.42217,17.88914,19.03695,15.90594,0.69709,0.08959,0.00336
2616.00000,126.00000,2077.51794,5.57339,15.90020,33.19472,17.80822,0.57485,0.08708,0.01370
2617.00000,238.00000,2070.26022,4.82363,16.46467,27.62634,15.60769,0.55172,0.16902,0.05822
2618.00000,226.00000,2075.30150,4.58050,16.77554,31.03019,18.21440,0.55302,0.11765,0.00310
2619.00000,300.00000,2077.73194,5.74083,15.68807,24.94381,14.57856,0.50000,0.11525,0.00688
2620.00000,300.00000,2069.41899,5.12787,16.30428,28.15240,16.71764,0.50000,0.07516,0.00418
2621.00000,147.00000,2070.65688,4.12012,16.99042,26.64628,10.83714,0.50000,0.12454,0.00516
2622.00000,180.00000,2070.91576,4.39849,17.17753,27.93579,19.92068,0.70916,0.08499,0.01322
2623.00000,97.00000,2072.63816,5.19016,16.08949,42.33221,13.72371,0.50000,0.16555,0.02237
2624.00000,162.00000,2064.54477,4.53585,16.82491,28.96302,14.49509,0.51208,0.07472,0.05057
2625.00000,129.00000,2065.79964,3.48668,17.97158,22.69627,20.43339,0.65986,0.05506,0.01243
2626.00000,194.00000,2069.74396,5.39905,16.07154,31.45707,17.92687,0.51908,0.10175,0.00795
2627.00000,185.00000,2062.56942,3.44358,17.87234,32.48162,16.38233,0.50000,0.08511,0.05932
2628.00000,170.00000,2069.27028,3.10780,18.00644,25.40386,12.78922,0.50000,0.12228,0.10137
2629.00000,160.00000,2072.58918,4.27741,17.16703,34.84749,16.13943,0.50000,0.14524,0.01525
2630.00000,181.00000,2075.95237,4.28302,17.05889,41.14808,17.89651,0.50000,0.08462,0.00686
2631.00000,130.00000,2078.79637,3.49807,17.79923,31.00579,9.39575,0.50000,0.12934,0.01737
2632.00000,160.00000,2081.37301,4.97406,16.45105,32.43180,17.69791,0.65523,0.08285,0.01674
2633.00000,177.00000,2082.55029,5.43243,15.93243,29.76201,13.11036,0.50000,0.10886,0.01652
2634.00000,127.00000,2086.16353,4.02772,17.14257,27.85446,17.94752,0.50000,0.11386,0.03861
2635.00000,300.00000,2092.01173,4.82367,16.58535,14.27858,12.65862,0.61997,0.09581,0.03543
2636.00000,300.00000,2095.04974,5.48018,16.07930,20.37298,19.91483,0.66300,0.06608,0.01175
2637.00000,220.00000,2089.57614,3.93498,17.48057,26.53513,20.62407,0.72123,0.04783,0.03139
2638.00000,145.00000,2090.13598,4.72274,16.84803,30.74014,24.64965,0.72390,0.06497,0.02088
2639.00000,300.00000,2081.81687,4.93450,16.41180,17.63554,10.78794,0.50389,0.05253,0.03437
2640.00000,300.00000,2074.33285,4.99841,16.44515,20.33943,13.68998,0.63871,0.10095,0.01192
2641.00000,194.00000,2080.02117,5.34178,16.28675,31.04634,21.44823,0.52281,0.10138,0.01303
2642.00000,97.00000,2078.51501,3.69676,17.38426,29.92708,15.45023,0.50000,0.17014,0.02083
2643.00000,267.00000,2085.11666,3.41729,17.80030,20.09836,17.43815,0.58905,0.03949,0.01788
2644.00000,136.00000,2085.47191,4.34913,16.97776,34.41876,22.13346,0.77756,0.06190,0.00774
2645.00000,300.00000,2090.57995,5.14629,16.39492,25.65659,15.72459,0.57246,0.10302,0.01099
2646.00000,134.00000,2083.70461,5.56710,15.68613,27.26459,11.51782,0.50000,0.25625,0.07051
2647.00000,100.00000,2077.63824,4.43277,17.11345,37.67017,15.89076,0.50000,0.11975,0.01996
2648.00000,212.00000,2077.91181,3.99292,17.40354,26.60177,15.68319,0.62655,0.09735,0.00000
2649.00000,158.00000,2078.67863,4.12258,17.12473,24.52796,18.82796,0.66667,0.06667,0.00000
2650.00000,106.00000,2071.31278,3.57421,17.66667,30.15693,23.19465,0.50000,0.05961,0.01946
2651.00000,182.00000,2078.18030,4.12045,17.26417,25.70142,18.84818,0.62702,0.09413,0.00000
2652.00000,147.00000,2068.38371,3.90765,17.40018,28.37379,17.02902,0.50000,0.12313,0.06508
2653.00000,282.00000,2061.61933,4.85345,16.55353,25.54290,20.72437,0.76424,0.11769,0.00304
2654.00000,101.00000,2062.99970,3.41770,17.92391,20.92391,18.48292,0.88354,0.03416,0.03727
2655.00000,300.00000,2051.10187,5.75145,15.75434,23.60405,23.52095,0.71134,0.08815,0.01228
2656.00000,200.00000,2045.14655,4.89870,16.58428,30.48947,20.14587,0.64546,0.06888,0.01621
2657.00000,282.00000,2045.00712,6.11842,15.37657,24.00251,12.11591,0.52381,0.07206,0.00251
2658.00000,300.00000,2037.72656,6.02316,15.53259,20.25643,20.96484,0.71141,0.03945,0.01115
2659.00000,181.00000,2040.53540,3.88568,17.55876,21.61538,21.22329,0.77457,0.05342,0.01603
2660.00000,121.00000,2041.14270,3.09158,18.20769,30.94195,10.22649,0.50000,0.10057,0.03025
2661.00000,180.00000,2030.95724,3.93029,17.23402,25.42905,18.23651,0.66266,0.16846,0.10207
2662.00000,162.00000,2038.14996,3.73978,17.67906,19.00124,22.99628,0.74597,0.06196,0.04213
2663.00000,188.00000,2041.13777,4.55628,16.70459,28.13341,12.81596,0.50000,0.03931,0.01132
2664.00000,300.00000,2034.08447,6.29505,15.10935,22.10935,22.68638,0.80777,0.02407,0.00550
2665.00000,180.00000,2036.67146,4.86139,16.56147,26.66797,20.51997,0.50000,0.08536,0.02662
2666.00000,119.00000,2027.69156,4.01154,17.34516,36.86424,14.78261,0.50000,0.09317,0.02839
2667.00000,164.00000,2032.13488,5.10325,16.29837,27.97886,13.51301,0.50000,0.12195,0.06260
2668.00000,300.00000,2039.51672,6.67950,14.89798,27.58662,20.73340,0.50602,0.04139,0.01540
2669.00000,160.00000,2045.54505,4.16390,17.18162,24.85936,18.95017,0.61905,0.13732,0.01440
2670.00000,191.00000,2053.56254,4.82095,16.62471,27.56529,20.70524,0.52189,0.07975,0.02189
2671.00000,139.00000,2044.44280,4.35252,16.90031,33.03494,12.60637,0.55704,0.12744,0.01336
2672.00000,300.00000,2049.22465,4.89083,16.58642,23.49545,17.60252,0.53184,0.06788,0.05388
2673.00000,300.00000,2056.47380,4.51696,16.84567,21.08651,16.40138,0.50000,0.06228,0.04983
2674.00000,94.00000,2053.89424,3.47343,17.76329,31.99155,14.53623,0.50000,0.17995,0.08213
2675.00000,171.00000,2051.67753,4.57605,16.90997,31.29021,19.85402,0.63899,0.12500,0.02185
2676.00000,195.00000,2058.06746,4.77333,16.63200,27.90867,13.95333,0.50000,0.08733,0.00933
2677.00000,300.00000,2049.32896,5.75929,15.66919,24.83491,15.95022,0.64713,0.09893,0.03466
2678.00000,173.00000,2054.18327,4.15010,17.39105,30.64845,14.51613,0.55826,0.07044,0.02041
2679.00000,139.00000,2046.26123,3.37296,17.91531,32.02606,15.04560,0.50000,0.04886,0.04560
2680.00000,283.00000,2049.89860,4.13850,17.10192,19.31707,16.76829,0.61585,0.08101,0.03310
2681.00000,274.00000,2050.18720,6.22292,15.09821,17.76150,14.30709,0.69330,0.15355,0.00935
2682.00000,180.00000,2039.87638,4.01208,17.41415,25.34944,18.66782,0.69758,0.05349,0.01035
2683.00000,300.00000,2044.84962,5.49403,16.02944,23.15354,21.70088,0.77566,0.05569,0.03182
2684.00000,199.00000,2037.76969,3.57184,17.71552,23.44828,18.04310,0.65086,0.12165,0.05077
2685.00000,300.00000,2030.33307,5.80323,15.75171,24.68343,15.19056,0.50000,0.08566,0.02421
2686.00000,170.00000,2022.29917,4.36508,16.94491,26.35948,14.91970,0.50000,0.07656,0.02708
2687.00000,300.00000,2026.77703,5.52388,15.96285,26.41243,14.22745,0.64519,0.07051,0.01820
2688.00000,216.00000,2031.66852,4.85994,16.55521,30.99874,16.35899,0.50000,0.11167,0.03281
2689.00000,187.00000,2025.74840,3.73549,17.51168,23.37378,14.63527,0.50829,0.09194,0.05350
2690.00000,288.00000,2027.15162,4.51980,17.05343,24.25456,18.29415,0.84349,0.07102,0.02640
2691.00000,146.00000,2027.97330,3.97872,17.46183,21.46183,16.68210,0.64268,0.04255,0.00125
2692.00000,142.00000,2036.12619,3.26481,18.03072,30.25457,11.26628,0.50000,0.12875,0.00951
2693.00000,110.00000,2027.17517,3.51334,17.72527,23.16797,24.23862,0.66562,0.05808,0.02983
2694.00000,78.00000,2032.34092,2.83898,18.39831,21.59534,16.45975,0.55720,0.00000,0.00000
2695.00000,300.00000,2024.46352,5.37087,16.03303,17.99550,17.74925,0.63964,0.02177,0.01426
2696.00000,300.00000,2017.42375,5.22746,16.15141,18.58451,18.87183,0.54014,0.06197,0.02746
2697.00000,220.00000,2013.51552,5.28979,16.16043,28.68548,18.56056,0.52663,0.10526,0.06088
2698.00000,167.00000,2013.77439,4.02109,17.51945,32.24522,15.12657,0.50000,0.03098,0.02241
2699.00000,149.00000,2019.95223,4.39907,16.89907,20.69099,23.26087,0.76786,0.04348,0.02950
2700.00000,172.00000,2021.89453,4.15270,17.31088,27.49099,17.30305,0.61825,0.10258,0.07753
2701.00000,130.00000,2014.74021,4.43825,17.03464,22.47139,18.92771,0.82982,0.12048,0.05422
2702.00000,169.00000,2020.20436,4.02500,17.23929,22.07500,17.22976,0.69048,0.10833,0.03571
2703.00000,157.00000,2009.25961,4.28094,17.06052,30.65402,17.01987,0.65673,0.14002,0.02981
2704.00000,213.00000,2003.05500,4.91433,16.43125,22.56228,16.96040,0.50000,0.07703,0.02880
2705.00000,300.00000,2005.99370,5.31182,16.16244,15.69036,16.28281,0.78028,0.08992,0.01813
2706.00000,159.00000,2008.78606,4.80126,16.51610,29.02828,14.53810,0.50000,0.07698,0.02828
2707.00000,140.00000,2000.18928,4.15636,17.29636,31.73818,23.60273,0.50000,0.09818,0.05000
2708.00000,300.00000,2003.78777,4.74320,16.87714,19.82075,17.67774,0.77190,0.06344,0.03424
2709.00000,123.00000,2005.05326,4.72870,16.68817,38.70802,13.27792,0.50000,0.07361,0.02316
2710.00000,181.00000,1999.19796,4.89210,16.51976,27.51292,18.05091,0.76634,0.12690,0.03571
2711.00000,300.00000,2006.96728,8.50848,12.88535,27.76093,13.15784,0.50000,0.09666,0.01234
2712.00000,300.00000,2015.14602,5.52697,15.99032,24.07953,19.19710,0.53873,0.07469,0.02628
2713.00000,171.00000,2020.63240,4.66561,16.86656,30.44639,17.02621,0.50238,0.08578,0.02065
2714.00000,87.00000,2019.52103,5.21723,16.40949,37.19975,21.80524,0.50000,0.14357,0.04245
2715.00000,200.00000,2025.38034,5.15879,16.28189,31.47993,23.46655,0.63961,0.03836,0.00178
2716.00000,171.00000,2029.20870,4.32853,17.16652,26.34563,16.65887,0.50000,0.18452,0.04410
2717.00000,156.00000,2020.57102,3.91923,17.39249,24.20592,11.86121,0.54551,0.11604,0.03754
2718.00000,182.00000,2022.45229,4.32885,17.00733,35.86980,13.62408,0.50000,0.07029,0.00856
2719.00000,123.00000,2015.58283,4.20926,17.18712,36.34608,12.71227,0.50000,0.11972,0.06841
2720.00000,300.00000,2016.76328,6.60387,14.82658,19.54648,17.47536,0.57392,0.11104,0.04180
2721.00000,123.00000,2019.02945,5.36374,16.11835,31.22367,13.68078,0.50000,0.08903,0.01629
2722.00000,187.00000,2025.93433,4.24864,16.94810,32.18823,12.38497,0.51123,0.14795,0.00542
2723.00000,134.00000,2032.75150,3.57465,17.75659,23.16562,20.57967,0.72836,0.03764,0.02133
2724.00000,202.00000,2020.88834,5.05738,16.24275,26.67907,12.13997,0.50000,0.15322,0.09079
2725.00000,174.00000,2014.78505,3.80512,17.48491,31.74672,12.35236,0.50000,0.05118,0.06234
2726.00000,206.00000,2016.38230,4.13990,17.15739,25.35453,20.30286,0.64467,0.11765,0.02544
2727.00000,300.00000,2016.59434,6.63400,14.78720,27.94790,10.89978,0.50000,0.07594,0.03046
2728.00000,198.00000,2021.75284,5.06812,16.43573,31.41195,17.15424,0.50000,0.06491,0.01093
2729.00000,222.00000,2027.44792,4.21765,17.19857,24.77519,9.98867,0.52385,0.09720,0.00537
2730.00000,218.00000,2033.22046,4.69028,16.78146,29.79503,16.79729,0.51959,0.09570,0.00754
2731.00000,97.00000,2041.60014,3.79923,17.45652,29.00000,14.70332,0.50000,0.10614,0.04604
2732.00000,218.00000,2034.75714,4.61116,16.80558,25.58326,21.82445,0.70796,0.07137,0.02707
2733.00000,145.00000,2040.72278,3.75904,17.50870,21.45783,15.14458,0.64592,0.10710,0.02410
2734.00000,107.00000,2047.65901,3.67245,17.64236,24.04167,18.46875,0.50000,0.19676,0.12731
2735.00000,300.00000,2054.23762,4.77800,16.69028,19.25641,14.77868,0.75439,0.05533,0.00877
2736.00000,178.00000,2054.69230,4.56383,16.89444,24.27905,19.23322,0.60188,0.08347,0.02946
2737.00000,115.00000,2045.43970,3.65285,17.67047,33.72021,17.56062,0.50000,0.07876,0.00622
2738.00000,144.00000,2039.42714,4.06484,17.24286,27.98462,21.84396,0.66319,0.02418,0.00879
2739.00000,300.00000,2047.47341,5.05186,16.56786,27.35275,12.89565,0.57298,0.10243,0.00960
2740.00000,208.00000,2040.97439,4.40457,17.15987,25.80343,15.34910,0.58279,0.12643,0.03915
2741.00000,126.00000,2033.77228,3.15516,18.10314,29.06009,13.11928,0.50000,0.09327,0.04036
2742.00000,91.00000,2026.94911,2.79768,18.36469,30.60309,16.73711,0.50000,0.18557,0.05799
2743.00000,300.00000,2030.02650,5.24384,16.24125,25.18482,15.54799,0.57977,0.09987,0.00454
2744.00000,140.00000,2030.76406,2.98643,18.28145,27.89955,13.76109,0.71719,0.16380,0.08326
2745.00000,167.00000,2026.83870,4.66570,16.79405,34.04859,13.30674,0.50000,0.12473,0.02538
2746.00000,152.00000,2030.57305,3.95241,17.37369,32.45976,12.44857,0.50000,0.07558,0.03569
2747.00000,127.00000,2033.02126,4.92506,16.67959,28.67829,24.91731,0.76938,0.07235,0.00646
2748.00000,194.00000,2037.26431,4.46888,16.86530,26.40239,13.30520,0.59207,0.11509,0.03069
2749.00000,203.00000,2030.65447,4.23861,17.00804,26.57708,12.14477,0.50000,0.08847,0.02748
2750.00000,234.00000,2023.67563,4.34209,17.08375,28.70405,16.71824,0.58268,0.06742,0.00000
2751.00000,180.00000,2030.80197,4.44485,17.02995,29.52666,15.41855,0.54967,0.08766,0.02776
2752.00000,300.00000,2024.17946,5.80471,15.59259,21.04444,15.40943,0.70269,0.21549,0.04646
2753.00000,300.00000,2030.22430,4.73370,16.66848,22.26359,19.57971,0.70969,0.04620,0.02355
2754.00000,99.00000,2037.16424,2.92434,18.30811,31.60965,14.36952,0.50000,0.12610,0.02632
2755.00000,300.00000,2030.07445,4.43488,16.87656,22.31087,14.05323,0.52888,0.05889,0.02378
2756.00000,229.00000,2037.13984,4.87023,16.59237,22.70458,19.38473,0.59542,0.05573,0.01374
2757.00000,128.00000,2042.81372,4.08732,17.22441,28.63005,12.78498,0.57559,0.25634,0.05070
2758.00000,145.00000,2049.26551,3.78150,17.59968,32.97847,15.96093,0.50000,0.11882,0.03668
2759.00000,300.00000,2055.70820,5.39195,16.05862,22.27529,14.33103,0.50000,0.04425,0.02414
2760.00000,300.00000,2056.16435,4.06229,17.27488,23.68585,12.76100,0.50711,0.06635,0.01490
2761.00000,176.00000,2063.63939,4.74667,16.64267,31.66200,13.15933,0.50000,0.09733,0.05800
2762.00000,104.00000,2063.07808,3.18626,17.91385,30.07218,9.25728,0.50000,0.12107,0.01979
2763.00000,300.00000,2068.09111,4.61460,16.86773,19.16420,16.81414,0.55388,0.06727,0.02223
2764.00000,165.00000,2070.64503,3.92506,17.37984,22.42248,17.69767,0.65310,0.06202,0.00000
2765.00000,272.00000,2073.44521,4.95232,16.40428,25.95162,14.66897,0.53870,0.07326,0.00484
2766.00000,222.00000,2064.79044,3.89943,17.39002,26.09485,18.68438,0.64841,0.06623,0.02617
2767.00000,147.00000,2052.52642,3.28031,17.98740,18.62205,19.35433,0.69213,0.05039,0.10866
2768.00000,300.00000,2045.92884,6.62904,14.88449,22.41518,15.85941,0.56337,0.06403,0.02310
2769.00000,300.00000,2037.18234,5.37275,15.97057,24.91499,10.42343,0.50000,0.05504,0.02779
2770.00000,160.00000,2032.85716,4.19278,17.15155,25.75155,20.31237,0.54485,0.05979,0.02887
2771.00000,160.00000,2037.84726,3.64224,17.54052,30.61552,12.00345,0.50000,0.10948,0.02931
2772.00000,300.00000,2029.50552,5.46937,15.99672,26.29322,15.98961,0.56537,0.09902,0.04048
2773.00000,150.00000,2036.60198,4.54089,16.95304,34.39838,15.22267,0.50364,0.13360,0.04534
2774.00000,168.00000,2041.39413,4.05537,17.36242,28.93960,16.79614,0.51007,0.18708,0.03356
2775.00000,155.00000,2043.21940,3.93119,17.53823,30.86162,14.11850,0.57034,0.18119,0.07034
2776.00000,117.00000,2047.23277,3.02525,18.17677,29.94747,14.15455,0.61364,0.14040,0.01111
2777.00000,300.00000,2054.78934,5.32032,16.09572,25.89893,16.74813,0.52888,0.05187,0.02139
2778.00000,159.00000,2060.46509,5.13056,16.33531,31.12463,14.69585,0.50000,0.13279,0.00816
2779.00000,154.00000,2065.24930,4.56918,16.85864,37.64847,16.61032,0.50000,0.08452,0.01945
2780.00000,151.00000,2067.83316,4.35083,16.97083,29.50167,16.35917,0.51958,0.15833,0.08417
2781.00000,195.00000,2074.53953,4.65115,16.94619,36.61669,14.98005,0.50000,0.14268,0.02781
2782.00000,264.00000,2076.53419,4.93854,16.44406,28.91022,17.83356,0.52106,0.09047,0.03522
2783.00000,195.00000,2082.59583,4.83415,16.80460,30.18309,20.66092,0.62808,0.12233,0.00575
2784.00000,102.00000,2073.27363,3.27078,17.85264,29.40302,18.77204,0.50000,0.13098,0.06045
2785.00000,185.00000,2063.47113,4.35682,16.97901,28.52324,13.33133,0.50000,0.15817,0.14768
2786.00000,190.00000,2070.12810,4.99474,16.43421,33.81645,14.66842,0.50000,0.10329,0.02434
2787.00000,146.00000,2070.80614,3.70311,17.54037,27.02733,17.65839,0.60497,0.08820,0.03727
2788.00000,300.00000,2076.63261,4.19253,17.11640,20.99195,19.44949,0.56552,0.06369,0.02928
2789.00000,117.00000,2068.47130,3.81078,17.43784,32.80858,15.63806,0.50000,0.14411,0.07371
2790.00000,232.00000,2065.97266,4.76169,16.65569,29.54905,21.18367,0.56353,0.08163,0.02567
2791.00000,222.00000,2066.98728,5.74565,15.72391,30.84728,12.71793,0.50000,0.05978,0.00978
2792.00000,144.00000,2074.05533,4.21501,17.21814,31.28538,13.79515,0.50000,0.22830,0.04300
2793.00000,134.00000,2080.13502,3.37676,17.91037,35.11369,13.75436,0.50000,0.09129,0.02656
2794.00000,300.00000,2080.99611,6.78489,14.58211,17.58828,17.72089,0.56592,0.06862,0.01388
2795.00000,98.00000,2081.66970,3.75788,17.60697,25.16086,17.90381,0.80514,0.10945,0.00000
2796.00000,171.00000,2082.07711,4.07453,17.27019,29.95807,18.78882,0.53300,0.09006,0.06444
2797.00000,228.00000,2073.86778,4.06344,17.38692,34.76416,13.75932,0.50000,0.10412,0.01162
2798.00000,300.00000,2076.65861,4.33118,16.93319,22.53161,14.22701,0.50287,0.09267,0.01580
2799.00000,108.00000,2083.49526,3.44779,17.63363,12.98053,15.51504,0.72478,0.31858,0.10265
2800.00000,190.00000,2082.49890,3.04916,18.08567,11.21208,20.08287,0.80056,0.14045,0.09972
2801.00000,300.00000,2089.49923,5.93578,15.54834,20.19972,21.07763,0.74277,0.07128,0.00423
2802.00000,300.00000,2081.26541,5.15411,16.18037,20.51417,18.90670,0.76641,0.05114,0.01659
2803.00000,177.00000,2079.55334,5.68568,15.72551,19.09473,17.48439,0.70291,0.08181,0.00000
2804.00000,151.00000,2086.86583,4.15133,17.02510,27.70342,12.86692,0.50000,0.09125,0.04106
2805.00000,148.00000,2079.14247,5.25000,16.10950,29.33471,23.23450,0.71074,0.11880,0.00000
2806.00000,106.00000,2079.54006,3.91248,17.52188,26.21556,16.76499,0.62399,0.04700,0.03566
2807.00000,300.00000,2070.86110,4.78851,16.60147,21.25183,13.42176,0.63356,0.08191,0.03240
2808.00000,300.00000,2063.09343,5.50202,15.89046,22.56116,15.50134,0.51512,0.07930,0.02016
2809.00000,142.00000,2069.38386,4.19715,17.02138,22.38599,14.20665,0.74228,0.12114,0.00000
2810.00000,237.00000,2069.55028,5.63777,15.76886,31.88283,9.76351,0.50000,0.12306,0.00054
2811.00000,167.00000,2076.64917,4.05621,17.29882,30.48718,15.66469,0.70020,0.14201,0.00000
2812.00000,165.00000,2078.99418,3.62442,17.56298,28.95315,14.74117,0.50000,0.11290,0.03072
2813.00000,145.00000,2071.28000,3.68796,17.48611,22.76389,16.93981,0.50000,0.05926,0.07407
2814.00000,162.00000,2074.35481,3.60619,17.79794,23.89485,15.71959,0.60412,0.09485,0.02474
2815.00000,300.00000,2077.64027,5.31160,16.15401,18.51074,17.32163,0.64864,0.05802,0.01218
2816.00000,300.00000,2084.43601,4.85223,16.57935,17.37951,15.40554,0.66247,0.07641,0.04450
2817.00000,140.00000,2085.05888,4.36486,17.09459,32.36216,18.02793,0.58649,0.14955,0.01892
2818.00000,153.00000,2081.02219,4.52320,16.78875,29.45508,14.26259,0.50049,0.07009,0.03060
2819.00000,148.00000,2082.15829,4.36442,17.03558,23.13006,16.72393,0.83558,0.09448,0.00000
2820.00000,300.00000,2071.76913,6.05128,15.48652,21.98619,18.66141,0.52959,0.05523,0.02235
2821.00000,211.00000,2063.93260,5.04824,16.42649,31.22205,15.29709,0.50383,0.07580,0.00077
2822.00000,300.00000,2059.53365,6.31221,15.03404,21.20364,13.40845,0.57482,0.05927,0.00939
2823.00000,300.00000,2052.86961,5.54571,16.01048,19.65333,20.13333,0.77286,0.07714,0.01714
2824.00000,212.00000,2057.91814,3.55744,17.69498,26.02751,14.57039,0.56230,0.09466,0.01133
2825.00000,300.00000,2050.92805,5.40345,15.99540,26.52816,13.01264,0.50000,0.12299,0.01609
2826.00000,104.00000,2042.81867,2.26161,18.80031,18.10372,16.34520,0.51238,0.03251,0.06656
2827.00000,300.00000,2051.11780,4.98755,16.35209,23.51892,10.88546,0.50000,0.05378,0.01942
2828.00000,187.00000,2038.60890,4.77147,16.42596,23.41988,14.36984,0.55713,0.09263,0.02164
2829.00000,235.00000,2042.78470,5.10254,16.56836,26.72099,25.23291,0.86010,0.08426,0.00397
2830.00000,137.00000,2044.85378,3.84707,17.55586,30.99451,12.66941,0.53022,0.18590,0.03388
2831.00000,161.00000,2038.40051,4.28049,17.10244,18.73902,21.63049,0.82134,0.03415,0.00244
2832.00000,180.00000,2045.82540,4.08057,17.41801,24.49289,20.13934,0.62085,0.13175,0.03318
2833.00000,300.00000,2039.24165,4.51415,16.79582,23.52091,18.18081,0.54090,0.07257,0.01661
2834.00000,143.00000,2030.73728,3.82060,17.52856,29.54706,14.76589,0.50000,0.04827,0.00563
2835.00000,300.00000,2031.27904,4.86430,16.69520,18.42380,17.56994,0.75157,0.10299,0.02227
2836.00000,266.00000,2032.00266,4.79791,16.59843,23.93918,19.89863,0.70765,0.11445,0.01831
2837.00000,170.00000,2038.05787,3.67315,17.49878,26.55312,17.85320,0.57299,0.07786,0.00892
2838.00000,196.00000,2042.71161,3.95716,17.37001,20.57449,15.94255,0.57741,0.07984,0.02434
2839.00000,219.00000,2048.94412,3.70437,17.57510,22.82510,15.30798,0.72291,0.11882,0.02852
2840.00000,300.00000,2039.62661,5.06250,16.35967,24.05601,14.55366,0.50590,0.08255,0.03774
2841.00000,141.00000,2032.85532,2.84629,18.33988,25.46712,15.88984,0.50000,0.10760,0.03928
2842.00000,126.00000,2031.88889,4.51324,16.75441,20.94853,19.51471,0.64412,0.05000,0.00441
2843.00000,172.00000,2033.63032,4.13727,17.20015,25.40798,15.86810,0.61426,0.13037,0.05675
2844.00000,165.00000,2027.42132,3.97600,17.37600,25.54480,19.75120,0.59520,0.11600,0.03200
2845.00000,190.00000,2033.99890,4.79504,16.58771,33.86474,17.91494,0.50000,0.08033,0.04371
2846.00000,174.00000,2040.37172,3.96756,17.43281,27.59500,17.30120,0.71316,0.02966,0.00463
2847.00000,183.00000,2043.30793,4.04289,17.25959,19.79233,21.29571,0.68849,0.08916,0.07562
2848.00000,237.00000,2036.12094,4.29896,17.07674,31.63701,11.68738,0.50000,0.09605,0.02354
2849.00000,129.00000,2028.70763,3.46856,17.80271,22.78915,17.17386,0.61652,0.08755,0.00863
2850.00000,168.00000,2030.62139,4.07534,17.12299,34.42112,16.12234,0.50290,0.26851,0.04443
2851.00000,300.00000,2023.79087,4.08197,17.22098,23.39344,18.74230,0.66754,0.08590,0.01574
2852.00000,300.00000,2027.66604,5.21134,16.38209,28.12246,12.02099,0.53744,0.08188,0.00630
2853.00000,300.00000,2019.97764,5.67248,15.86994,28.53925,25.07375,0.55948,0.04203,0.01031
2854.00000,132.00000,2016.34537,4.44732,16.82860,29.80268,19.80769,0.50000,0.06187,0.05518
2855.00000,219.00000,2007.25747,4.83184,16.72218,27.68968,21.07149,0.69781,0.07392,0.03899
2856.00000,125.00000,2013.80048,3.96250,17.24712,30.37500,15.21538,0.50000,0.17500,0.12788
2857.00000,300.00000,2019.08426,5.06691,16.38122,27.62063,18.83180,0.50000,0.06016,0.02333
2858.00000,134.00000,2024.83437,3.47515,17.86988,17.22807,16.89035,0.78874,0.10673,0.04825
2859.00000,121.00000,2024.93382,5.04489,16.51671,36.52053,15.91595,0.50000,0.12225,0.02101
2860.00000,139.00000,2017.49895,3.78652,17.48689,31.15918,22.28652,0.52481,0.09925,0.04682
2861.00000,155.00000,2021.59871,4.60778,17.13880,31.74658,22.58675,0.68559,0.03680,0.00000
2862.00000,135.00000,2025.49267,5.26026,16.07686,29.00349,10.97904,0.50000,0.19738,0.00000
2863.00000,160.00000,2018.82260,3.52970,17.83949,27.18379,13.81140,0.52247,0.06581,0.06100
2864.00000,170.00000,2026.61710,3.23317,18.15586,15.68329,17.70075,0.87781,0.03491,0.02618
2865.00000,179.00000,2032.32856,3.82358,17.47075,24.20932,19.63346,0.79296,0.02285,0.00000
2866.00000,228.00000,2025.84852,4.70209,16.79131,29.75175,20.56012,0.72265,0.09154,0.02483
2867.00000,102.00000,2019.91161,3.35352,17.99673,20.67430,14.16367,0.62111,0.05074,0.03110
2868.00000,136.00000,2012.78658,5.55928,15.85725,41.55460,18.79797,0.50000,0.08814,0.01638
2869.00000,300.00000,2001.85453,5.51448,16.00511,18.64821,17.91141,0.69719,0.08773,0.01789
2870.00000,137.00000,2007.59936,4.82766,16.36636,22.65015,15.86997,0.50000,0.13622,0.04231
2871.00000,300.00000,2008.09646,4.67211,16.79389,24.72114,18.59041,0.64866,0.05640,0.01160
2872.00000,131.00000,2016.85067,4.45629,16.94505,37.17735,18.75187,0.50000,0.10241,0.01749
2873.00000,173.00000,2024.79550,4.59390,16.75509,31.76839,17.19171,0.56534,0.12363,0.05790
2874.00000,300.00000,2030.41099,6.38445,15.03861,28.43393,13.59271,0.50000,0.07885,0.01414
2875.00000,229.00000,2037.39086,3.09880,18.15669,18.21357,17.82535,0.68463,0.05190,0.02595
2876.00000,300.00000,2039.41489,5.17188,16.14772,21.35420,12.60571,0.50000,0.05217,0.01483
2877.00000,139.00000,2032.82649,4.56704,16.97486,30.86127,18.34637,0.50000,0.13222,0.05028
2878.00000,300.00000,2037.63996,5.84542,15.74427,29.44418,14.49141,0.50000,0.06107,0.02004
2879.00000,182.00000,2040.40794,3.71976,17.64404,19.93560,15.55265,0.70279,0.06353,0.00870
2880.00000,183.00000,2042.71922,4.52274,16.74489,29.66974,12.65063,0.56361,0.13382,0.04548
2881.00000,142.00000,2050.12474,4.74207,16.52405,29.90379,16.38076,0.61054,0.12487,0.02661
2882.00000,164.00000,2053.80852,4.25688,16.93761,24.57890,18.36789,0.50000,0.11193,0.06697
2883.00000,144.00000,2046.57856,4.05945,17.32040,30.61602,10.59785,0.50000,0.09909,0.04211
2884.00000,300.00000,2052.39532,5.05031,16.40409,19.82783,17.64230,0.73624,0.06447,0.01494
2885.00000,300.00000,2057.61184,5.41589,15.82252,20.50132,11.91060,0.53841,0.10066,0.05960
2886.00000,170.00000,2045.26230,5.39141,15.95935,22.35656,18.83508,0.73751,0.08246,0.00000
2887.00000,181.00000,2047.15773,4.48128,17.03467,31.88211,15.15465,0.50000,0.13523,0.04022
2888.00000,213.00000,2040.55298,5.34383,16.01137,24.51181,24.02712,0.75066,0.11374,0.00962
2889.00000,179.00000,2046.33692,4.82153,16.59430,26.86661,17.50690,0.61868,0.17663,0.03956
2890.00000,160.00000,2054.19093,4.71550,16.61840,25.58433,18.43271,0.60009,0.15503,0.04855
2891.00000,205.00000,2056.85349,4.05366,17.54341,23.92293,21.13268,0.73951,0.07902,0.00976
2892.00000,183.00000,2061.13482,4.17681,17.18015,27.08590,12.42035,0.55630,0.10342,0.03420
2893.00000,131.00000,2053.53359,4.19708,17.22628,17.91606,17.89964,0.87865,0.11496,0.00912
2894.00000,156.00000,2060.59817,4.60590,16.70660,28.54340,15.01128,0.65668,0.15538,0.02517
2895.00000,300.00000,2054.19873,5.44255,15.98176,23.23100,14.26565,0.58936,0.05167,0.01520
2896.00000,146.00000,2057.53702,3.72192,17.58493,20.74247,18.18904,0.72123,0.03288,0.00685
2897.00000,154.00000,2063.51459,4.28786,17.20193,27.63588,28.82492,0.65360,0.02041,0.01182
2898.00000,152.00000,2055.12072,4.11034,17.23276,27.08103,14.02414,0.50000,0.14483,0.02845
2899.00000,201.00000,2047.83594,4.31514,17.08322,30.55252,19.64802,0.68656,0.13984,0.01774
2900.00000,116.00000,2053.50937,4.50000,16.74625,26.81906,17.82441,0.50000,0.10707,0.01713
2901.00000,156.00000,2058.59212,5.03180,16.36089,33.31081,16.58665,0.50000,0.16216,0.05485
2902.00000,113.00000,2064.43165,3.63855,17.62651,26.42303,11.84739,0.53681,0.27041,0.00803
2903.00000,202.00000,2069.72446,3.62089,17.75380,26.98608,12.41582,0.50000,0.17658,0.06076
2904.00000,146.00000,2059.68821,4.30000,16.90597,31.46716,15.50746,0.50000,0.10672,0.02985
2905.00000,179.00000,2064.81524,3.11828,18.12545,10.27240,23.32079,0.74373,0.03763,0.00000
2906.00000,125.00000,2065.82044,3.59381,17.68363,24.33134,12.08483,0.50599,0.11178,0.04192
2907.00000,125.00000,2059.21247,3.11338,18.15242,29.04182,11.68494,0.51859,0.09758,0.01301
2908.00000,231.00000,2064.19775,5.01040,16.34434,28.92661,15.90826,0.50000,0.13823,0.01040
2909.00000,199.00000,2069.79963,4.08005,17.35723,18.27599,15.67622,0.79510,0.12545,0.03106
2910.00000,136.00000,2070.98824,3.63437,17.84826,28.70932,15.22486,0.50000,0.10329,0.03291
2911.00000,184.00000,2062.70680,4.71176,16.70326,30.07649,13.61827,0.51416,0.09065,0.00921
2912.00000,149.00000,2066.96239,3.81938,17.53480,31.55683,13.70308,0.50000,0.13656,0.07313
2913.00000,140.00000,2073.02150,3.18986,18.02949,27.91244,15.46912,0.50000,0.07558,0.02488
2914.00000,300.00000,2079.41880,6.95801,14.42756,21.18865,13.61561,0.54317,0.11118,0.00946
2915.00000,203.00000,2085.78229,4.61668,16.79117,29.09530,12.67344,0.50000,0.13805,0.03644
2916.00000,121.00000,2092.08192,3.69280,17.66810,33.38883,19.44146,0.52417,0.06230,0.02685
2917.00000,200.00000,2094.23741,3.73519,17.90000,22.84537,22.84815,0.81574,0.03704,0.06759
2918.00000,194.00000,2083.40634,3.85850,17.59345,25.32629,23.11510,0.67951,0.07392,0.08448
2919.00000,182.00000,2073.17850,4.48853,16.89962,25.71224,21.69790,0.75382,0.07935,0.00096
2920.00000,199.00000,2066.67213,3.75172,17.64828,20.35369,22.32118,0.74433,0.06798,0.04138
2921.00000,300.00000,2060.08493,5.45200,16.02419,22.91005,17.62283,0.67952,0.09297,0.01058
2922.00000,196.00000,2052.85977,4.92405,16.85401,28.87426,20.76371,0.74177,0.07173,0.02616
2923.00000,87.00000,2045.57368,4.07801,17.30969,39.08629,11.34752,0.50000,0.16312,0.00355
2924.00000,300.00000,2038.46487,6.46629,14.87252,26.37620,10.59433,0.50000,0.11955,0.00907
2925.00000,156.00000,2045.90954,3.89348,17.32453,27.94467,11.55326,0.50000,0.07514,0.01156
2926.00000,300.00000,2046.95764,3.75494,17.52287,23.47261,18.44043,0.57510,0.18295,0.06211
2927.00000,136.00000,2053.99268,3.80587,17.51693,24.97517,20.54628,0.81603,0.04515,0.00677
2928.00000,121.00000,2051.18449,3.48639,17.65517,33.40744,9.87750,0.50000,0.11706,0.01089
2929.00000,289.00000,2044.56174,3.30451,18.03695,26.36511,16.58684,0.50037,0.06726,0.03917
2930.00000,286.00000,2045.53702,5.52897,15.72025,19.18380,12.13271,0.50654,0.10530,0.03178
2931.00000,300.00000,2035.23202,4.70337,16.60951,22.48315,14.08484,0.50000,0.06017,0.02527
2932.00000,232.00000,2038.09127,5.29783,16.14420,30.98696,12.67174,0.50000,0.12029,0.01449
2933.00000,300.00000,2034.49555,5.78776,15.73387,21.36860,11.03260,0.57186,0.11377,0.00067
2934.00000,300.00000,2039.74964,4.65108,16.74181,18.02713,16.57343,0.69130,0.07484,0.01497
2935.00000,130.00000,2046.30361,4.45174,16.94402,29.18822,19.34459,0.50000,0.11390,0.05116
2936.00000,192.00000,2046.08859,4.26333,17.10103,27.10740,19.90294,0.56563,0.13206,0.03978
2937.00000,300.00000,2049.45219,4.70943,16.90476,12.80272,19.03693,0.90573,0.07289,0.02235
2938.00000,300.00000,2056.16514,4.87257,16.62832,16.45929,14.05664,0.82168,0.08584,0.01681
2939.00000,158.00000,2049.40417,4.40219,16.96709,26.87020,14.57952,0.50000,0.12066,0.02194
2940.00000,124.00000,2041.48309,4.16402,17.34294,34.42147,15.43936,0.50000,0.11133,0.01392
2941.00000,175.00000,2045.66878,4.97761,16.44478,35.26642,20.06045,0.54590,0.17090,0.01940
2942.00000,195.00000,2052.45982,5.29567,16.15123,26.88275,20.49448,0.58581,0.09091,0.01444
2943.00000,300.00000,2055.08389,5.30261,16.13364,18.53149,14.72043,0.53187,0.05607,0.05607
2944.00000,162.00000,2058.66922,4.28632,17.00000,21.77368,18.65158,0.72842,0.10211,0.00000
2945.00000,222.00000,2062.57513,4.01360,17.35290,27.29635,19.56049,0.73515,0.10021,0.01933
2946.00000,100.00000,2054.81017,4.63158,16.70526,34.07895,11.38000,0.50000,0.23789,0.00000
2947.00000,229.00000,2048.06050,3.76102,17.63442,26.40398,14.15861,0.50000,0.06828,0.01209
2948.00000,300.00000,2055.17574,6.44970,15.28757,21.10769,13.28876,0.50000,0.04793,0.02840
2949.00000,153.00000,2059.76918,4.28595,17.11102,29.41968,13.94449,0.51009,0.09420,0.03280
2950.00000,300.00000,2066.01090,6.18734,15.33304,19.39289,16.72073,0.79488,0.07719,0.01474
2951.00000,225.00000,2070.76633,5.02767,16.50672,30.32490,25.25375,0.62055,0.07510,0.01897
2952.00000,223.00000,2070.64361,6.22475,15.25181,40.98695,14.42146,0.50000,0.13920,0.00097
2953.00000,154.00000,2074.68249,4.61567,16.76865,31.93067,15.77317,0.56895,0.14544,0.04672
2954.00000,91.00000,2080.00979,4.17358,17.25130,36.20207,11.41451,0.50000,0.34715,0.05829
2955.00000,167.00000,2086.12292,4.62197,16.78712,30.63258,14.05530,0.51515,0.09924,0.03182
2956.00000,282.00000,2088.28199,4.14591,17.13167,23.12598,18.35587,0.72847,0.07189,0.02491
2957.00000,118.00000,2094.57194,4.06263,17.12834,28.39322,13.71766,0.50000,0.16632,0.08830
2958.00000,154.00000,2086.74657,4.91086,16.57988,36.54545,25.34422,0.68358,0.02207,0.00000
2959.00000,300.00000,2089.81875,5.98241,15.57605,29.05448,13.91998,0.50454,0.10329,0.02440
2960.00000,225.00000,2082.32102,4.36591,16.95656,27.11863,22.29574,0.79783,0.06349,0.01170
2961.00000,165.00000,2085.94128,4.35355,16.95520,29.62991,16.70434,0.50000,0.06134,0.03790
2962.00000,174.00000,2076.10091,4.64009,16.90698,21.14839,23.26246,0.83499,0.12514,0.00775
2963.00000,300.00000,2077.03762,5.32468,16.20550,23.68144,17.29183,0.81360,0.08021,0.02368
2964.00000,223.00000,2070.01485,4.54738,16.84443,26.25544,18.46927,0.56402,0.10563,0.06338
2965.00000,117.00000,2061.28316,3.01373,18.09398,27.42872,13.19113,0.50000,0.16156,0.13622
2966.00000,187.00000,2065.17397,4.34754,16.98997,25.72431,20.53049,0.65121,0.15539,0.05096
2967.00000,92.00000,2068.28171,5.30952,16.33447,38.68594,17.91497,0.50000,0.14966,0.03741
2968.00000,126.00000,2074.38472,4.25527,17.11392,25.96624,13.14241,0.61762,0.16561,0.03270
2969.00000,131.00000,2078.94922,4.35309,16.95343,32.67231,13.06097,0.50000,0.14056,0.02879
2970.00000,184.00000,2085.43321,4.55451,16.87218,26.33459,21.69831,0.62923,0.06109,0.03477
2971.00000,147.00000,2086.99617,4.08090,17.20524,33.02996,14.58876,0.50000,0.07491,0.02622
2972.00000,199.00000,2080.14074,4.61137,16.88495,30.92174,18.44615,0.50000,0.10836,0.02742
2973.00000,130.00000,2084.32613,3.46310,17.76937,29.75923,17.69280,0.50000,0.10517,0.05535
2974.00000,300.00000,2089.04442,4.96296,16.67855,21.29071,22.17331,0.81307,0.03145,0.01048
2975.00000,239.00000,2089.33892,4.51954,16.80403,22.05800,11.89377,0.50000,0.08730,0.01404
2976.00000,136.00000,2081.58891,5.63036,15.80875,38.02487,19.21098,0.50000,0.13293,0.00000
2977.00000,236.00000,2083.95471,5.38573,16.10964,28.00066,21.43593,0.63672,0.12616,0.00396
2978.00000,179.00000,2088.00641,4.10285,17.35869,31.11755,16.06914,0.55013,0.16508,0.01037
2979.00000,130.00000,2089.79859,3.41753,17.84449,32.82564,16.50895,0.50000,0.09708,0.05655
2980.00000,179.00000,2078.82430,2.75903,18.40310,22.73913,14.25055,0.57590,0.05674,0.01548
2981.00000,137.00000,2081.10572,4.42311,16.97722,33.81448,12.77950,0.50000,0.12286,0.00732
2982.00000,172.00000,2087.08234,5.01686,16.25900,33.28506,19.96245,0.55594,0.12107,0.04368
2983.00000,139.00000,2087.30407,4.38903,17.00082,32.47666,14.68468,0.50000,0.07289,0.03276
2984.00000,203.00000,2092.76363,3.41420,17.88769,23.20755,24.52561,0.72327,0.05121,0.01797
2985.00000,120.00000,2098.98155,5.19228,16.38035,40.08312,12.94962,0.50000,0.22922,0.02687
2986.00000,155.00000,2103.91929,5.66434,15.71503,28.96503,16.83304,0.50000,0.14248,0.00000
2987.00000,147.00000,2106.10760,4.09923,17.33815,28.22929,22.59923,0.67775,0.06262,0.03565
2988.00000,85.00000,2111.83483,4.67026,16.79812,35.04172,17.21400,0.52826,0.14805,0.05114
2989.00000,159.00000,2117.47851,4.92993,16.48702,30.18599,13.59256,0.66306,0.14965,0.01644
2990.00000,188.00000,2122.40853,5.32535,16.33380,37.17535,20.32254,0.50000,0.14155,0.02606
2991.00000,300.00000,2127.92339,5.09232,16.22978,16.77358,14.85310,0.62365,0.02898,0.01280
2992.00000,300.00000,2130.19124,8.59902,12.94904,32.33169,11.34466,0.50000,0.03040,0.00358
2993.00000,96.00000,2120.37140,3.43771,17.82492,35.10662,12.52525,0.50000,0.11897,0.03030
2994.00000,123.00000,2124.76918,4.04196,17.20180,26.14286,14.82517,0.51499,0.17183,0.05794
2995.00000,204.00000,2125.09038,4.93945,16.68440,30.83945,22.78991,0.64174,0.06606,0.00917
2996.00000,125.00000,2125.57870,2.68716,18.45046,24.31101,9.09083,0.50000,0.09358,0.03394
2997.00000,153.00000,2117.41069,4.63936,16.79517,38.95903,17.48354,0.50000,0.05779,0.03072
2998.00000,175.00000,2119.27725,4.15553,17.28676,21.45200,15.34265,0.74848,0.08748,0.01580
2999.00000,202.00000,2122.22212,4.90985,16.88299,34.44309,21.90153,0.63587,0.03517,0.01598
3000.00000,224.00000,2113.88680,4.18166,17.12645,28.36866,19.79608,0.62912,0.02760,0.02671
3001.00000,112.00000,2117.18487,4.44206,17.04549,39.99657,19.85064,0.50000,0.09185,0.02146
3002.00000,176.00000,2109.41831,4.71559,16.63765,28.37894,23.18988,0.65713,0.13018,0.03151
3003.00000,136.00000,2109.54010,4.48158,16.95328,31.02156,15.02785,0.50000,0.13836,0.04942
3004.00000,300.00000,2113.42882,5.13944,16.29512,20.77673,20.64328,0.74465,0.03165,0.03165
3005.00000,153.00000,2114.54630,4.15026,17.04658,33.16754,15.69421,0.50000,0.06536,0.05710
3006.00000,184.00000,2104.94389,5.25651,16.39033,32.50186,21.53067,0.62546,0.10223,0.00465
3007.00000,100.00000,2107.24862,2.94624,18.40502,32.66069,13.19713,0.50000,0.13142,0.04779
3008.00000,199.00000,2099.59077,4.91429,16.68658,31.03723,12.48485,0.60043,0.12381,0.00000
3009.00000,163.00000,2103.56768,3.08201,18.28836,17.47619,16.19841,0.74206,0.03968,0.01587
3010.00000,106.00000,2108.32529,3.47140,17.79634,32.20023,17.24943,0.50000,0.11556,0.07094
3011.00000,300.00000,2097.87388,4.94570,16.57143,20.60052,18.04719,0.63704,0.06593,0.00323
3012.00000,191.00000,2103.21315,5.88362,15.76658,35.77763,18.57412,0.50000,0.12029,0.00845
3013.00000,217.00000,2092.90393,4.86458,16.65109,32.48433,16.01183,0.50000,0.06978,0.00946
3014.00000,300.00000,2097.69652,5.90554,15.71336,27.52769,21.93811,0.66246,0.10261,0.03176
3015.00000,166.00000,2101.17905,3.88380,17.46034,17.36425,11.31620,0.65251,0.08939,0.00335
3016.00000,300.00000,2089.80605,5.22946,16.30684,26.00583,13.55485,0.50000,0.06412,0.01431
3017.00000,138.00000,2095.26400,4.75185,16.48557,33.22094,15.30750,0.50000,0.13685,0.00742
3018.00000,184.00000,2097.92644,5.26858,16.29543,32.25336,19.48165,0.60161,0.06983,0.00000
3019.00000,277.00000,2100.79363,5.03510,16.43035,29.76728,17.64039,0.58558,0.06533,0.02160
3020.00000,158.00000,2092.20839,3.21327,18.02347,23.33878,17.12653,0.55204,0.15408,0.11224
3021.00000,101.00000,2097.02335,3.29288,17.84714,26.35823,10.29988,0.53034,0.10268,0.01984
3022.00000,300.00000,2102.61196,5.60024,15.80427,25.08482,15.34757,0.50000,0.13049,0.01246
3023.00000,117.00000,2107.94302,5.34049,16.14537,35.29268,17.45366,0.50000,0.16976,0.01854
3024.00000,128.00000,2106.12956,6.56140,14.97230,35.39612,20.55586,0.59972,0.09603,0.00554
3025.00000,161.00000,2112.55145,4.23063,17.18021,27.68814,22.09150,0.52194,0.13445,0.10831
3026.00000,192.00000,2117.63856,4.20758,17.35560,25.70397,24.47834,0.68727,0.02978,0.00722
3027.00000,270.00000,2121.84609,4.95875,16.45161,36.06187,19.35008,0.50238,0.06663,0.00476
3028.00000,180.00000,2114.86419,4.02838,17.25811,15.08514,21.44459,0.88243,0.08378,0.01486
3029.00000,300.00000,2106.85038,5.25353,16.31137,23.35104,16.43578,0.60726,0.05582,0.02085
3030.00000,201.00000,2096.16144,4.10576,17.24676,24.66978,13.86115,0.50000,0.09712,0.04964
3031.00000,140.00000,2093.34612,4.35105,17.03223,31.97909,14.95993,0.50000,0.09408,0.00000
3032.00000,223.00000,2098.97342,4.61178,16.78208,26.71186,19.87006,0.60775,0.06941,0.00807
3033.00000,125.00000,2105.42567,3.35196,18.11329,23.09366,21.84139,0.69713,0.05438,0.00151
3034.00000,171.00000,2097.66184,4.97484,16.33962,31.76258,14.80031,0.50000,0.15881,0.02594
3035.00000,154.00000,2089.45101,5.17166,16.22235,30.83756,21.38940,0.73272,0.14171,0.01613
3036.00000,120.00000,2089.84050,4.90602,16.56478,35.17336,20.64416,0.50000,0.08120,0.05657
3037.00000,131.00000,2082.53122,3.95943,17.26969,26.36993,21.39737,0.54296,0.04296,0.00597
3038.00000,300.00000,2082.91282,5.00960,16.41760,20.47600,13.98480,0.69160,0.10720,0.03360
3039.00000,300.00000,2073.36078,4.64173,16.80236,22.48425,15.46299,0.59606,0.06772,0.00787
3040.00000,96.00000,2066.13905,5.49109,15.77394,34.13140,16.31626,0.52728,0.18597,0.04677
3041.00000,300.00000,2061.74069,4.76613,16.65996,20.48439,13.19847,0.56766,0.07634,0.02221
3042.00000,165.00000,2064.37270,4.46064,17.06997,28.68319,19.09524,0.67493,0.09329,0.04179
3043.00000,174.00000,2070.76372,5.40551,16.16619,30.08927,24.09497,0.67521,0.03894,0.01994
3044.00000,128.00000,2077.22508,3.49308,17.75779,32.22924,13.00519,0.50000,0.07266,0.05796
3045.00000,117.00000,2068.95443,5.98067,15.46924,38.67926,19.49121,0.50000,0.15378,0.03515
3046.00000,121.00000,2069.53030,3.56654,17.72114,34.20254,14.25832,0.50000,0.08219,0.02838
3047.00000,300.00000,2071.20047,4.78703,16.50673,24.42534,11.23378,0.50000,0.12974,0.02081
3048.00000,170.00000,2071.60293,3.98663,17.32244,27.03343,10.67088,0.51560,0.18425,0.05498
3049.00000,172.00000,2074.52569,4.07835,17.24157,23.91077,20.65941,0.72633,0.06529,0.00979
3050.00000,300.00000,2081.12831,6.62236,15.13704,28.66564,18.31015,0.50773,0.05358,0.01236
3051.00000,300.00000,2086.82832,6.46268,15.06831,21.88099,19.13732,0.70775,0.04859,0.00493
3052.00000,130.00000,2090.93399,4.14002,17.08055,29.12144,24.20446,0.63073,0.02354,0.00867
3053.00000,234.00000,2082.53698,4.81434,16.50691,16.97496,13.16494,0.51166,0.10881,0.04145
3054.00000,136.00000,2075.51959,4.09323,17.23973,24.20977,12.64484,0.51665,0.06326,0.01887
3055.00000,140.00000,2076.75994,3.49894,17.78858,14.27907,15.90275,0.78436,0.08668,0.04651
3056.00000,104.00000,2069.62135,4.74115,16.67035,42.19801,18.49226,0.50000,0.15597,0.01327
3057.00000,185.00000,2061.12901,4.40310,17.11370,20.38630,22.24548,0.74871,0.03876,0.02842
3058.00000,93.00000,2065.84449,4.20482,17.21796,34.27820,12.33297,0.50000,0.15444,0.01314
3059.00000,109.00000,2059.61769,3.79651,17.41279,27.27616,18.87500,0.60247,0.03488,0.00145
3060.00000,255.00000,2061.34029,5.14396,16.37253,31.70659,14.57527,0.50000,0.08352,0.00275
3061.00000,88.00000,2054.18501,3.90555,17.26446,31.14050,14.48052,0.50000,0.05549,0.00590
3062.00000,158.00000,2059.57545,3.88483,17.53614,30.83400,14.37649,0.50000,0.08022,0.06275
3063.00000,165.00000,2061.33861,3.48295,17.72484,24.60390,12.44075,0.50000,0.09416,0.01380
3064.00000,300.00000,2061.52371,4.87399,16.57875,22.61172,19.24542,0.66190,0.06886,0.01465
3065.00000,172.00000,2068.55823,4.89291,16.45813,27.74477,16.79630,0.50000,0.12882,0.02415
3066.00000,170.00000,2059.28265,4.79917,16.61577,32.18838,13.91369,0.50000,0.10124,0.00000
3067.00000,86.00000,2063.80487,4.52388,16.91371,31.41757,20.26502,0.71263,0.19260,0.06626
3068.00000,167.00000,2070.69285,4.29932,16.99806,23.87658,15.18076,0.62099,0.03984,0.01458
3069.00000,260.00000,2076.32379,4.96842,16.48947,30.63053,16.78316,0.52921,0.11158,0.00684
3070.00000,300.00000,2077.89196,6.08975,15.31005,28.55686,14.75064,0.50000,0.07190,0.07547
3071.00000,138.00000,2084.52394,5.73697,15.93825,39.01203,10.72013,0.50000,0.09383,0.00080
3072.00000,156.00000,2086.68354,3.93724,17.27911,31.53757,16.45500,0.54707,0.09331,0.02642
3073.00000,114.00000,2092.50907,3.90594,17.54752,33.63861,16.12277,0.50000,0.15545,0.08020
3074.00000,181.00000,2098.72710,5.26310,16.44761,25.51595,29.37358,0.80979,0.07062,0.00000
3075.00000,300.00000,2099.21285,5.79675,15.70912,31.70551,20.85818,0.55894,0.06098,0.01265
3076.00000,70.00000,2091.25973,2.73927,18.49285,32.63911,15.22417,0.50000,0.15739,0.01113
3077.00000,300.00000,2095.42114,5.51581,15.81489,23.31686,17.65810,0.64723,0.05468,0.01845
3078.00000,208.00000,2098.49191,4.94448,16.63230,34.72747,14.49603,0.51658,0.07931,0.01442
3079.00000,89.00000,2087.23920,3.66289,17.69686,30.28931,14.76981,0.50000,0.11447,0.05912
3080.00000,300.00000,2080.67328,6.41506,15.05870,23.23792,15.60208,0.50000,0.10753,0.02909
3081.00000,166.00000,2086.72595,4.78058,16.48646,33.43884,21.34080,0.63445,0.08964,0.00000
3082.00000,104.00000,2089.63387,2.57283,18.52264,23.31212,11.81640,0.50000,0.13219,0.06610
3083.00000,159.00000,2082.08689,4.92779,16.53736,26.71453,16.15197,0.50252,0.13686,0.02183
3084.00000,300.00000,2082.92710,4.94257,16.49887,27.52477,16.57601,0.53660,0.03153,0.01126
3085.00000,119.00000,2088.35994,4.57009,16.71562,31.01602,18.04806,0.58478,0.06008,0.02003
3086.00000,157.00000,2093.55034,4.59112,16.70490,28.83071,11.92877,0.50000,0.13321,0.01018
3087.00000,174.00000,2085.54725,4.22506,17.08252,31.75019,19.23331,0.50000,0.10353,0.01800
3088.00000,145.00000,2091.75995,3.34257,17.81139,25.39569,12.25635,0.50000,0.06928,0.07082
3089.00000,178.00000,2097.31189,3.38980,17.97494,28.87640,17.70268,0.57044,0.02247,0.03111
3090.00000,157.00000,2101.03503,3.69683,17.67817,23.62966,14.88713,0.51353,0.06157,0.01306
3091.00000,148.00000,2092.16188,3.71391,17.50792,25.72623,19.26232,0.70599,0.06866,0.02377
3092.00000,300.00000,2084.65260,5.48915,16.00056,25.49082,17.21369,0.63467,0.08848,0.04841
3093.00000,185.00000,2089.96170,4.00940,17.38539,27.47795,16.72307,0.50253,0.07014,0.03615
3094.00000,177.00000,2092.31188,2.76579,18.53159,24.48074,16.06317,0.50000,0.04931,0.03236
3095.00000,123.00000,2098.36340,3.38412,18.00091,30.37774,13.00912,0.50000,0.09945,0.04745
3096.00000,135.00000,2101.18363,3.54538,17.60156,27.76750,12.77269,0.50000,0.18150,0.09594
3097.00000,111.00000,2103.27658,2.78806,18.37119,26.12763,13.51991,0.55211,0.17213,0.07494
3098.00000,203.00000,2106.92069,3.29727,18.03951,16.76764,22.51552,0.73801,0.14299,0.07432
3099.00000,128.00000,2107.86809,3.64951,17.50735,23.22426,19.90074,0.77451,0.04167,0.01961
3100.00000,300.00000,2111.83829,3.90952,17.38378,23.66615,18.45398,0.57410,0.06396,0.00702
3101.00000,143.00000,2104.22765,3.64503,17.57025,25.18899,9.13969,0.50000,0.11339,0.04684
3102.00000,300.00000,2093.34171,4.48458,16.83623,27.42625,12.60460,0.50000,0.08861,0.04992
3103.00000,186.00000,2097.41370,3.78579,17.54859,18.68234,14.72936,0.70533,0.09927,0.03135
3104.00000,249.00000,2101.26584,3.58883,17.69340,17.24772,18.63452,0.83807,0.14416,0.02538
3105.00000,137.00000,2106.37355,5.02051,16.44043,34.66113,23.60254,0.60791,0.01953,0.00488
3106.00000,149.00000,2112.06291,3.77712,17.61621,27.07867,20.12992,0.57390,0.03576,0.02622
3107.00000,217.00000,2104.59609,5.22478,16.27894,37.10223,15.62356,0.50575,0.12322,0.01490
3108.00000,178.00000,2096.81478,4.80733,16.56044,33.27912,16.26154,0.50000,0.07692,0.03883
3109.00000,153.00000,2089.93071,4.37812,16.88868,29.55470,18.88196,0.66555,0.04127,0.01248
3110.00000,157.00000,2092.82426,4.20237,17.32999,25.53692,17.99362,0.55242,0.06290,0.02279
3111.00000,187.00000,2085.35203,5.61293,16.00923,31.43395,16.70312,0.54261,0.15554,0.00213
3112.00000,123.00000,2087.78641,4.72390,16.71268,37.49353,15.10785,0.50000,0.05953,0.00777
3113.00000,208.00000,2091.58026,5.24907,16.18003,39.27031,19.14286,0.50000,0.10674,0.01806
3114.00000,300.00000,2095.32733,5.10998,16.24940,27.49820,21.49880,0.60907,0.04207,0.01202
3115.00000,117.00000,2099.34604,6.48698,15.12825,35.06268,13.99132,0.54773,0.17840,0.00868
3116.00000,190.00000,2098.00207,3.54663,17.80915,22.09931,20.11917,0.63601,0.08463,0.01209
3117.00000,105.00000,2103.73695,3.62925,17.69274,32.51134,13.52494,0.50000,0.14172,0.03968
3118.00000,300.00000,2108.54354,5.10576,16.22662,26.70576,18.40791,0.63777,0.04245,0.00072
3119.00000,300.00000,2111.13284,5.54126,15.88252,16.41608,20.77622,0.82308,0.03077,0.03007
3120.00000,255.00000,2099.94407,5.76198,15.73134,25.47211,19.65750,0.63511,0.09741,0.02592
3121.00000,175.00000,2089.21810,4.34862,16.88825,27.35721,19.27794,0.69675,0.07736,0.02006
3122.00000,246.00000,2094.41868,4.68300,16.76132,32.08045,14.69259,0.50000,0.05115,0.06340
3123.00000,230.00000,2088.15231,5.45524,15.92783,26.74948,18.34559,0.55448,0.11103,0.04441
3124.00000,145.00000,2089.74599,3.76190,17.54762,18.11161,22.00000,0.77679,0.13690,0.06696
3125.00000,197.00000,2082.76514,4.50456,16.75619,30.56063,18.14602,0.50000,0.13364,0.04889
3126.00000,136.00000,2076.30196,3.89405,17.49730,23.47784,12.04216,0.52595,0.13405,0.00649
3127.00000,80.00000,2083.49423,4.17500,17.11029,27.78676,14.20000,0.50000,0.19706,0.07059
3128.00000,300.00000,2090.39341,5.30968,16.18942,24.76127,15.91521,0.53728,0.05352,0.01864
3129.00000,94.00000,2096.60420,3.42170,17.84957,32.58446,11.63255,0.50000,0.09125,0.02959
3130.00000,185.00000,2102.10734,4.56727,16.82364,27.07455,17.81909,0.54273,0.17182,0.08364
3131.00000,188.00000,2106.76054,4.28613,17.20221,36.14044,15.56818,0.50000,0.11772,0.04312
3132.00000,184.00000,2108.92989,4.33491,17.03032,27.30863,15.66644,0.50000,0.13342,0.04987
3133.00000,162.00000,2112.33445,5.02688,16.64439,35.35407,20.75115,0.51728,0.09601,0.05300
3134.00000,300.00000,2114.29043,3.79851,17.61567,24.51928,21.36443,0.65205,0.04229,0.01306
3135.00000,202.00000,2115.29957,4.65230,16.79598,22.02395,16.17241,0.67864,0.15805,0.02874
3136.00000,192.00000,2114.88979,4.00952,17.26730,28.89619,16.95588,0.56401,0.08391,0.04066
3137.00000,300.00000,2120.74034,6.21666,15.17924,24.23054,18.75256,0.59747,0.06156,0.01448
3138.00000,300.00000,2109.38305,4.93360,16.56880,22.42080,18.47520,0.64560,0.05360,0.01360
3139.00000,127.00000,2112.29579,4.62860,16.67829,33.70096,9.29294,0.50000,0.10462,0.01395
3140.00000,172.00000,2103.94323,4.11345,17.29692,29.78221,12.44328,0.50000,0.08964,0.03291
3141.00000,128.00000,2109.66225,4.13315,17.19972,26.86963,18.55062,0.56519,0.11373,0.02913
3142.00000,174.00000,2112.80360,3.97447,17.26673,25.10915,14.37060,0.52509,0.06426,0.00704
3143.00000,195.00000,2103.78016,3.98333,17.39074,22.22037,16.69907,0.56528,0.07870,0.02500
3144.00000,300.00000,2095.37884,4.43489,16.86468,17.28170,17.01957,0.75532,0.05787,0.03830
3145.00000,201.00000,2102.17144,4.39064,16.94081,31.30891,16.82751,0.50000,0.13698,0.06144
3146.00000,121.00000,2093.68110,3.79336,17.46788,26.89507,15.04711,0.50000,0.07602,0.04283
3147.00000,149.00000,2099.84284,5.58026,16.01994,29.48554,14.68893,0.50000,0.15254,0.01894
3148.00000,206.00000,2100.91758,5.90817,15.52832,28.66070,17.47883,0.52952,0.13298,0.01193
3149.00000,181.00000,2103.90141,4.09266,17.37937,30.45280,17.71503,0.52841,0.05245,0.05944
3150.00000,204.00000,2105.05584,4.77620,16.76393,28.36733,17.69500,0.53494,0.06704,0.02644
3151.00000,184.00000,2097.51304,4.36111,17.02295,18.47585,16.57971,0.69263,0.07126,0.03261
3152.00000,195.00000,2088.72401,5.08204,16.48678,19.80036,12.84686,0.57429,0.12489,0.11668
3153.00000,300.00000,2082.06845,4.71038,16.50820,25.69217,14.66181,0.52459,0.07043,0.00789
3154.00000,228.00000,2085.07504,3.82235,17.62846,24.77173,17.91117,0.65903,0.08691,0.04871
3155.00000,300.00000,2091.96230,4.10973,17.18620,20.76725,17.85453,0.82253,0.05320,0.00831
3156.00000,159.00000,2084.15876,4.23716,17.08415,25.52896,21.68087,0.72732,0.06667,0.03934
3157.00000,215.00000,2077.39743,4.30498,17.11411,21.29046,19.06432,0.66234,0.05394,0.00415
3158.00000,152.00000,2068.36988,3.83951,17.52263,28.06790,21.54218,0.70833,0.05453,0.01132
3159.00000,178.00000,2061.58782,4.77626,16.62710,22.59349,18.14286,0.65284,0.14076,0.04622
3160.00000,95.00000,2055.89456,3.92334,17.36469,35.88037,13.89315,0.50000,0.19280,0.06039
3161.00000,119.00000,2061.76163,5.34018,15.94330,31.19746,12.26588,0.50000,0.16325,0.01955
3162.00000,148.00000,2063.42409,4.80700,16.59095,35.43382,14.52690,0.50000,0.18531,0.05892
3163.00000,190.00000,2069.64744,4.28960,17.20213,21.89835,24.00118,0.72400,0.07210,0.00355
3164.00000,300.00000,2072.12883,3.94904,17.39652,22.64264,12.84027,0.59789,0.10255,0.02610
3165.00000,103.00000,2061.87486,4.20315,17.24034,22.82546,21.41774,0.53863,0.06724,0.01431
3166.00000,115.00000,2062.01744,3.75417,17.53194,23.92917,16.45000,0.55069,0.05000,0.04583
3167.00000,130.00000,2055.32637,3.77941,17.43235,23.02206,20.57500,0.86250,0.12647,0.05588
3168.00000,300.00000,2048.40998,5.47466,15.93586,20.27325,13.55035,0.55709,0.04105,0.02053
3169.00000,156.00000,2041.39048,4.15714,17.10893,28.79018,13.49196,0.52277,0.17054,0.08304
3170.00000,158.00000,2048.90951,4.28992,17.07022,25.38052,20.06682,0.57814,0.14836,0.02492
3171.00000,71.00000,2042.44819,4.21374,17.18626,38.00305,17.29466,0.50000,0.19847,0.00611
3172.00000,220.00000,2032.66131,4.60390,16.86045,30.89336,11.86106,0.50000,0.07678,0.03291
3173.00000,202.00000,2034.64080,4.29703,17.17102,26.93609,16.21062,0.64581,0.08011,0.00360
3174.00000,163.00000,2041.02115,4.45661,16.89217,32.28138,11.63269,0.50000,0.18366,0.00000
3175.00000,300.00000,2048.35291,4.71206,16.53333,24.82411,17.62482,0.61738,0.06738,0.02908
3176.00000,146.00000,2052.96014,2.94084,18.34117,28.29741,15.80956,0.50000,0.06888,0.04052
3177.00000,152.00000,2048.17763,4.63748,16.75576,34.25269,19.55607,0.50000,0.11751,0.00077
3178.00000,156.00000,2048.73142,3.11640,18.13392,20.40801,13.53191,0.67397,0.02503,0.00000
3179.00000,300.00000,2056.13378,5.60901,15.83486,19.63838,19.32245,0.72095,0.04569,0.01632
3180.00000,195.00000,2049.61466,5.01545,16.31182,29.24818,17.21909,0.59000,0.10273,0.01636
3181.00000,300.00000,2043.54207,4.31668,17.12200,27.18365,13.37962,0.54997,0.12719,0.02920
3182.00000,300.00000,2050.39352,4.18854,17.10548,17.92608,15.92442,0.74585,0.13372,0.00831
3183.00000,163.00000,2040.30446,3.63254,17.71098,25.75805,10.25351,0.51239,0.14946,0.08671
3184.00000,238.00000,2032.75589,4.44241,17.11959,22.53191,19.48569,0.80814,0.11592,0.00440
3185.00000,300.00000,2039.34039,4.47658,16.87052,18.92906,17.88567,0.71212,0.03306,0.02755
3186.00000,294.00000,2045.66260,5.49886,16.02968,24.86073,15.93436,0.50000,0.07477,0.05194
3187.00000,229.00000,2045.43259,4.61047,16.72831,28.04092,22.10229,0.61416,0.05401,0.03355
3188.00000,99.00000,2047.58546,5.20812,16.25598,38.58793,19.49428,0.50000,0.14152,0.03746
3189.00000,177.00000,2050.75238,3.34681,17.92128,23.24681,21.57660,0.74947,0.05319,0.00426
3190.00000,300.00000,2052.93780,4.81495,16.47331,23.73665,9.63286,0.50000,0.10261,0.04033
3191.00000,278.00000,2046.42962,4.25041,17.21440,23.65085,15.12330,0.50000,0.09111,0.05619
3192.00000,300.00000,2051.60177,4.60304,16.96418,31.81992,16.17615,0.50613,0.04858,0.01668
3193.00000,278.00000,2055.23587,4.31544,17.08054,26.00727,17.23378,0.55900,0.07103,0.00671
3194.00000,198.00000,2055.43430,4.55754,16.76763,29.85746,14.62658,0.50000,0.09725,0.02376
3195.00000,300.00000,2048.15337,4.14882,17.31989,22.79277,21.37691,0.71592,0.06328,0.01739
3196.00000,108.00000,2053.85673,4.92615,16.46359,36.70769,18.07487,0.50000,0.08923,0.01026
3197.00000,207.00000,2043.87277,4.34050,16.99669,22.17025,16.77107,0.58388,0.10744,0.01488
3198.00000,187.00000,2048.09190,4.29845,17.12019,32.30047,16.37475,0.50000,0.06617,0.02431
3199.00000,270.00000,2053.28650,4.23653,17.14562,20.25505,21.85438,0.81860,0.07155,0.00589
3200.00000,150.00000,2059.48441,5.01464,16.50279,35.79219,18.66667,0.50000,0.10042,0.02092
3201.00000,272.00000,2053.20370,3.70358,17.68369,24.51857,14.86870,0.52686,0.08886,0.01127
3202.00000,204.00000,2059.89744,5.96064,15.43163,30.40401,17.87224,0.55352,0.08771,0.00276
3203.00000,148.00000,2065.02482,3.24031,17.95090,23.32429,22.29974,0.55297,0.04393,0.01034
3204.00000,189.00000,2067.39092,3.92414,17.43180,30.14661,12.77170,0.50000,0.17360,0.07221
3205.00000,300.00000,2057.25261,5.72170,15.69744,30.09299,20.43194,0.60512,0.06873,0.01348
3206.00000,270.00000,2060.70797,4.92478,16.48328,30.84907,14.38004,0.50025,0.09636,0.01524
3207.00000,284.00000,2052.28935,4.46154,17.01354,26.19015,21.11938,0.58738,0.06462,0.00738
3208.00000,141.00000,2045.56157,5.46606,15.90465,34.18459,11.55912,0.50000,0.09840,0.09458
3209.00000,300.00000,2050.85725,5.02886,16.52473,32.79093,19.90283,0.61425,0.13251,0.01472
3210.00000,189.00000,2053.33868,4.51381,16.88787,28.48368,22.05439,0.62259,0.04770,0.00000
3211.00000,134.00000,2053.36372,5.11843,16.49176,41.07294,17.21490,0.50000,0.09333,0.05569
3212.00000,212.00000,2042.16899,4.33477,17.06753,27.61135,13.87356,0.50898,0.07759,0.04023
3213.00000,200.00000,2045.20448,4.16467,17.34134,27.33962,20.35506,0.65395,0.04974,0.01801
3214.00000,71.00000,2038.19199,2.65319,18.58085,21.52553,15.20851,0.65851,0.00000,0.00000
3215.00000,137.00000,2031.34605,4.81914,16.73749,35.42581,14.59701,0.50000,0.09219,0.03512
3216.00000,124.00000,2019.60292,4.63153,16.79012,33.49478,18.24217,0.50000,0.15100,0.12821
3217.00000,128.00000,2025.98137,3.30445,18.00000,22.29274,15.93326,0.66628,0.11124,0.05152
3218.00000,129.00000,2026.21233,4.40488,16.95285,25.96911,22.46992,0.62764,0.09431,0.03252
3219.00000,145.00000,2020.24407,3.68569,17.72588,31.68087,13.52572,0.50000,0.10852,0.05064
3220.00000,220.00000,2014.29504,5.20937,16.29339,32.57851,18.84160,0.53960,0.06474,0.01584
3221.00000,300.00000,2019.42841,4.21897,17.07535,11.42730,11.34840,0.54433,0.04255,0.03103
3222.00000,150.00000,2014.31950,4.50388,16.80668,35.25388,22.60093,0.50000,0.10947,0.08773
3223.00000,282.00000,2019.43085,4.48621,16.95492,28.80875,17.60175,0.50000,0.09497,0.05952
3224.00000,194.00000,2022.90297,4.74011,16.56711,27.22498,18.15050,0.59775,0.14895,0.01474
3225.00000,181.00000,2028.13024,4.17447,17.22928,32.39706,12.99666,0.50301,0.07754,0.00735
3226.00000,300.00000,2033.21242,6.24058,15.45431,29.53433,16.24058,0.50000,0.07228,0.02839
3227.00000,300.00000,2040.49225,4.49812,17.02820,23.70363,20.19674,0.82957,0.07519,0.00251
3228.00000,213.00000,2044.28085,5.34185,16.26997,31.66853,19.43051,0.57548,0.09585,0.01677
3229.00000,300.00000,2038.42083,5.00128,16.45601,28.24663,20.39820,0.61047,0.06551,0.01285
3230.00000,300.00000,2032.53352,6.62286,14.81882,17.57154,18.18274,0.87558,0.08631,0.01322
3231.00000,176.00000,2025.90563,4.54653,16.74087,24.04358,20.33098,0.66019,0.06714,0.04122
3232.00000,152.00000,2017.67026,4.53222,16.90453,24.24582,25.22076,0.72315,0.05489,0.00716
3233.00000,192.00000,2008.03579,5.03246,16.54042,33.07447,16.60917,0.50000,0.10503,0.05983
3234.00000,150.00000,2002.87439,2.85742,18.43359,24.07617,12.95996,0.50488,0.12402,0.03125
3235.00000,95.00000,2007.76824,4.21178,17.12907,34.86341,14.32707,0.50000,0.14411,0.06140
3236.00000,171.00000,2012.35060,4.54134,16.87992,30.63681,18.66043,0.56348,0.10827,0.00000
3237.00000,144.00000,2016.17081,5.21574,16.20278,30.90833,13.84537,0.50000,0.12778,0.04537
3238.00000,167.00000,2011.43976,5.48145,15.89629,33.31197,19.77234,0.54469,0.17201,0.01939
3239.00000,193.00000,2017.62956,3.94787,17.37441,17.13270,14.98389,0.66256,0.09479,0.06825
3240.00000,153.00000,2012.37794,3.68568,17.70436,30.69191,14.98237,0.50000,0.12759,0.03942
3241.00000,161.00000,2019.70379,4.42979,17.00356,36.37562,15.91661,0.50000,0.06344,0.04918
3242.00000,92.00000,2013.09100,3.99508,17.28689,32.38689,23.41148,0.64344,0.00328,0.00000
3243.00000,99.00000,2018.04846,4.32420,16.95205,35.16210,14.59475,0.50000,0.20662,0.09361
3244.00000,145.00000,2011.32820,3.38107,17.97698,22.88491,20.68798,0.65026,0.18159,0.10486
3245.00000,136.00000,2015.98368,3.77365,17.61781,30.24861,15.03247,0.50000,0.06957,0.01299
3246.00000,133.00000,2016.11870,4.21796,17.20482,28.61446,30.46988,0.77492,0.00657,0.00329
3247.00000,300.00000,2020.63610,4.62963,16.75603,23.36508,13.90711,0.50000,0.04056,0.00999
3248.00000,241.00000,2013.47968,4.13976,17.31461,32.75941,17.64965,0.50032,0.07403,0.02425
3249.00000,163.00000,2017.31667,4.90000,16.61795,25.24444,17.46239,0.53675,0.06154,0.00684
3250.00000,300.00000,2012.22028,4.19142,17.22956,21.99114,14.76907,0.77589,0.03270,0.00886
3251.00000,155.00000,2019.56710,4.91541,16.65913,31.09799,17.85008,0.59966,0.05276,0.00838
3252.00000,154.00000,2014.55942,2.67848,18.52405,25.75527,15.21519,0.50000,0.06582,0.01603
3253.00000,122.00000,2018.54332,5.07943,16.53645,32.60718,19.71491,0.57617,0.11643,0.01415
3254.00000,217.00000,2024.10752,4.33239,17.03267,27.63210,15.07457,0.50000,0.11222,0.03977
3255.00000,300.00000,2032.02965,3.55791,17.67603,23.38131,14.67489,0.50000,0.04014,0.01319
3256.00000,300.00000,2038.19321,4.67404,16.64261,23.10186,13.81548,0.50000,0.05937,0.04075
3257.00000,300.00000,2040.38766,5.67951,15.70776,25.95583,14.82126,0.56369,0.10837,0.01438
3258.00000,192.00000,2044.95481,3.46851,17.66889,19.22137,12.06966,0.50000,0.09828,0.03149
3259.00000,166.00000,2050.80805,3.55428,17.67328,25.96451,18.77662,0.54854,0.06994,0.00000
3260.00000,118.00000,2051.73792,4.02944,17.44539,34.19278,15.50617,0.50000,0.14530,0.07692
3261.00000,118.00000,2046.45326,4.29423,16.98608,35.70179,14.32604,0.50000,0.14811,0.02386
3262.00000,119.00000,2052.99126,3.26600,18.00753,21.29360,11.97240,0.50753,0.04141,0.01004
3263.00000,300.00000,2060.41127,4.11448,17.16552,19.32276,13.99517,0.51276,0.04621,0.00828
3264.00000,113.00000,2049.72121,4.17424,17.02273,30.91364,24.78788,0.68258,0.08030,0.01212
3265.00000,167.00000,2056.73592,4.02979,17.31976,25.29494,22.29196,0.58689,0.06058,0.02681
3266.00000,176.00000,2049.74435,5.22463,16.27787,36.38103,17.06240,0.55324,0.11231,0.01248
3267.00000,212.00000,2043.39630,3.81724,17.47931,21.69310,19.04310,0.73966,0.10603,0.00172
3268.00000,124.00000,2037.21088,4.67989,16.65915,29.71867,18.73670,0.51984,0.07124,0.00271
3269.00000,164.00000,2044.90225,4.34942,16.93178,30.41764,17.62396,0.50582,0.04908,0.00000
3270.00000,94.00000,2050.68406,2.09041,19.04613,18.26384,18.74539,0.53690,0.07380,0.07380
3271.00000,168.00000,2044.42343,3.26717,18.07189,18.74464,16.56974,0.57457,0.05258,0.02039
3272.00000,71.00000,2034.06996,4.16626,17.12714,31.96333,27.56968,0.62103,0.00978,0.00978
3273.00000,177.00000,2024.21308,3.84030,17.62458,28.02508,20.18144,0.58194,0.02425,0.00251
3274.00000,258.00000,2018.07217,4.13937,17.35997,24.87781,15.75826,0.55746,0.04491,0.00462
3275.00000,243.00000,2010.83734,4.68080,16.73067,22.35599,11.04863,0.50000,0.10723,0.01683
3276.00000,155.00000,2005.25749,4.28810,17.02262,29.89086,23.75123,0.69518,0.11504,0.02557
3277.00000,180.00000,2009.22134,4.37109,16.98516,28.06406,20.02500,0.50000,0.07422,0.02578
3278.00000,160.00000,2016.78583,4.02749,17.37576,31.06517,16.80754,0.58605,0.06721,0.01935
3279.00000,205.00000,2023.67845,4.41318,16.92293,26.75487,21.02786,0.62303,0.06685,0.00743
3280.00000,121.00000,2017.27277,4.61877,16.86559,26.73581,20.44148,0.66744,0.10545,0.02665
3281.00000,214.00000,2011.32917,4.40997,16.96141,24.22669,12.04100,0.63465,0.16238,0.01929
3282.00000,229.00000,2019.37029,4.18413,17.16916,27.15419,19.01347,0.63249,0.05015,0.01272
3283.00000,300.00000,2027.38444,3.98893,17.37785,26.57785,18.75225,0.53045,0.05052,0.00484
3284.00000,130.00000,2021.53612,5.07701,16.24526,34.78673,24.68365,0.61671,0.06280,0.00237
3285.00000,146.00000,2022.26073,4.21126,17.35808,34.58809,10.13295,0.50000,0.15742,0.03589
3286.00000,138.00000,2017.03887,3.90386,17.40343,30.01545,13.92618,0.50000,0.11931,0.00858
3287.00000,188.00000,2018.31229,4.93462,16.43978,27.44597,10.15967,0.50000,0.12939,0.06125
3288.00000,175.00000,2026.13433,4.66976,16.72003,28.72467,15.15777,0.50000,0.13457,0.06961
3289.00000,75.00000,2028.74609,3.05680,18.12220,26.25818,15.94148,0.50000,0.12565,0.02238
3290.00000,145.00000,2034.25201,4.13469,16.98339,29.47878,15.32565,0.50000,0.14945,0.08118
3291.00000,300.00000,2041.30083,5.21352,16.22581,22.55837,14.99155,0.60100,0.16129,0.01382
3292.00000,157.00000,2042.41442,4.28314,17.14239,33.44926,18.34943,0.50000,0.07201,0.03028
3293.00000,124.00000,2042.65487,4.95117,16.39453,32.83398,17.33496,0.52051,0.18945,0.02051
3294.00000,300.00000,2047.66137,4.62383,16.91142,24.29757,12.85590,0.50000,0.04492,0.01684
3295.00000,201.00000,2049.05868,5.49703,15.98473,27.36556,19.13740,0.55344,0.11705,0.00763
3296.00000,166.00000,2053.38807,4.04462,17.59124,29.50359,14.02869,0.55418,0.09243,0.01514
3297.00000,300.00000,2059.74607,4.53730,16.97282,26.02834,20.24581,0.51995,0.02545,0.02082
3298.00000,218.00000,2063.51026,5.22878,16.19767,28.00713,14.07518,0.50000,0.06286,0.00000
3299.00000,146.00000,2062.29484,3.63462,17.63000,35.21077,13.19923,0.50000,0.09462,0.00846
3300.00000,236.00000,2068.81484,5.20937,16.26309,33.22314,24.02410,0.54545,0.08127,0.00689
3301.00000,171.00000,2071.50103,5.12875,16.50048,30.64763,25.13553,0.64037,0.01936,0.00968
3302.00000,99.00000,2076.67240,4.15729,17.10938,34.95938,18.55729,0.50000,0.11979,0.01875
3303.00000,146.00000,2070.26439,4.28649,17.14706,28.97712,20.94880,0.66176,0.04793,0.00000
3304.00000,145.00000,2077.85751,4.25399,17.13232,38.80532,10.81597,0.50000,0.11331,0.01521
3305.00000,98.00000,2070.79139,3.15732,18.15732,32.70488,20.45000,0.50000,0.06951,0.09024
3306.00000,245.00000,2074.67051,4.36173,17.07474,24.18087,20.85725,0.68572,0.09716,0.01046
3307.00000,127.00000,2075.05641,4.57328,16.94494,41.61700,18.88988,0.50000,0.12227,0.02672
3308.00000,217.00000,2082.19687,3.91987,17.50098,29.85147,17.15179,0.50000,0.10749,0.03648
3309.00000,114.00000,2088.36723,3.63380,17.61408,27.42394,27.89718,0.52676,0.02535,0.02113
3310.00000,138.00000,2094.32139,4.30960,17.18480,28.85760,16.96400,0.50000,0.10800,0.00560
3311.00000,120.00000,2087.39488,2.45538,18.84121,20.45538,15.45669,0.50591,0.07480,0.06299
3312.00000,154.00000,2093.63330,4.79550,16.63490,27.84154,20.48287,0.58726,0.08779,0.00214
3313.00000,162.00000,2096.94830,4.06983,17.35925,33.12311,14.07415,0.50000,0.05328,0.02664
3314.00000,152.00000,2103.39563,5.67954,15.99526,39.74119,19.21951,0.50000,0.15583,0.00949
3315.00000,300.00000,2106.72320,5.32102,16.01132,29.91185,19.70339,0.55271,0.04943,0.00417
3316.00000,166.00000,2111.76396,4.33088,17.07371,29.13595,13.29156,0.50000,0.12203,0.03604
3317.00000,168.00000,2117.44267,3.89886,17.39924,29.09430,17.20913,0.50000,0.05399,0.03346
3318.00000,105.00000,2120.38433,4.21706,17.20190,39.12417,12.76209,0.50000,0.07583,0.01232
3319.00000,222.00000,2120.87157,4.29121,17.24725,26.11401,16.13255,0.50000,0.06456,0.03571
3320.00000,165.00000,2125.52189,3.56871,17.77701,28.34313,21.04581,0.72947,0.04581,0.04408
3321.00000,300.00000,2131.49372,5.71204,16.01832,26.33573,22.59948,0.73037,0.05497,0.02225
3322.00000,300.00000,2123.45714,3.95427,17.41516,20.59266,13.12756,0.50722,0.05415,0.02286
3323.00000,158.00000,2122.55240,4.05272,17.14060,29.87698,14.86467,0.50000,0.09402,0.06239
3324.00000,209.00000,2127.79081,5.21048,16.32339,22.72500,18.06935,0.67379,0.10968,0.06452
3325.00000,148.00000,2128.78842,4.30127,17.21710,41.07482,18.00000,0.50000,0.07148,0.03073
3326.00000,113.00000,2131.65442,4.50649,17.06753,31.42338,27.72597,0.60000,0.01558,0.03117
3327.00000,112.00000,2131.91203,5.90724,15.47310,39.04082,15.24583,0.50000,0.18646,0.07050
3328.00000,300.00000,2122.19546,7.33855,14.25324,26.40929,15.04752,0.50000,0.03672,0.01404
3329.00000,135.00000,2124.42501,2.48446,18.69402,25.48287,10.14343,0.50000,0.10279,0.00558
3330.00000,115.00000,2128.32194,4.20872,17.10482,35.07143,17.82839,0.50974,0.07328,0.01391
3331.00000,164.00000,2133.25516,4.58026,16.71256,35.30154,13.42243,0.55138,0.05977,0.01209
3332.00000,231.00000,2139.73622,4.00424,17.34746,17.50000,17.66208,0.71504,0.05297,0.01695
3333.00000,300.00000,2144.79403,5.53519,16.11862,30.75880,23.66345,0.66742,0.04597,0.00170
3334.00000,156.00000,2135.08274,5.34862,16.16696,30.57526,21.28547,0.68512,0.06574,0.02422
3335.00000,108.00000,2134.10284,3.41509,17.80933,31.48461,15.87786,0.50000,0.16683,0.04767
3336.00000,158.00000,2138.58532,4.44900,16.81500,25.90300,18.73000,0.61050,0.09300,0.00000
3337.00000,119.00000,2140.72634,4.57899,16.68319,37.69244,15.12269,0.50000,0.14202,0.03277
3338.00000,128.00000,2132.94223,3.11075,18.22367,26.38654,10.22910,0.55157,0.08252,0.00000
3339.00000,167.00000,2133.75725,3.33778,18.01745,22.29774,18.66222,0.59138,0.11704,0.01232
3340.00000,199.00000,2125.07382,4.44388,17.04184,21.38265,18.23878,0.66582,0.12041,0.05204
3341.00000,136.00000,2129.37693,3.90561,17.41724,27.73051,20.43365,0.61423,0.07798,0.02599
3342.00000,300.00000,2131.72361,5.58333,15.65264,23.99010,14.60066,0.71040,0.13779,0.01568
3343.00000,145.00000,2124.08976,4.79922,16.64133,30.05556,21.36745,0.75487,0.05848,0.00585
3344.00000,156.00000,2114.04392,3.94711,17.41315,33.87205,20.38956,0.50000,0.05933,0.03288
3345.00000,154.00000,2106.14359,4.04449,17.36040,24.61735,24.18354,0.77030,0.06340,0.03226
3346.00000,300.00000,2106.26389,7.35285,14.29377,28.30720,24.00644,0.59962,0.06337,0.00215
3347.00000,126.00000,2111.52252,3.41695,17.83051,22.36441,20.20678,0.66102,0.05593,0.05254
3348.00000,300.00000,2109.18329,6.24475,15.11414,20.31573,12.02726,0.51193,0.10562,0.05508
3349.00000,300.00000,2101.14702,4.15165,17.22151,18.95129,16.70956,0.73851,0.05055,0.00276
3350.00000,195.00000,2107.90600,5.58369,15.73023,39.28265,13.56468,0.50000,0.11772,0.02269
3351.00000,144.00000,2097.48332,4.23158,17.24939,32.15304,14.65506,0.50000,0.14008,0.08097
3352.00000,141.00000,2100.14267,3.46595,17.82079,22.58184,14.02270,0.50000,0.06571,0.02867
3353.00000,189.00000,2100.88548,5.53091,16.06525,32.24657,20.02610,0.62294,0.08791,0.00412
3354.00000,273.00000,2105.95014,5.12901,16.35058,21.98032,18.36808,0.79883,0.06268,0.00000
3355.00000,176.00000,2112.10458,6.47727,14.79261,33.66406,15.25071,0.52876,0.23082,0.02273
3356.00000,139.00000,2115.41151,5.43707,15.86810,36.90690,15.37328,0.50000,0.07759,0.01121
3357.00000,300.00000,2118.75191,6.13153,15.42866,24.81973,12.61421,0.50000,0.09982,0.04110
3358.00000,189.00000,2121.37285,4.34802,17.09726,27.65046,18.48328,0.51596,0.13222,0.04559
3359.00000,134.00000,2123.56701,3.46782,17.97356,29.79425,18.04943,0.57644,0.07586,0.02299
3360.00000,202.00000,2115.64612,5.22356,16.32004,28.44620,19.26994,0.66929,0.05288,0.00186
3361.00000,197.00000,2109.07863,4.66790,16.86124,28.84736,16.75301,0.62165,0.13599,0.02405
3362.00000,300.00000,2100.77394,4.28168,17.01997,14.90565,12.23760,0.54373,0.06129,0.03444
3363.00000,300.00000,2093.34446,5.56479,15.90281,26.41631,14.17387,0.51080,0.14525,0.01458
3364.00000,127.00000,2098.63273,4.65996,16.85487,34.88983,19.73729,0.57733,0.06780,0.00000
3365.00000,300.00000,2104.60221,4.74249,16.63348,16.27124,23.33562,0.81974,0.02232,0.00000
3366.00000,204.00000,2097.24134,3.46863,17.83626,25.63614,13.11292,0.50000,0.09473,0.05332
3367.00000,156.00000,2090.02065,4.09707,17.11964,20.44582,13.26185,0.71275,0.12190,0.01129
3368.00000,300.00000,2092.95127,5.35261,16.06864,28.40950,20.31641,0.62177,0.02351,0.01316
3369.00000,133.00000,2099.32640,2.92885,18.28269,26.20865,20.69135,0.64279,0.12885,0.05192
3370.00000,300.00000,2098.56559,4.13278,17.15715,24.10455,19.56382,0.55837,0.05452,0.01668
3371.00000,152.00000,2104.40361,4.81841,16.76267,31.48649,17.54645,0.57517,0.08361,0.02111
3372.00000,162.00000,2109.58066,4.66515,16.90992,30.27116,21.03003,0.55687,0.03094,0.01729
3373.00000,178.00000,2114.04324,5.04099,16.50470,32.75336,22.14180,0.53024,0.06653,0.02688
3374.00000,143.00000,2103.60346,5.02075,16.38174,25.69813,18.91390,0.51452,0.17220,0.03734
3375.00000,240.00000,2108.98339,5.81037,16.02456,32.51364,24.83902,0.78206,0.05321,0.00273
3376.00000,114.00000,2113.87859,4.22186,17.14177,33.73701,12.98593,0.50000,0.13420,0.02273
3377.00000,145.00000,2105.48281,3.17925,18.01660,28.11203,13.86888,0.50000,0.08133,0.06556
3378.00000,215.00000,2110.14215,5.02200,16.34800,24.39400,21.30500,0.64750,0.07200,0.01100
3379.00000,300.00000,2113.85103,4.08658,17.33074,19.06147,16.99394,0.69654,0.04935,0.00952
3380.00000,157.00000,2105.45093,3.02287,18.27443,22.03430,17.80769,0.76975,0.06757,0.02183
3381.00000,300.00000,2104.90780,5.27436,16.12370,19.31099,17.91983,0.66966,0.06220,0.00760
3382.00000,186.00000,2097.03920,4.31344,17.11180,28.57956,13.17078,0.50000,0.08779,0.03635
3383.00000,180.00000,2097.53678,4.80952,16.63388,28.68150,18.30835,0.50000,0.05230,0.03279
3384.00000,198.00000,2103.37017,4.35230,17.01265,23.48329,14.57543,0.69106,0.11472,0.04065
3385.00000,300.00000,2109.82061,4.19400,17.08243,17.53789,13.24563,0.56786,0.06994,0.00000
3386.00000,165.00000,2115.23373,3.93467,17.42426,32.59799,15.85714,0.50000,0.04451,0.03446
3387.00000,300.00000,2113.47343,5.94760,15.54069,26.73802,14.04459,0.50000,0.04961,0.01115
3388.00000,136.00000,2114.52575,4.50896,16.83087,38.86672,14.52767,0.50000,0.10210,0.01871
3389.00000,300.00000,2119.36265,4.79825,16.54577,23.45190,12.46706,0.50000,0.08105,0.05714
3390.00000,225.00000,2122.66296,4.70923,16.74394,29.08579,13.75180,0.50000,0.04781,0.02554
3391.00000,300.00000,2127.75514,4.96491,16.61404,22.25776,22.37719,0.78880,0.05331,0.00810
3392.00000,126.00000,2132.80769,4.23563,17.29639,42.50493,14.99589,0.50000,0.09770,0.02463
3393.00000,205.00000,2127.87778,3.81980,17.50657,26.15313,25.52282,0.72892,0.05182,0.00155
3394.00000,121.00000,2131.99390,5.08917,16.50409,41.62784,14.88899,0.50000,0.04641,0.00637
3395.00000,118.00000,2123.24888,3.68391,17.77503,33.40157,26.29359,0.55568,0.00562,0.00000
3396.00000,174.00000,2126.46096,5.13670,16.37956,36.89914,14.40279,0.50000,0.04380,0.01327
3397.00000,245.00000,2118.52309,4.46967,17.13375,24.21773,23.96112,0.75350,0.06532,0.03499
3398.00000,192.00000,2124.56114,5.03663,16.49451,38.66117,13.76435,0.50000,0.14591,0.02686
3399.00000,300.00000,2129.10636,4.54198,16.81679,18.80076,14.23130,0.50000,0.04809,0.01603
3400.00000,300.00000,2130.81666,5.68338,15.94402,24.94344,14.55102,0.50000,0.04315,0.03382
3401.00000,161.00000,2129.03800,3.95667,17.53044,23.21077,17.67447,0.81089,0.04567,0.00000
3402.00000,200.00000,2126.23442,4.85095,16.49822,32.86698,14.40736,0.50000,0.04632,0.00297
3403.00000,229.00000,2118.62980,5.08950,16.40846,26.54841,19.77380,0.69650,0.12449,0.00407
3404.00000,156.00000,2123.25986,4.41193,16.98634,35.45004,15.17541,0.50000,0.03882,0.00288
3405.00000,121.00000,2128.52189,4.65719,16.99112,38.20426,14.07105,0.50000,0.09236,0.00355
3406.00000,142.00000,2133.99321,4.67678,16.67223,38.83991,14.54704,0.50000,0.08422,0.02580
3407.00000,146.00000,2138.96753,3.83259,17.36323,34.69806,13.26457,0.50000,0.07025,0.00972
3408.00000,223.00000,2140.98986,5.83512,15.72205,28.72710,12.19267,0.50000,0.09792,0.00569
3409.00000,160.00000,2141.08832,5.59834,16.12629,40.04279,20.48033,0.50000,0.06556,0.01380
3410.00000,177.00000,2144.01272,3.90722,17.61397,38.44731,13.65063,0.50000,0.07331,0.00229
3411.00000,186.00000,2149.03514,4.34680,17.16552,25.78621,19.47488,0.75123,0.04335,0.02167
3412.00000,229.00000,2154.60157,4.75226,16.63495,31.66038,17.98769,0.58285,0.07383,0.00492
3413.00000,225.00000,2145.72277,4.79360,16.85847,23.38837,19.38837,0.55265,0.07414,0.06234
3414.00000,246.00000,2137.02972,4.99766,16.41735,34.57913,18.30305,0.50000,0.07620,0.01407
3415.00000,104.00000,2142.02340,4.17158,17.02632,36.51789,16.64000,0.50000,0.10632,0.05053
3416.00000,185.00000,2147.50575,4.43780,17.05493,29.68578,22.53554,0.60703,0.07512,0.01616
3417.00000,300.00000,2150.50390,5.28251,16.23995,26.51773,13.24350,0.50000,0.07270,0.00827
3418.00000,183.00000,2143.50811,4.80420,16.56436,34.39499,20.52913,0.50305,0.18157,0.00813
3419.00000,300.00000,2146.04889,5.26299,16.23605,24.32200,16.41052,0.65074,0.03335,0.01988
3420.00000,154.00000,2150.56635,4.13590,17.23846,26.63162,12.19316,0.50000,0.10598,0.03077
3421.00000,300.00000,2142.04579,4.89979,16.32866,22.28521,12.59425,0.51402,0.05746,0.01261
3422.00000,276.00000,2147.82048,4.89958,16.40469,28.65664,15.04450,0.50301,0.06795,0.01744
3423.00000,300.00000,2152.28761,4.74312,16.65749,20.52294,20.36697,0.79664,0.07187,0.00153
3424.00000,222.00000,2144.18434,5.47329,16.04599,29.33680,26.53783,0.91691,0.05193,0.00074
3425.00000,111.00000,2135.81345,3.99589,17.18088,29.10072,13.40904,0.64029,0.09147,0.01953
3426.00000,156.00000,2125.66365,4.40481,16.83968,29.00100,12.41683,0.54259,0.10421,0.00401
3427.00000,300.00000,2130.17351,6.88868,14.76199,23.45756,19.15929,0.62915,0.04490,0.01353
3428.00000,300.00000,2122.72902,5.48444,16.25867,22.32889,19.20711,0.82356,0.08800,0.03022
3429.00000,162.00000,2128.67289,4.88425,16.62711,37.17509,16.96777,0.53223,0.08498,0.01685
3430.00000,123.00000,2120.88288,5.05122,16.19705,32.78646,8.95312,0.50000,0.10417,0.02344
3431.00000,193.00000,2123.19467,4.46750,16.85755,22.27247,15.71319,0.72180,0.08126,0.01434
3432.00000,188.00000,2127.78232,4.71166,16.69632,28.95015,15.68712,0.53643,0.07975,0.00767
3433.00000,130.00000,2119.55857,3.81631,17.51165,31.90233,12.56272,0.50000,0.11290,0.10036
3434.00000,300.00000,2124.59494,5.20945,16.31645,29.02675,13.25157,0.58936,0.06147,0.00683
3435.00000,103.00000,2128.71468,4.23580,16.96999,38.20364,16.42337,0.50000,0.12433,0.04287
3436.00000,78.00000,2120.36609,3.77837,17.37383,32.92657,18.98531,0.50000,0.17356,0.00668
3437.00000,150.00000,2126.24207,4.59300,16.80797,27.42995,29.04831,0.72101,0.04589,0.00966
3438.00000,266.00000,2129.77003,6.12974,15.39752,28.92271,13.93582,0.51173,0.14493,0.04831
3439.00000,161.00000,2123.09812,4.57676,16.78008,28.42573,15.89544,0.50000,0.13444,0.11701
3440.00000,192.00000,2116.14994,4.91021,16.31878,27.73970,16.51647,0.52100,0.08731,0.01565
3441.00000,300.00000,2116.82361,5.71067,15.82603,30.82295,15.09624,0.60487,0.06786,0.00617
3442.00000,114.00000,2122.76114,3.71716,17.59196,26.71252,23.00309,0.65765,0.04637,0.01391
3443.00000,67.00000,2115.06006,2.90738,18.21193,28.89011,8.65620,0.50000,0.19937,0.03925
3444.00000,204.00000,2107.82446,5.30403,16.07500,25.65645,15.09758,0.60323,0.13306,0.02661
3445.00000,167.00000,2112.56417,4.28713,17.15644,29.38713,23.96931,0.77673,0.02574,0.01287
3446.00000,185.00000,2115.57949,3.66767,17.68775,23.15161,20.23795,0.63353,0.02510,0.01104
3447.00000,100.00000,2107.69779,4.51441,16.65848,36.77375,12.91035,0.50000,0.18036,0.01281
3448.00000,157.00000,2099.21173,3.30023,18.02870,33.77269,12.90768,0.50000,0.06051,0.01784
3449.00000,108.00000,2102.15723,3.88877,17.56653,30.39293,14.59563,0.50000,0.10811,0.01040
3450.00000,132.00000,2107.72346,4.57818,16.97455,37.02909,18.51091,0.52864,0.06909,0.01727
3451.00000,300.00000,2111.22996,4.40694,17.03468,30.24740,15.69249,0.52948,0.06416,0.02254
3452.00000,202.00000,2114.36832,5.26597,16.32902,26.25465,22.03961,0.70655,0.06952,0.01859
3453.00000,111.00000,2113.17733,3.37394,17.79603,22.59207,23.17989,0.76133,0.04674,0.02975
3454.00000,159.00000,2104.18464,5.31712,16.05920,34.05849,14.49331,0.50000,0.09584,0.00705
3455.00000,188.00000,2095.85758,4.44802,16.77093,26.22171,19.34591,0.64811,0.09108,0.00000
3456.00000,207.00000,2098.16370,3.12371,18.10172,20.99381,17.73746,0.50000,0.04674,0.04124
3457.00000,149.00000,2105.31284,3.77727,17.52354,26.83467,21.94604,0.69633,0.03100,0.00000
3458.00000,135.00000,2109.01068,3.78705,17.47192,31.75117,12.84867,0.50000,0.09360,0.01326
3459.00000,198.00000,2101.04159,4.30701,17.04327,26.41896,15.03915,0.50275,0.07898,0.00687
3460.00000,195.00000,2106.12446,5.00870,16.52294,29.70807,23.05459,0.62737,0.03006,0.00633
3461.00000,164.00000,2111.56782,4.74949,16.52045,25.30061,19.31493,0.76636,0.10532,0.04090
3462.00000,128.00000,2101.76541,2.65297,18.56393,24.00000,17.90525,0.51199,0.08105,0.05023
3463.00000,236.00000,2094.28910,4.72858,16.76845,27.34945,24.47074,0.58439,0.05852,0.00848
3464.00000,193.00000,2096.68958,4.14252,17.19264,23.14174,11.19969,0.50000,0.07439,0.00705
3465.00000,229.00000,2089.92672,3.92586,17.58778,28.28351,16.62515,0.52877,0.05457,0.03974
3466.00000,154.00000,2095.39503,5.65471,15.94163,40.84177,18.96835,0.50000,0.07947,0.01758
3467.00000,145.00000,2101.43499,4.56623,16.82002,29.20728,22.77351,0.65824,0.08797,0.02123
3468.00000,300.00000,2107.13709,4.47232,16.84871,22.85978,16.93235,0.60086,0.07749,0.01169
3469.00000,175.00000,2108.79808,4.92160,16.51520,31.97840,18.96160,0.50000,0.09360,0.01760
3470.00000,167.00000,2100.47544,3.81274,17.61882,25.62357,21.26236,0.79420,0.02757,0.01236
3471.00000,227.00000,2106.55336,4.82503,16.64468,31.50538,17.15074,0.50303,0.05653,0.00202
3472.00000,300.00000,2099.24357,4.77028,16.65634,19.69553,16.22242,0.65953,0.06016,0.00820
3473.00000,165.00000,2091.51480,3.99487,17.43018,24.14682,20.03696,0.71920,0.02361,0.02053
3474.00000,164.00000,2090.65219,5.36741,16.09926,35.78074,16.93481,0.50000,0.12741,0.01185
3475.00000,162.00000,2083.85533,3.57719,17.76434,32.27284,15.56774,0.50000,0.05104,0.03781
3476.00000,138.00000,2090.16852,4.74479,16.69444,33.16580,12.22309,0.50000,0.08854,0.01649
3477.00000,131.00000,2091.17866,4.26260,17.12500,29.49806,17.28295,0.50000,0.09981,0.03779
3478.00000,300.00000,2097.93463,5.26228,16.11222,23.06308,13.26096,0.54847,0.06640,0.01062
3479.00000,150.00000,2102.97576,3.62321,17.59041,31.20353,18.55929,0.50000,0.07906,0.02019
3480.00000,92.00000,2108.29726,4.08166,17.21893,32.66509,12.33373,0.50000,0.11243,0.02959
3481.00000,147.00000,2113.51610,3.78080,17.53442,28.97554,13.63225,0.50000,0.09511,0.01540
3482.00000,145.00000,2115.87399,4.23238,17.05222,23.65535,24.10705,0.78721,0.02350,0.00000
3483.00000,300.00000,2121.07673,3.67327,17.58020,22.97690,14.42838,0.53795,0.04026,0.01122
3484.00000,179.00000,2113.84447,4.00672,17.34486,25.27089,16.05860,0.57733,0.11431,0.03170
3485.00000,107.00000,2112.02041,4.55425,16.96383,41.56403,15.71750,0.50000,0.11241,0.02053
3486.00000,172.00000,2114.51191,3.87941,17.42172,29.66622,13.57229,0.50000,0.09127,0.04064
3487.00000,275.00000,2120.69205,4.69758,16.77743,32.42504,19.89902,0.50000,0.03246,0.00464
3488.00000,119.00000,2123.32186,4.38642,17.13704,31.00617,23.00864,0.88642,0.03827,0.00370
3489.00000,219.00000,2129.79337,4.88807,16.59695,37.16167,22.94912,0.50000,0.06783,0.02205
3490.00000,181.00000,2122.56165,4.02564,17.51648,29.89158,19.30623,0.59084,0.04762,0.02418
3491.00000,161.00000,2128.60947,4.79374,16.57274,30.65101,20.60497,0.56492,0.04236,0.00000
3492.00000,300.00000,2134.72366,5.01526,16.25936,18.18100,14.35922,0.54993,0.04924,0.02358
3493.00000,164.00000,2127.00041,4.17230,17.29561,30.72720,18.26943,0.50000,0.08446,0.01436
3494.00000,233.00000,2131.18205,4.58806,16.87080,29.30997,15.44380,0.50000,0.06721,0.00985
3495.00000,159.00000,2136.90919,4.57861,16.79756,39.88586,17.00287,0.50000,0.05815,0.02584
3496.00000,190.00000,2142.04086,5.28536,16.12469,28.83849,14.63096,0.50000,0.10042,0.00167
3497.00000,139.00000,2147.58318,4.25021,17.02460,35.04665,16.67091,0.50000,0.14080,0.05174
3498.00000,159.00000,2152.06235,4.98626,16.61099,36.89443,10.48807,0.50000,0.09038,0.02169
3499.00000,163.00000,2157.07520,3.88681,17.49250,30.94828,16.52549,0.50000,0.07421,0.01949
3500.00000,192.00000,2157.76779,5.08254,16.32572,32.18644,18.06559,0.52321,0.09138,0.03685
3501.00000,128.00000,2160.14744,5.55304,16.02783,34.34783,15.25043,0.57739,0.10261,0.02348
3502.00000,155.00000,2162.02872,3.98629,17.38981,30.90108,18.90108,0.59745,0.13026,0.02057
3503.00000,154.00000,2165.24497,5.07058,16.35288,27.97068,22.38762,0.67427,0.05429,0.01412
3504.00000,176.00000,2155.62849,4.40429,16.90761,30.99778,18.94383,0.54582,0.07761,0.03178
3505.00000,125.00000,2147.80015,3.58599,17.84243,33.75180,18.43151,0.50000,0.07518,0.02472
3506.00000,105.00000,2149.19835,2.66098,18.58020,25.54494,9.90671,0.50000,0.08874,0.02275
3507.00000,172.00000,2153.38035,4.28180,17.12720,33.87843,12.59874,0.50000,0.11665,0.01195
3508.00000,160.00000,2156.38578,3.55731,17.74716,31.38583,15.25109,0.50044,0.09099,0.00175
3509.00000,204.00000,2158.81046,4.36874,17.00432,25.61917,20.44991,0.61442,0.04059,0.01900
3510.00000,300.00000,2150.61984,5.71575,15.56119,25.84983,14.34032,0.50000,0.06631,0.05510
3511.00000,104.00000,2142.82065,3.63390,17.74925,35.11234,11.48345,0.50000,0.08325,0.02006
3512.00000,112.00000,2143.09839,2.57965,18.62918,20.77510,12.13788,0.53614,0.05622,0.02142
3513.00000,201.00000,2145.14515,4.84063,16.76532,29.68301,18.59545,0.70447,0.09282,0.00000
3514.00000,169.00000,2148.44630,5.38406,15.94122,34.71095,20.40177,0.58897,0.05636,0.01691
3515.00000,144.00000,2141.94049,3.19391,17.91186,25.43670,15.96314,0.51402,0.16186,0.01522
3516.00000,300.00000,2144.97916,4.85244,16.47563,19.95191,18.01713,0.55171,0.04941,0.01054
3517.00000,300.00000,2151.25285,5.02837,16.44113,24.15461,18.74965,0.63014,0.09929,0.02553
3518.00000,135.00000,2148.83946,4.24416,17.17622,27.72718,20.23885,0.65074,0.08599,0.01274
3519.00000,300.00000,2147.65652,5.63503,15.96194,33.42962,15.85465,0.50000,0.07703,0.01696
3520.00000,185.00000,2140.70035,4.88689,16.55656,35.49871,18.14589,0.50000,0.04692,0.00386
3521.00000,186.00000,2143.67125,4.70265,16.70973,24.41770,15.63186,0.72478,0.06903,0.02035
3522.00000,300.00000,2148.28062,7.00910,14.49975,28.86191,12.78553,0.50000,0.06120,0.02984
3523.00000,246.00000,2140.67088,4.65575,16.64906,25.50869,17.25334,0.51003,0.04078,0.00401
3524.00000,142.00000,2145.89639,3.18468,18.28979,19.98649,22.75526,0.80405,0.04655,0.01502
3525.00000,300.00000,2135.76134,4.59875,16.68538,24.93486,18.75052,0.61781,0.09009,0.01940
3526.00000,150.00000,2128.46006,5.31968,16.31486,31.77269,16.55181,0.50000,0.14538,0.04016
3527.00000,300.00000,2119.81564,5.73425,15.67748,26.41859,16.22396,0.50000,0.05552,0.02558
3528.00000,188.00000,2121.61565,4.28929,16.93178,26.22625,18.75820,0.55872,0.06131,0.03454
3529.00000,203.00000,2125.05383,4.55927,17.19598,26.64723,25.31262,0.69837,0.07744,0.02199
3530.00000,300.00000,2117.54851,6.47059,15.06723,24.19457,15.62508,0.54137,0.04848,0.02586
3531.00000,161.00000,2108.15611,5.21000,15.96091,28.59455,16.98000,0.50273,0.13455,0.00000
3532.00000,99.00000,2111.74127,3.47287,17.79956,32.17608,12.16168,0.50000,0.11628,0.07309
3533.00000,296.00000,2117.70636,5.97107,15.60331,24.32576,24.87948,0.80337,0.10537,0.00344
3534.00000,139.00000,2121.09823,3.72761,17.57090,29.96020,20.64801,0.60137,0.04478,0.01493
3535.00000,112.00000,2125.67080,4.19580,17.27794,36.43075,15.65616,0.50000,0.12416,0.07641
3536.00000,203.00000,2116.04170,5.83250,15.68625,35.64312,18.21813,0.57688,0.15500,0.00063
3537.00000,300.00000,2117.83081,4.32424,16.96315,16.24982,12.59985,0.73139,0.05674,0.01032
3538.00000,138.00000,2122.67547,3.53452,17.64300,23.79487,11.32742,0.50000,0.14103,0.04635
3539.00000,161.00000,2122.53225,4.03168,17.41782,26.54158,15.24158,0.52673,0.07921,0.02178
3540.00000,140.00000,2123.74111,4.88363,16.49101,30.46641,17.43992,0.50000,0.08231,0.01798
3541.00000,300.00000,2116.57021,6.41617,14.85211,19.66638,17.65520,0.68487,0.11436,0.03439
3542.00000,146.00000,2119.87581,4.19544,17.06398,28.54777,12.90009,0.50000,0.17441,0.04382
3543.00000,127.00000,2109.08821,3.99714,17.42762,32.17143,12.94762,0.50000,0.11524,0.06762
3544.00000,149.00000,2112.81349,3.73558,17.59551,34.65019,13.63296,0.50000,0.04045,0.02547
3545.00000,211.00000,2114.63342,4.48667,17.00344,25.85125,23.45744,0.65778,0.04643,0.01978
3546.00000,134.00000,2118.32645,4.42208,16.99110,36.81834,15.97952,0.54274,0.08281,0.01514
3547.00000,300.00000,2110.63892,5.66798,15.65784,27.13811,10.59470,0.50000,0.05862,0.01184
3548.00000,254.00000,2115.27872,4.20655,17.07692,25.72721,19.21011,0.62927,0.08120,0.02350
3549.00000,300.00000,2111.00517,7.36096,13.96489,17.50070,23.92205,0.85323,0.02739,0.00421
3550.00000,234.00000,2105.33071,4.47725,16.86630,22.10678,21.96936,0.79248,0.07057,0.01578
3551.00000,158.00000,2094.46140,3.39920,17.81344,22.65095,11.72618,0.50000,0.08626,0.05015
3552.00000,147.00000,2088.07530,4.30849,17.12547,31.49340,13.21038,0.54009,0.13396,0.00849
3553.00000,206.00000,2091.87394,4.92298,16.50131,29.32376,18.07572,0.53884,0.14360,0.00653
3554.00000,300.00000,2098.53155,5.23960,16.15419,22.82030,17.49196,0.53494,0.05990,0.05546
3555.00000,175.00000,2104.13428,4.77152,16.82671,26.08609,23.71523,0.95419,0.09492,0.00773
3556.00000,300.00000,2110.14863,7.14646,14.38664,23.70123,13.85296,0.54042,0.04921,0.00586
3557.00000,137.00000,2102.87983,3.65654,17.57468,31.59072,14.75359,0.50000,0.11730,0.01857
3558.00000,300.00000,2109.59625,5.22951,16.04721,28.42295,19.44787,0.81344,0.06492,0.01705
3559.00000,170.00000,2113.05050,3.83505,17.52296,22.01593,14.90909,0.58997,0.08247,0.00281
3560.00000,141.00000,2106.17333,4.45417,16.87643,36.86743,16.01391,0.50000,0.12602,0.01146
3561.00000,219.00000,2112.43733,4.70326,16.80848,31.23089,27.98410,0.72218,0.04996,0.01438
3562.00000,141.00000,2117.65056,4.86742,16.53840,37.49232,17.86580,0.50000,0.10024,0.02506
3563.00000,190.00000,2110.64492,3.61858,17.84491,24.39225,16.94319,0.53201,0.06041,0.03787
3564.00000,167.00000,2116.54401,4.32492,17.10726,32.84700,21.19479,0.50000,0.05836,0.02287
3565.00000,132.00000,2109.35454,5.22992,15.99843,32.79606,17.39370,0.50000,0.07874,0.02362
3566.00000,141.00000,2114.92074,3.36944,17.86545,21.91448,26.01482,0.75029,0.00798,0.00228
3567.00000,176.00000,2120.07503,4.09483,17.21264,30.63290,15.66739,0.50539,0.08980,0.05244
3568.00000,134.00000,2112.43869,4.58705,16.71205,30.32589,18.19196,0.62723,0.06027,0.00000
3569.00000,149.00000,2117.54464,3.92936,17.37969,26.69316,17.49558,0.50883,0.08057,0.00221
3570.00000,240.00000,2110.31607,4.72080,16.82104,25.48550,21.47970,0.85750,0.05800,0.00331
3571.00000,185.00000,2102.66009,4.29859,17.10892,27.19343,14.35775,0.50000,0.07324,0.01878
3572.00000,194.00000,2095.85330,4.68742,16.68493,32.60336,20.73973,0.50000,0.05355,0.00187
3573.00000,188.00000,2101.86297,4.17253,17.10490,33.03589,17.24431,0.51449,0.07108,0.00138
3574.00000,221.00000,2107.06474,5.39733,16.07047,33.41434,16.63305,0.50000,0.07290,0.02491
3575.00000,112.00000,2109.58414,3.81818,17.49510,31.80420,24.42238,0.56224,0.03217,0.00559
3576.00000,141.00000,2112.05917,5.34197,16.40886,33.50418,14.31689,0.50000,0.10452,0.02676
3577.00000,158.00000,2105.32230,4.71532,16.71203,36.87377,17.17949,0.50000,0.08153,0.04011
3578.00000,156.00000,2110.61119,3.47423,17.84831,33.35641,17.45729,0.50000,0.07732,0.03829
3579.00000,150.00000,2115.28747,3.32496,17.82236,26.25650,11.73917,0.50000,0.06326,0.04853
3580.00000,132.00000,2115.46861,3.46424,17.78947,22.42105,18.91093,0.51350,0.06748,0.04184
3581.00000,133.00000,2118.33236,3.40481,17.92606,27.43993,21.75323,0.58595,0.06562,0.02311
3582.00000,160.00000,2107.67461,3.66222,17.48000,25.86667,21.59667,0.61778,0.08333,0.00000
3583.00000,300.00000,2110.57575,4.83396,16.39825,23.81773,13.37578,0.54494,0.05868,0.01373
3584.00000,162.00000,2100.46467,3.70308,17.49604,24.87930,14.64758,0.58106,0.07048,0.02996
3585.00000,300.00000,2104.30846,5.22358,16.14050,27.02566,16.28039,0.51069,0.08369,0.01100
3586.00000,300.00000,2108.96486,5.42754,15.99680,15.37230,13.88471,0.61689,0.05124,0.02802
3587.00000,300.00000,2112.84159,6.35850,15.00614,25.29343,16.64702,0.56476,0.11725,0.05034
3588.00000,166.00000,2115.43002,4.69928,16.70362,33.38551,13.77609,0.50000,0.11014,0.03768
3589.00000,181.00000,2118.74359,4.04519,17.22296,28.01556,16.78074,0.53926,0.11630,0.00296
3590.00000,97.00000,2123.38160,3.73608,17.57350,33.63140,14.85301,0.50000,0.12918,0.03563
3591.00000,196.00000,2128.94001,3.76930,17.48989,26.33088,19.26103,0.60064,0.05423,0.01838
3592.00000,130.00000,2133.09901,2.96821,18.21457,18.86225,16.67152,0.81258,0.03179,0.00265
3593.00000,195.00000,2123.38805,5.09653,16.29975,28.05588,12.13040,0.50000,0.13548,0.00000
3594.00000,214.00000,2116.20301,4.13851,17.16335,27.84037,16.32422,0.50000,0.06832,0.01366
3595.00000,122.00000,2122.39248,5.26762,16.28396,31.65884,21.54750,0.62002,0.15628,0.01328
3596.00000,179.00000,2123.96274,5.34796,15.89561,29.98941,15.61120,0.50000,0.10287,0.02950
3597.00000,90.00000,2129.89313,4.48364,16.92364,41.36727,18.35758,0.50000,0.12485,0.01091
3598.00000,156.00000,2134.49404,4.44090,16.85553,25.52251,15.85460,0.52533,0.12664,0.03940
3599.00000,189.00000,2135.72623,4.89835,16.61996,30.95604,18.70330,0.55082,0.16209,0.01557
3600.00000,152.00000,2138.77074,4.07541,17.35738,30.26995,22.70492,0.52678,0.02404,0.01858
3601.00000,195.00000,2132.02222,4.46652,16.80340,20.13390,23.29649,0.81722,0.06695,0.02338
3602.00000,300.00000,2123.68744,6.78280,14.54349,25.87862,15.37199,0.50000,0.15627,0.00688
3603.00000,300.00000,2116.71148,6.06197,15.50499,26.67236,15.86610,0.51282,0.09473,0.05769
3604.00000,143.00000,2123.74990,3.63805,17.60801,23.03863,13.84835,0.91273,0.07725,0.01288
3605.00000,300.00000,2122.82022,6.57200,15.05626,20.54655,19.67448,0.67281,0.03952,0.01005
3606.00000,300.00000,2114.17580,6.04253,15.41176,17.91222,18.22353,0.65339,0.09412,0.02353
3607.00000,149.00000,2113.82685,4.96496,16.27178,24.95928,13.80777,0.61222,0.24716,0.04830
3608.00000,300.00000,2108.84563,5.02115,16.41032,19.94247,14.06176,0.76946,0.04907,0.01861
3609.00000,112.00000,2114.97502,3.08210,18.22453,32.03759,20.07122,0.50000,0.12166,0.05242
3610.00000,180.00000,2107.08474,3.87936,17.51461,28.46748,17.12064,0.65033,0.05278,0.03205
3611.00000,82.00000,2107.59688,3.21751,18.08488,33.53448,12.90716,0.50000,0.14456,0.00796
3612.00000,160.00000,2098.97432,5.02403,16.39185,24.88819,16.35319,0.62278,0.17241,0.00836
3613.00000,166.00000,2101.70381,4.45234,16.95903,33.47492,18.85953,0.54306,0.13043,0.00000
3614.00000,300.00000,2106.50543,6.96535,14.49670,20.68482,21.31353,0.73969,0.13861,0.02310
3615.00000,178.00000,2097.47911,4.05258,17.22165,24.51649,16.94330,0.54639,0.06907,0.04536
3616.00000,149.00000,2091.53271,4.75149,16.60297,29.50198,13.98416,0.55149,0.20594,0.00594
3617.00000,300.00000,2084.18658,7.50815,13.97926,20.13704,20.47407,0.69296,0.02296,0.00889
3618.00000,144.00000,2089.79560,4.39012,17.07256,26.05994,14.18402,0.54942,0.09464,0.02629
3619.00000,174.00000,2079.86214,3.80223,17.61117,24.37430,19.07039,0.62737,0.02682,0.00447
3620.00000,112.00000,2069.99822,4.00102,17.34324,32.25410,15.95184,0.50000,0.07992,0.07684
3621.00000,175.00000,2064.64921,3.26646,17.96821,24.20439,12.43755,0.50000,0.09538,0.02422
3622.00000,300.00000,2065.48588,4.92717,16.44763,19.50327,19.09820,0.85188,0.07529,0.02128
3623.00000,102.00000,2065.88666,3.65198,17.69757,29.26292,15.86170,0.55015,0.08663,0.02584
3624.00000,168.00000,2058.15201,3.98336,17.39667,35.12872,20.17951,0.55385,0.01401,0.00438
3625.00000,119.00000,2051.28595,4.75899,16.66977,33.90546,18.79494,0.57390,0.08389,0.00666
3626.00000,300.00000,2046.05823,5.69560,15.80181,25.05699,24.13795,0.70045,0.06023,0.01295
3627.00000,300.00000,2039.97530,6.08174,15.39589,31.08813,13.66164,0.50000,0.03699,0.02329
3628.00000,238.00000,2048.13871,5.01299,16.58153,25.50866,17.91631,0.72763,0.06349,0.00938
3629.00000,127.00000,2051.82625,3.54097,17.71229,31.56052,20.26443,0.50000,0.12663,0.06145
3630.00000,165.00000,2045.41447,5.21981,16.26316,31.06966,18.09830,0.50000,0.10217,0.01084
3631.00000,173.00000,2046.17749,5.70561,15.82904,36.35512,15.27591,0.50000,0.18944,0.03366
3632.00000,139.00000,2053.31316,4.02160,17.17462,28.52025,12.93879,0.50810,0.09091,0.03060
3633.00000,165.00000,2057.42562,4.10652,17.16416,21.95363,20.79323,0.88409,0.09023,0.00251
3634.00000,234.00000,2061.89577,4.54245,16.82826,26.91121,17.99546,0.52657,0.05185,0.02852
3635.00000,136.00000,2055.90205,3.66232,17.67654,27.62322,19.77607,0.68306,0.03910,0.00237
3636.00000,157.00000,2060.31630,3.61776,17.93711,22.85943,21.99014,0.73058,0.02836,0.01850
3637.00000,179.00000,2052.92552,3.54710,17.68126,23.00476,22.60799,0.75928,0.05233,0.02379
3638.00000,300.00000,2047.90154,5.52761,15.92080,25.99275,11.86057,0.51283,0.05800,0.00669
3639.00000,166.00000,2042.01579,4.42602,16.99370,25.32844,20.86988,0.75603,0.03778,0.02413
3640.00000,158.00000,2046.42062,4.75596,16.75514,30.43221,13.28348,0.50000,0.11586,0.03205
3641.00000,155.00000,2041.13335,4.91412,16.53146,31.03741,13.94983,0.50000,0.17772,0.06463
3642.00000,300.00000,2048.69544,5.15015,16.18534,21.38416,12.51848,0.50000,0.05806,0.01525
3643.00000,300.00000,2055.59831,5.66362,15.97045,30.39011,19.60075,0.59350,0.13057,0.02526
3644.00000,181.00000,2059.23725,5.26539,16.25308,42.97352,17.77278,0.50000,0.10530,0.02586
3645.00000,127.00000,2052.67437,3.44110,17.84265,30.41015,14.11780,0.50000,0.08512,0.09286
3646.00000,174.00000,2053.60660,4.40815,16.94889,31.25704,12.11630,0.50000,0.05704,0.02667
3647.00000,133.00000,2056.89374,3.90072,17.44633,30.91503,20.83989,0.62701,0.07782,0.00716
3648.00000,193.00000,2061.72464,4.28600,17.20544,21.29003,21.67069,0.66767,0.07351,0.02216
3649.00000,236.00000,2068.03190,4.97866,16.48701,26.08720,21.39147,0.88776,0.13636,0.00928
3650.00000,135.00000,2074.89528,3.70673,17.67788,24.37660,29.28526,0.76683,0.03686,0.04808
3651.00000,147.00000,2069.41815,4.44565,17.08152,23.51087,27.75136,0.80978,0.00272,0.00000
3652.00000,237.00000,2063.40325,5.50937,15.93172,30.80000,15.60121,0.50000,0.07372,0.00604
3653.00000,194.00000,2058.13495,4.63121,16.72247,33.09943,19.85966,0.56293,0.06230,0.00944
3654.00000,206.00000,2064.39169,3.81853,17.49344,25.79537,17.98610,0.58687,0.08880,0.02625
3655.00000,195.00000,2070.69327,5.32281,16.37614,32.36351,22.52632,0.50000,0.07649,0.01404
3656.00000,167.00000,2077.37804,4.43957,17.07073,33.25157,24.06267,0.53536,0.08863,0.03760
3657.00000,287.00000,2080.58131,4.09664,17.37571,31.00620,15.29354,0.51938,0.07183,0.01189
3658.00000,153.00000,2085.37287,3.52555,17.79786,31.06407,14.56445,0.50000,0.05034,0.02441
3659.00000,145.00000,2090.65214,4.31150,17.25464,28.34981,21.59951,0.59827,0.01854,0.03461
3660.00000,157.00000,2093.72472,5.34473,16.40267,36.92868,15.87073,0.50000,0.09807,0.01634
3661.00000,167.00000,2085.52565,4.36708,17.00344,36.75758,17.18871,0.55269,0.07231,0.01102
3662.00000,156.00000,2092.18857,3.51182,17.73074,29.93974,18.09382,0.50000,0.04195,0.05034
3663.00000,105.00000,2097.00362,3.70199,17.60530,26.75497,12.83576,0.58609,0.12848,0.05960
3664.00000,190.00000,2097.70065,4.42892,16.91454,32.96713,17.56039,0.52999,0.09942,0.01808
3665.00000,144.00000,2103.96055,4.06568,17.45977,36.09195,18.16256,0.50000,0.09852,0.07471
3666.00000,300.00000,2110.04302,4.94973,16.54893,21.35791,19.22386,0.83546,0.05898,0.03954
3667.00000,300.00000,2114.37190,5.32473,16.22147,24.81114,20.12024,0.73471,0.10598,0.02174
3668.00000,169.00000,2106.77241,5.63155,16.06760,43.62850,17.91474,0.50000,0.08161,0.00426
3669.00000,102.00000,2106.48563,5.29327,16.15877,37.56009,15.50165,0.50000,0.14553,0.00000
3670.00000,142.00000,2112.15541,4.67841,16.95242,33.29515,19.71542,0.50000,0.07225,0.03524
3671.00000,167.00000,2117.97330,3.12354,18.11289,23.66134,23.15868,0.68956,0.04047,0.01917
3672.00000,144.00000,2122.56330,4.47533,16.89623,35.87518,15.87446,0.50000,0.07402,0.01742
3673.00000,300.00000,2114.25118,4.86548,16.60562,30.64884,17.71367,0.50000,0.05889,0.01729
3674.00000,300.00000,2119.00686,4.67475,16.70735,27.58453,20.09932,0.61410,0.07657,0.03942
3675.00000,153.00000,2124.18955,4.72720,16.58346,33.28594,14.54250,0.53130,0.09505,0.01236
3676.00000,205.00000,2117.85435,3.44377,17.88528,27.43245,27.16377,0.80151,0.03472,0.00226
3677.00000,188.00000,2122.40109,5.96650,15.24703,31.72017,12.64620,0.50000,0.13887,0.01535
3678.00000,193.00000,2114.02416,4.97689,16.43606,30.32666,18.53082,0.51772,0.07396,0.03005
3679.00000,213.00000,2115.80041,3.23738,18.13188,21.69555,16.77016,0.57800,0.08817,0.08440
3680.00000,141.00000,2106.19902,3.81145,17.58539,25.85686,10.65054,0.57897,0.08983,0.04738
3681.00000,216.00000,2111.84959,4.23156,17.11407,31.01503,11.88661,0.50956,0.11066,0.03552
3682.00000,219.00000,2116.89101,4.99338,16.56245,23.48718,18.06534,0.72787,0.06369,0.01158
3683.00000,179.00000,2108.78246,4.81565,16.58783,26.15826,14.97217,0.51739,0.13391,0.02522
3684.00000,121.00000,2101.77227,4.73393,16.61595,40.24166,15.45321,0.50000,0.08137,0.01302
3685.00000,300.00000,2104.30495,6.52287,14.89617,22.09333,12.24660,0.55161,0.05377,0.01792
3686.00000,139.00000,2109.65389,3.90337,17.33896,21.09509,20.00613,0.65874,0.10736,0.00000
3687.00000,141.00000,2112.07830,5.14722,16.47868,34.86887,10.90748,0.50000,0.13998,0.02655
3688.00000,134.00000,2103.56860,4.20408,17.16780,27.43424,25.28005,0.78741,0.05215,0.00000
3689.00000,258.00000,2106.54436,3.67614,17.60509,23.05535,17.33657,0.72663,0.09349,0.02618
3690.00000,300.00000,2099.68403,6.19484,15.42532,21.98635,20.34344,0.61751,0.04852,0.01137
3691.00000,203.00000,2106.21091,4.85256,16.59982,30.22894,12.52015,0.50641,0.08150,0.02015
3692.00000,171.00000,2105.68662,3.74978,17.37267,25.55013,11.75776,0.50000,0.16593,0.09051
3693.00000,202.00000,2108.66908,3.75964,17.68150,27.08012,19.82690,0.86746,0.08012,0.01780
3694.00000,157.00000,2113.11163,4.13003,17.15686,26.26316,19.51393,0.57843,0.07224,0.02580
3695.00000,203.00000,2106.72273,4.57270,16.99490,31.74554,19.08737,0.50000,0.05612,0.01148
3696.00000,154.00000,2113.55963,4.05419,17.41616,28.05317,17.50716,0.68354,0.12474,0.00000
3697.00000,153.00000,2116.96224,3.59294,17.72031,24.17986,16.03098,0.54217,0.14286,0.00861
3698.00000,231.00000,2109.48862,4.28676,17.10006,29.95302,18.68639,0.66809,0.05308,0.02563
3699.00000,199.00000,2115.32591,4.14275,17.26471,29.26040,11.79268,0.52439,0.06456,0.03587
3700.00000,130.00000,2107.89982,4.12085,17.20616,29.05450,20.72630,0.62678,0.01659,0.00000
3701.00000,124.00000,2100.78552,4.17351,17.17854,38.20285,19.28835,0.50000,0.10897,0.02347
3702.00000,116.00000,2093.88686,4.66828,16.69565,19.80032,15.19646,0.69807,0.19646,0.06441
3703.00000,300.00000,2100.55114,6.45587,14.95070,26.59099,13.76506,0.50000,0.13877,0.00000
3704.00000,118.00000,2104.89722,3.97146,17.40343,39.12084,19.56327,0.50000,0.07612,0.00476
3705.00000,300.00000,2103.93082,6.19678,15.36419,26.94568,16.18570,0.50000,0.03714,0.01663
3706.00000,183.00000,2110.07621,4.96088,16.61815,32.90219,16.47105,0.52973,0.08059,0.02269
3707.00000,300.00000,2109.32282,5.15720,16.17366,17.69465,14.12346,0.65720,0.09053,0.04198
3708.00000,189.00000,2102.64993,4.08282,17.41586,25.80176,18.96652,0.70308,0.02643,0.00000
3709.00000,200.00000,2092.25052,5.14104,16.42311,27.11555,20.63551,0.76551,0.04163,0.00935
3710.00000,300.00000,2084.07628,5.55240,15.85778,20.35180,19.13997,0.81999,0.02919,0.02096
3711.00000,187.00000,2079.08346,4.71828,16.50819,31.08936,18.56753,0.50000,0.06207,0.01023
3712.00000,208.00000,2069.55838,4.08162,17.10305,25.17065,17.97362,0.63108,0.05606,0.01237
3713.00000,187.00000,2071.36153,4.21327,16.97062,18.90332,11.82275,0.56635,0.09573,0.02464
3714.00000,157.00000,2078.21509,4.29506,17.11773,33.27980,15.35974,0.50000,0.08794,0.03270
3715.00000,101.00000,2084.64443,3.18630,17.94218,24.59529,20.58887,0.71199,0.02141,0.00857
3716.00000,300.00000,2090.72165,4.45235,16.98577,23.95916,18.75000,0.73917,0.05569,0.00681
3717.00000,300.00000,2083.71185,5.47601,15.97187,20.96360,16.09211,0.50138,0.02813,0.03089
3718.00000,256.00000,2076.55114,4.99609,16.46596,27.86607,14.77009,0.57282,0.07031,0.00000
3719.00000,210.00000,2079.70832,5.11667,16.26667,18.99259,20.89907,0.71713,0.07870,0.02315
3720.00000,202.00000,2086.05633,3.97159,17.42938,26.07549,18.86445,0.67938,0.04708,0.02922
3721.00000,300.00000,2079.16812,4.83143,16.54769,27.97840,17.96641,0.55129,0.05999,0.01140
3722.00000,300.00000,2073.03675,6.19053,15.12157,19.18936,13.73700,0.50438,0.04793,0.04208
3723.00000,177.00000,2074.27752,3.56683,17.83902,22.35024,18.10537,0.83122,0.04683,0.02829
3724.00000,159.00000,2080.80555,4.48720,16.87575,29.85919,18.01506,0.56627,0.09714,0.02636
3725.00000,172.00000,2074.74361,5.18565,16.27892,31.29776,14.82691,0.50717,0.08341,0.00000
3726.00000,162.00000,2082.80471,4.52609,16.91906,26.57295,19.69116,0.83120,0.03408,0.00639
3727.00000,170.00000,2076.81817,4.38495,16.82276,34.95771,11.86567,0.50000,0.06592,0.04664
3728.00000,167.00000,2069.90016,4.39456,16.96769,25.40306,17.55357,0.53316,0.12245,0.04762
3729.00000,186.00000,2072.50995,4.27684,17.14180,32.99595,15.35517,0.50000,0.06415,0.03781
3730.00000,300.00000,2075.77444,5.67656,15.75015,18.76809,18.36549,0.71676,0.07607,0.00062
3731.00000,300.00000,2077.88963,7.12991,14.31236,24.32564,13.06986,0.53176,0.06928,0.03060
3732.00000,201.00000,2085.07394,4.70334,16.80199,33.09865,21.28886,0.51348,0.10291,0.07594
3733.00000,226.00000,2088.92502,5.31234,16.09196,20.69511,17.66777,0.64333,0.07208,0.01077
3734.00000,166.00000,2094.90984,4.48499,16.91469,33.88152,17.75908,0.50000,0.09163,0.04660
3735.00000,180.00000,2100.90538,4.31240,16.95813,28.12319,15.04187,0.53462,0.05072,0.02415
3736.00000,174.00000,2104.20945,3.97630,17.28077,22.33181,11.36645,0.50000,0.05561,0.01185
3737.00000,157.00000,2096.60560,4.51775,16.96945,32.84889,15.55656,0.50000,0.13625,0.03716
3738.00000,210.00000,2101.81268,5.09034,16.39445,28.66011,19.36852,0.53220,0.08229,0.00000
3739.00000,182.00000,2104.76246,5.13547,16.46759,31.03714,23.08594,0.51311,0.08230,0.00728
3740.00000,193.00000,2098.87270,4.94312,16.38987,24.48811,17.29679,0.64581,0.07653,0.01241
3741.00000,158.00000,2104.79182,5.50611,15.80977,32.75305,14.74607,0.50044,0.12740,0.03229
3742.00000,82.00000,2111.17458,4.12286,17.11714,33.70571,12.78143,0.50000,0.07143,0.00857
3743.00000,300.00000,2104.27360,5.77941,15.48319,24.36134,13.16176,0.50000,0.05357,0.02416
3744.00000,140.00000,2110.83848,3.90157,17.38131,29.51944,15.66501,0.50000,0.08602,0.04880
3745.00000,300.00000,2113.10604,4.80578,16.51047,22.81805,13.14152,0.52383,0.04549,0.01155
3746.00000,146.00000,2116.11400,4.60992,16.71928,21.57723,17.21082,0.67080,0.06201,0.03720
3747.00000,300.00000,2113.61810,4.87635,16.68675,30.12746,14.79201,0.56151,0.05770,0.00634
3748.00000,89.00000,2118.02430,3.17957,18.09061,26.46458,19.34432,0.54036,0.04119,0.01977
3749.00000,209.00000,2106.73145,4.69547,16.77635,32.33456,18.54779,0.50000,0.06373,0.03860
3750.00000,300.00000,2100.04148,6.10390,15.24686,22.22833,15.35539,0.70847,0.09067,0.01324
3751.00000,300.00000,2107.12829,5.57920,15.87627,22.52889,15.46975,0.56254,0.08090,0.01428
3752.00000,145.00000,2105.98037,3.80052,17.63990,22.52591,18.25777,0.87500,0.03886,0.02202
3753.00000,167.00000,2105.36550,4.63670,16.75950,31.61330,14.35380,0.50000,0.08333,0.06652
3754.00000,136.00000,2098.35841,4.13324,17.26788,24.80224,20.78682,0.71879,0.04488,0.00561
3755.00000,185.00000,2103.77576,4.73036,16.78132,26.25265,19.30149,0.67357,0.11146,0.01592
3756.00000,184.00000,2097.59734,4.19355,17.08871,22.74093,21.19254,0.66885,0.03427,0.01411
3757.00000,91.00000,2099.14581,3.54535,17.65698,36.68837,16.96163,0.50000,0.10116,0.02093
3758.00000,98.00000,2092.61958,2.48206,18.75239,27.17703,15.10407,0.50000,0.07656,0.06220
3759.00000,300.00000,2098.50273,4.75731,16.80763,18.18994,20.50649,0.84619,0.04383,0.01299
3760.00000,103.00000,2100.23867,4.37689,16.92549,39.19546,17.49676,0.50000,0.10799,0.01620
3761.00000,187.00000,2094.28378,4.41359,16.96440,31.66278,15.30162,0.50000,0.03560,0.00841
3762.00000,300.00000,2101.13799,6.37425,15.11015,21.58129,21.95023,0.68381,0.04048,0.01062
3763.00000,124.00000,2106.95881,5.00643,16.48209,38.24059,16.25620,0.50000,0.15611,0.00918
3764.00000,110.00000,2105.49039,2.84726,18.27185,34.32949,11.80307,0.50000,0.05572,0.02017
3765.00000,300.00000,2107.93753,5.93657,15.63486,29.52825,19.85608,0.54984,0.04264,0.01333
3766.00000,160.00000,2112.07454,5.14381,16.39454,39.73083,19.94395,0.58960,0.05162,0.00221
3767.00000,204.00000,2117.46778,4.45833,17.06826,24.60018,23.04078,0.80851,0.07801,0.01241
3768.00000,119.00000,2122.61891,4.32919,17.06832,31.30967,9.92813,0.50000,0.14552,0.00621
3769.00000,172.00000,2127.98983,3.64947,17.67794,19.71886,23.51423,0.61922,0.06139,0.04093
3770.00000,236.00000,2134.42699,5.03333,16.55000,34.74167,18.26786,0.50268,0.07857,0.00536
3771.00000,299.00000,2138.41794,3.77251,17.56550,25.04737,12.90760,0.60965,0.09064,0.01520
3772.00000,300.00000,2130.94969,4.69864,16.57074,12.25097,14.60078,0.64244,0.03391,0.03101
3773.00000,162.00000,2123.31536,3.70936,17.61580,28.62761,15.78565,0.50545,0.08265,0.01453
3774.00000,137.00000,2119.57956,3.33105,17.85030,28.36955,9.26775,0.50000,0.09666,0.02053
3775.00000,145.00000,2124.96066,4.39782,17.00817,23.03134,15.90191,0.66417,0.04768,0.00136
3776.00000,177.00000,2127.45605,3.13348,18.10407,21.01018,17.84955,0.63744,0.04525,0.00905
3777.00000,300.00000,2118.03763,4.39959,16.96367,22.64770,18.23852,0.64873,0.06717,0.00822
3778.00000,181.00000,2109.17780,4.63353,16.68723,32.25254,20.19739,0.50000,0.11901,0.00290
3779.00000,152.00000,2108.51707,4.34152,17.08889,27.11345,23.97427,0.85556,0.01988,0.02339
3780.00000,169.00000,2115.47052,3.77825,17.58134,29.29966,22.68664,0.63998,0.04623,0.00000
3781.00000,174.00000,2107.80814,4.97053,16.38316,30.60316,16.35158,0.60105,0.14105,0.00737
3782.00000,130.00000,2101.49363,4.47743,16.89311,27.77553,19.66983,0.52316,0.05226,0.06057
3783.00000,207.00000,2094.48896,4.55096,16.75096,26.63694,15.71911,0.50000,0.08981,0.01401
3784.00000,201.00000,2087.00124,4.41208,17.13522,36.09674,14.68413,0.50000,0.04757,0.02084
3785.00000,300.00000,2093.31508,5.10593,16.34927,26.01755,18.88015,0.66102,0.07385,0.01695
3786.00000,163.00000,2098.12287,3.89005,17.58464,27.58377,13.51920,0.56894,0.09948,0.07766
3787.00000,169.00000,2091.30160,4.39006,17.05391,26.49154,20.57822,0.78964,0.04757,0.02960
3788.00000,131.00000,2094.68360,3.99912,17.23905,35.60771,14.85464,0.50000,0.04904,0.01664
3789.00000,123.00000,2088.15232,3.19301,17.97416,23.98480,15.91337,0.61170,0.04711,0.00304
3790.00000,160.00000,2090.76235,5.42102,15.96678,36.33288,12.72542,0.50000,0.18373,0.05288
3791.00000,247.00000,2084.25961,3.81194,17.51426,21.35116,16.44207,0.68405,0.06774,0.02050
3792.00000,141.00000,2087.59058,3.76991,17.48673,24.86173,15.35066,0.64491,0.08628,0.02102
3793.00000,208.00000,2080.79738,3.88536,17.36643,16.13204,17.78608,0.71699,0.08495,0.02866
3794.00000,300.00000,2087.05583,4.64800,16.74667,21.48622,20.52978,0.79467,0.07556,0.00889
3795.00000,210.00000,2093.24877,4.13100,17.27367,28.39689,17.23671,0.52918,0.10765,0.01946
3796.00000,109.00000,2084.39585,3.72736,17.58962,35.10094,12.90660,0.50000,0.17453,0.03585
3797.00000,139.00000,2086.39539,3.84564,17.53595,29.13039,14.88591,0.50000,0.06328,0.01246
3798.00000,141.00000,2087.12442,5.20566,16.29059,36.97086,12.59201,0.50000,0.08410,0.00500
3799.00000,159.00000,2093.75684,3.19327,17.97929,25.78257,13.74892,0.50000,0.09318,0.00518
3800.00000,119.00000,2099.64145,3.90669,17.37465,18.88440,19.50975,0.77716,0.02507,0.00279
3801.00000,135.00000,2105.97988,3.72089,17.68740,26.86284,19.20096,0.70415,0.04785,0.00797
3802.00000,157.00000,2099.14646,3.54300,17.65684,26.96396,11.87797,0.50000,0.10401,0.09828
3803.00000,223.00000,2093.39834,4.96281,16.43347,32.02847,11.12144,0.50000,0.09529,0.01162
3804.00000,206.00000,2094.41993,3.62301,17.71612,27.79334,20.97653,0.53520,0.04088,0.01363
3805.00000,170.00000,2097.56070,4.09907,17.20743,23.77322,16.04799,0.50000,0.05573,0.06811
3806.00000,198.00000,2091.08473,4.25114,17.19290,24.85350,19.74522,0.85396,0.06733,0.00728
3807.00000,195.00000,2094.74187,4.60497,16.91106,31.36859,26.33333,0.70954,0.03205,0.00000
3808.00000,294.00000,2087.76771,4.59121,16.77746,21.90162,23.67908,0.87727,0.02579,0.00191
3809.00000,165.00000,2082.26651,4.88083,16.59793,31.98549,21.13368,0.59430,0.09119,0.01347
3810.00000,300.00000,2075.48223,4.90814,16.51270,23.73616,18.83583,0.52866,0.03388,0.01173
3811.00000,300.00000,2069.49260,6.17124,15.50404,28.79698,14.99138,0.50000,0.04954,0.02854
3812.00000,116.00000,2069.05139,4.06684,17.31062,28.44692,15.64351,0.50000,0.09961,0.03539
3813.00000,300.00000,2075.70677,4.62826,16.63867,21.24219,18.99219,0.72428,0.04036,0.01237
3814.00000,178.00000,2079.17798,5.52793,15.81257,39.27390,11.24436,0.50000,0.15521,0.02793
3815.00000,161.00000,2070.31487,4.51901,16.86649,31.80990,18.13439,0.50000,0.08046,0.00265
3816.00000,156.00000,2077.08448,3.94605,17.52279,30.65860,18.43721,0.67860,0.05302,0.00186
3817.00000,300.00000,2082.77989,6.13196,15.26448,24.38363,16.11526,0.55624,0.05679,0.01893
3818.00000,132.00000,2076.86296,4.05415,17.33613,29.96732,13.39402,0.50000,0.08497,0.03735
3819.00000,249.00000,2083.85129,4.43655,16.93448,28.94414,20.93862,0.60552,0.05517,0.01310
3820.00000,300.00000,2089.90384,4.19265,17.29337,20.16387,13.64428,0.62110,0.06155,0.00879
3821.00000,174.00000,2082.64981,3.86444,17.46715,23.88738,22.40042,0.71689,0.05631,0.00104
3822.00000,300.00000,2082.87324,4.25099,17.07884,26.16097,16.74639,0.61104,0.04336,0.02168
3823.00000,183.00000,2075.40177,4.18299,17.28093,29.26117,18.85137,0.69588,0.09021,0.00000
3824.00000,178.00000,2068.50273,3.87699,17.38876,31.04632,19.49810,0.50038,0.08352,0.05619
3825.00000,140.00000,2060.97179,3.47807,17.84064,20.29386,19.80409,0.77047,0.02924,0.00731
3826.00000,185.00000,2055.36016,4.53038,17.01545,24.76210,19.59320,0.64882,0.09166,0.03296
3827.00000,131.00000,2048.86786,3.58385,17.68116,28.05487,9.06832,0.52795,0.12008,0.00000
3828.00000,141.00000,2056.11877,3.63017,17.78879,28.30345,17.79914,0.50000,0.05603,0.01638
3829.00000,300.00000,2063.17726,4.86863,16.59383,25.10724,26.07373,0.76408,0.02279,0.01542
3830.00000,138.00000,2068.17984,4.45815,16.99370,35.02970,17.39064,0.50000,0.08641,0.03150
3831.00000,243.00000,2061.10924,3.52008,17.84576,25.43212,17.54812,0.66061,0.05800,0.03442
3832.00000,144.00000,2066.66584,4.57712,16.76076,27.69360,18.50577,0.60860,0.03463,0.00630
3833.00000,113.00000,2073.07802,3.99763,17.44024,33.96568,27.41183,0.65444,0.00355,0.00000
3834.00000,181.00000,2067.03570,4.11439,17.29889,24.03444,18.00000,0.66974,0.09963,0.02091
3835.00000,133.00000,2061.59785,4.65935,16.78314,32.51536,18.15716,0.52107,0.12028,0.03161
3836.00000,190.00000,2054.32916,5.08628,16.57891,31.60398,19.75664,0.63459,0.05531,0.00516
3837.00000,249.00000,2060.89772,4.67109,16.71153,27.28425,18.68377,0.66204,0.08509,0.00845
3838.00000,121.00000,2068.19662,2.85962,18.41731,29.72019,13.77212,0.50000,0.07692,0.06538
3839.00000,300.00000,2074.26023,7.00437,14.35680,27.29515,16.77524,0.50000,0.05534,0.01990
3840.00000,188.00000,2077.34679,4.16435,17.10522,28.36261,15.00870,0.54000,0.06870,0.04957
3841.00000,300.00000,2080.16631,4.68491,16.69351,21.11884,22.20563,0.75880,0.06255,0.04535
3842.00000,300.00000,2086.71181,6.53390,15.00329,23.03160,17.49243,0.64121,0.08558,0.00527
3843.00000,185.00000,2080.62219,4.59289,16.86430,26.32795,19.86430,0.77746,0.11632,0.00889
3844.00000,300.00000,2087.18394,5.26493,16.21746,23.83231,22.80628,0.72052,0.05743,0.03063
3845.00000,127.00000,2094.18492,4.92660,16.86702,38.48085,34.30957,0.76489,0.03511,0.00000
3846.00000,207.00000,2087.88844,4.10093,17.36722,31.58482,20.79814,0.72262,0.02577,0.00000
3847.00000,191.00000,2082.40473,3.89465,17.59424,29.46091,16.49630,0.56132,0.08313,0.04198
3848.00000,169.00000,2076.43892,4.98391,16.51180,31.50966,26.19206,0.76395,0.06438,0.00751
3849.00000,117.00000,2070.64936,3.33675,17.83726,33.41760,12.89355,0.50000,0.06244,0.02559
3850.00000,106.00000,2064.82091,3.44970,17.79980,34.56338,16.37626,0.50000,0.13179,0.02012
3851.00000,170.00000,2068.14292,3.81750,17.42334,29.67764,14.46672,0.50000,0.12640,0.00972
3852.00000,153.00000,2074.84474,4.59168,16.79303,31.87627,20.84702,0.53543,0.09336,0.03375
3853.00000,192.00000,2082.06335,4.59173,16.86992,28.87519,17.23684,0.50000,0.06391,0.00827
3854.00000,241.00000,2074.29648,4.76652,16.67469,31.32251,14.98768,0.50000,0.04759,0.04143
3855.00000,162.00000,2080.58506,5.00096,16.61383,28.14025,22.74159,0.68444,0.05091,0.00192
3856.00000,273.00000,2082.45370,4.48632,16.92462,27.98266,19.84590,0.54003,0.03602,0.01734
3857.00000,141.00000,2076.53296,4.38155,17.17379,32.60000,25.45922,0.60340,0.05146,0.00388
3858.00000,290.00000,2070.64562,4.95455,16.60212,26.69614,19.98319,0.63045,0.09589,0.00000
3859.00000,154.00000,2061.17460,4.59640,16.84062,34.09426,16.19366,0.50000,0.07112,0.00686
3860.00000,188.00000,2056.58810,4.86681,16.68195,33.34279,14.31004,0.50000,0.07060,0.03057
3861.00000,131.00000,2060.66437,4.02500,17.17500,36.32054,13.80446,0.50000,0.11071,0.03929
3862.00000,180.00000,2066.85124,3.75119,17.58818,28.04480,27.84747,0.69781,0.05338,0.03718
3863.00000,219.00000,2069.76472,4.18241,17.42671,26.74919,27.43893,0.69422,0.02687,0.00326
3864.00000,197.00000,2064.41512,4.00294,17.42409,22.27522,16.13810,0.69882,0.05093,0.02644
3865.00000,300.00000,2058.88906,5.76376,15.69037,18.85092,19.31881,0.57110,0.03287,0.00765
3866.00000,300.00000,2053.43013,4.13839,17.14770,19.60080,13.87891,0.50000,0.04591,0.01065
3867.00000,70.00000,2054.99583,1.90931,19.34845,17.36038,11.98091,0.64200,0.00477,0.00477
3868.00000,143.00000,2056.04468,4.27255,17.19608,27.17451,24.76961,0.81814,0.03824,0.00098
3869.00000,185.00000,2049.09148,3.67598,17.56983,23.27467,16.76071,0.50326,0.11639,0.06704
3870.00000,146.00000,2043.95647,3.76774,17.57903,33.21371,17.65968,0.50000,0.14032,0.13710
3871.00000,175.00000,2035.58971,3.77391,17.60395,30.88854,13.70435,0.51186,0.04664,0.01186
3872.00000,222.00000,2036.89173,4.11691,17.22242,32.70683,19.43945,0.50090,0.04436,0.01139
3873.00000,265.00000,2043.64275,4.31910,17.00000,18.20548,16.28122,0.56164,0.04915,0.00725
3874.00000,195.00000,2038.99836,4.39919,16.93145,25.19274,16.40081,0.61290,0.08548,0.03145
3875.00000,182.00000,2034.46480,3.64444,17.60444,24.55644,13.26667,0.54133,0.09956,0.01244
3876.00000,142.00000,2038.37028,4.42868,17.07364,35.79380,12.38140,0.50000,0.16512,0.01550
3877.00000,184.00000,2031.66430,4.38852,17.04947,29.90172,13.08905,0.50000,0.13259,0.05739
3878.00000,150.00000,2039.30586,3.30802,18.06610,32.56188,13.22574,0.50000,0.06188,0.03657
3879.00000,219.00000,2042.21760,4.74837,16.71429,29.59101,19.82959,0.59681,0.03118,0.01668
3880.00000,108.00000,2047.66259,4.16602,17.32524,38.90777,14.14660,0.50000,0.15049,0.01942
3881.00000,151.00000,2041.56205,3.89939,17.37652,30.07241,13.40701,0.50000,0.20198,0.03049
3882.00000,203.00000,2047.33599,4.10774,17.30893,30.94583,9.16667,0.50000,0.10774,0.06190
3883.00000,194.00000,2053.98982,4.10060,17.16942,30.84249,22.06221,0.57214,0.07677,0.04897
3884.00000,235.00000,2059.13720,4.91274,16.50510,26.43121,16.10828,0.50000,0.14395,0.03312
3885.00000,116.00000,2063.10253,4.09645,17.15482,30.60279,18.11294,0.73350,0.14848,0.00000
3886.00000,159.00000,2069.91211,3.90390,17.46963,25.37806,15.11423,0.50000,0.07253,0.00363
3887.00000,170.00000,2063.27266,4.99270,16.44120,32.68225,12.76844,0.50000,0.15340,0.01023
3888.00000,169.00000,2052.21604,3.67347,17.66440,24.26984,19.82086,0.64116,0.04875,0.03628
3889.00000,127.00000,2058.04967,3.06944,18.09722,21.80833,20.54583,0.78056,0.02917,0.00000
3890.00000,109.00000,2051.81526,3.43612,17.77906,35.62056,16.43324,0.50000,0.13545,0.00000
3891.00000,222.00000,2045.75794,3.79648,17.71441,22.51005,16.42965,0.71943,0.13819,0.09715
3892.00000,160.00000,2052.60671,3.76535,17.51584,25.80000,18.58020,0.55495,0.03861,0.02871
3893.00000,149.00000,2046.79034,5.36115,16.12715,35.90328,17.81669,0.57371,0.14665,0.00156
3894.00000,300.00000,2040.81712,4.87421,16.41893,20.26659,10.01904,0.50000,0.11310,0.03808
3895.00000,136.00000,2047.49242,4.34314,17.12309,27.42702,22.24728,0.56209,0.10131,0.03922
3896.00000,211.00000,2051.24444,4.79262,16.63422,34.35852,17.55623,0.50000,0.13482,0.01209
3897.00000,193.00000,2042.22578,4.84473,16.52996,31.18987,22.35527,0.66624,0.03629,0.00000
3898.00000,103.00000,2049.04771,4.85199,16.53668,34.45174,26.87645,0.84299,0.00257,0.00644
3899.00000,300.00000,2044.39792,6.13325,15.25090,24.85114,17.09244,0.56303,0.04502,0.01681
3900.00000,165.00000,2038.96567,4.76759,16.78981,28.19074,18.27963,0.50000,0.06296,0.01019
3901.00000,145.00000,2045.65224,3.88767,17.59544,31.82348,17.04983,0.50760,0.14274,0.05490
3902.00000,300.00000,2053.16635,5.14643,16.29929,23.43929,19.42500,0.66071,0.07571,0.00857
3903.00000,300.00000,2057.45558,6.46976,15.13826,18.38335,20.12962,0.84682,0.05656,0.00943
3904.00000,92.00000,2048.90078,2.11413,19.15761,24.20245,13.16576,0.50000,0.09375,0.07745
3905.00000,150.00000,2044.06641,4.41324,17.13240,30.18355,20.86259,0.63089,0.09127,0.01705
3906.00000,117.00000,2044.19889,2.97740,18.22599,27.48927,21.69605,0.50000,0.13672,0.03051
3907.00000,300.00000,2051.90034,4.77300,16.77451,18.87406,18.75792,0.81561,0.06561,0.03017
3908.00000,300.00000,2059.74690,6.23121,15.40173,22.19725,16.66474,0.62247,0.05564,0.00000
3909.00000,270.00000,2049.37169,5.02570,16.47357,25.24963,18.65932,0.60609,0.07783,0.06167
3910.00000,300.00000,2051.39502,5.15065,16.30984,29.25128,18.16259,0.50000,0.06197,0.03411
3911.00000,126.00000,2055.10233,4.70270,16.97804,40.79645,12.44088,0.50000,0.10642,0.02111
3912.00000,198.00000,2060.58804,4.54211,16.85094,30.64773,14.88503,0.50000,0.04078,0.01136
3913.00000,184.00000,2064.54573,4.83355,16.78283,33.87126,14.67490,0.50000,0.07347,0.02536
3914.00000,136.00000,2070.65364,3.77489,17.39663,35.43568,15.97473,0.50000,0.09265,0.04058
3915.00000,192.00000,2076.98800,3.68438,17.72303,24.88647,13.65459,0.53100,0.06924,0.06763
3916.00000,177.00000,2083.15254,3.63163,17.66429,25.17959,20.83571,0.83469,0.16122,0.03776
3917.00000,271.00000,2086.28216,5.51624,16.00861,30.18025,15.37442,0.53545,0.09808,0.01723
3918.00000,172.00000,2080.06000,4.19216,17.11504,31.83059,13.00632,0.50000,0.11441,0.02402
3919.00000,225.00000,2073.01022,4.15433,17.49729,24.75361,18.82310,0.77437,0.09206,0.00993
3920.00000,300.00000,2079.59063,5.23159,16.18326,24.11314,21.32823,0.64408,0.07896,0.02887
3921.00000,237.00000,2072.66122,5.09127,16.41525,39.09178,27.02558,0.53335,0.06118,0.00652
3922.00000,300.00000,2074.17480,4.63067,16.68467,16.83081,13.69618,0.65515,0.09503,0.03672
3923.00000,224.00000,2080.11142,4.66238,16.87483,32.73748,17.59811,0.50507,0.05413,0.01353
3924.00000,218.00000,2080.43348,4.68644,16.83369,36.49841,19.04078,0.50000,0.05614,0.00424
3925.00000,162.00000,2071.49276,3.88805,17.51803,28.61670,19.74668,0.67362,0.12429,0.02372
3926.00000,185.00000,2078.86251,4.58802,16.85118,36.31639,15.61343,0.50000,0.05324,0.01391
3927.00000,300.00000,2085.55058,4.39606,16.93250,24.07706,12.42652,0.50000,0.06213,0.06153
3928.00000,218.00000,2092.66405,4.69524,16.79121,27.46593,21.70769,0.50000,0.06081,0.03004
3929.00000,300.00000,2098.51268,5.53267,15.96674,27.09685,19.90373,0.50963,0.04784,0.00700
3930.00000,184.00000,2104.59770,4.72213,16.80016,27.38376,22.24283,0.66879,0.06210,0.00637
3931.00000,216.00000,2103.66920,3.92653,17.43302,28.64477,23.60156,0.64261,0.04667,0.02334
3932.00000,191.00000,2096.73769,4.31524,17.15061,29.55604,27.20578,0.70578,0.03240,0.01664
3933.00000,118.00000,2089.98127,3.33869,17.77186,28.26633,15.06332,0.50000,0.10251,0.02613
3934.00000,300.00000,2083.71565,6.02645,15.62479,24.70083,17.83361,0.50248,0.05455,0.02424
3935.00000,112.00000,2090.59380,4.38588,17.01257,39.32302,16.65667,0.50000,0.10928,0.01451
3936.00000,240.00000,2093.57872,5.00059,16.42522,31.20293,14.80469,0.50000,0.03754,0.01877
3937.00000,244.00000,2095.58404,4.74780,16.68426,25.91398,23.70283,0.78299,0.03812,0.01466
3938.00000,136.00000,2100.66707,3.70234,17.80769,36.93562,22.24498,0.50000,0.09699,0.05268
3939.00000,148.00000,2093.38447,4.00372,17.27721,28.99721,18.26047,0.50419,0.10140,0.01860
3940.00000,300.00000,2098.85244,4.68761,16.57451,17.33662,15.10772,0.71005,0.05835,0.00000
3941.00000,125.00000,2101.83706,3.23540,17.97125,35.05121,9.30548,0.50000,0.12309,0.03324
3942.00000,300.00000,2101.48578,6.03016,15.54662,32.85969,17.84781,0.50000,0.04662,0.01143
3943.00000,191.00000,2104.25839,4.84059,16.66115,28.75261,20.37544,0.68249,0.05314,0.02178
3944.00000,168.00000,2109.85874,5.14915,16.26305,38.20814,16.28068,0.50000,0.07322,0.01356
3945.00000,149.00000,2103.06031,4.43506,17.10853,31.99907,21.19388,0.61688,0.05102,0.00000
3946.00000,253.00000,2108.92142,4.73031,16.58475,35.33549,21.31057,0.50000,0.08524,0.07129
3947.00000,162.00000,2102.75753,3.93798,17.39729,25.20736,15.50484,0.60417,0.12597,0.02229
3948.00000,103.00000,2108.16580,3.67016,17.66283,36.97277,14.86806,0.50000,0.10890,0.03560
3949.00000,204.00000,2112.94003,5.34443,16.09365,33.43034,23.51006,0.73297,0.07585,0.01858
3950.00000,300.00000,2117.06589,6.29800,15.13568,27.96729,17.84373,0.50000,0.06481,0.01514
3951.00000,192.00000,2110.44914,4.17862,17.13508,33.83547,20.58579,0.50000,0.06082,0.01921
3952.00000,225.00000,2116.09965,5.17233,16.43669,28.83570,18.68437,0.50000,0.05991,0.05312
3953.00000,171.00000,2121.17566,4.50941,16.98842,33.28871,17.96527,0.62048,0.06440,0.01013
3954.00000,143.00000,2125.64731,2.47615,18.70231,29.23538,13.83000,0.50000,0.03769,0.02231
3955.00000,97.00000,2128.04315,4.43018,17.17556,41.85832,15.47536,0.50000,0.06263,0.00719
3956.00000,202.00000,2133.43870,3.95286,17.38616,23.09629,22.40221,0.67803,0.06319,0.02106
3957.00000,214.00000,2139.28251,4.60345,16.75415,26.74968,10.77011,0.50000,0.07663,0.01277
3958.00000,165.00000,2132.68409,4.29770,17.16313,27.18157,21.56037,0.63779,0.08295,0.02949
3959.00000,300.00000,2137.46976,6.52996,14.98402,29.36218,17.04261,0.61851,0.03928,0.01398
3960.00000,159.00000,2141.69504,3.69897,17.46913,26.93225,19.15009,0.57461,0.06261,0.00943
3961.00000,200.00000,2134.22384,5.47391,16.13367,26.99929,16.87706,0.60508,0.09864,0.02073
3962.00000,210.00000,2140.31436,4.55641,16.83718,31.03205,16.14167,0.50865,0.06090,0.01474
3963.00000,195.00000,2144.69761,4.15373,17.17612,31.61791,19.26045,0.59254,0.03358,0.00448
3964.00000,176.00000,2149.17594,4.12428,17.22555,22.85731,19.50058,0.65478,0.06099,0.00115
3965.00000,101.00000,2141.92121,3.70505,17.68047,30.55110,16.87969,0.50000,0.08409,0.02199
3966.00000,227.00000,2135.39248,4.28096,17.01164,21.43724,19.84622,0.73192,0.06733,0.02826
3967.00000,195.00000,2139.40763,4.85168,16.52147,30.19204,17.36456,0.50000,0.14598,0.02030
3968.00000,161.00000,2144.19095,5.30755,16.12921,29.92266,19.99727,0.56779,0.10737,0.02548
3969.00000,95.00000,2147.50993,4.78947,16.59211,37.18311,12.85855,0.50000,0.15461,0.04715
3970.00000,300.00000,2153.18370,5.95391,15.44957,21.69673,14.55244,0.51169,0.04542,0.01603
3971.00000,300.00000,2154.10091,5.41743,16.04312,17.75596,17.86422,0.82890,0.06055,0.01376
3972.00000,240.00000,2158.17863,5.27312,16.13765,27.53095,22.73197,0.65732,0.09468,0.04516
3973.00000,158.00000,2150.87359,3.61158,17.68947,22.79158,15.87368,0.61105,0.08737,0.02526
3974.00000,70.00000,2141.99085,3.21472,18.00000,31.24847,14.40337,0.50000,0.14724,0.03528
3975.00000,149.00000,2144.71863,4.80672,16.51092,34.98487,15.51008,0.50000,0.09328,0.01765
3976.00000,177.00000,2149.21043,4.73440,16.56796,30.73856,6.93412,0.50000,0.13939,0.06657
3977.00000,161.00000,2149.98410,4.11303,17.30077,26.05939,20.43008,0.67289,0.06801,0.01245
3978.00000,172.00000,2150.91214,4.65649,16.67661,34.09299,11.99722,0.50000,0.11312,0.02845
3979.00000,160.00000,2152.73232,4.90873,16.50238,37.89683,21.95079,0.50000,0.05873,0.04048
3980.00000,138.00000,2156.59901,3.78365,17.40179,29.87537,12.97607,0.50000,0.09671,0.04786
3981.00000,300.00000,2162.16963,4.64804,16.76856,20.46688,22.96089,0.83839,0.06464,0.00399
3982.00000,152.00000,2167.41063,4.63790,16.78799,28.55253,15.52251,0.55441,0.08255,0.02251
3983.00000,300.00000,2161.02857,6.54027,14.90324,29.93985,14.17782,0.50000,0.05126,0.02040
3984.00000,106.00000,2165.07625,4.38162,16.96204,42.73027,18.41558,0.50000,0.07992,0.02697
3985.00000,187.00000,2168.49411,3.52532,17.81772,29.98608,13.67025,0.50000,0.07025,0.04684
3986.00000,210.00000,2171.71361,3.92873,17.48701,27.15961,19.01336,0.55308,0.05716,0.05048
3987.00000,216.00000,2172.80400,4.15645,17.12259,33.40047,20.10099,0.52481,0.07764,0.00759
3988.00000,135.00000,2162.50169,4.03536,17.44420,26.42983,13.58343,0.50994,0.09945,0.00994
3989.00000,300.00000,2167.21549,5.72300,15.88732,24.25665,21.39124,0.76213,0.05790,0.00000
3990.00000,122.00000,2156.19429,2.67325,18.49012,16.97365,14.04611,0.70751,0.12912,0.08169
3991.00000,196.00000,2149.06207,3.91061,17.48790,24.63408,21.25605,0.70112,0.06890,0.00000
3992.00000,211.00000,2152.56282,4.70481,16.95652,20.46339,20.93936,0.76945,0.06979,0.04462
3993.00000,134.00000,2145.41628,3.89837,17.36341,32.28211,14.28943,0.50000,0.09919,0.03008
3994.00000,300.00000,2149.78850,4.42707,16.87035,13.84366,16.47188,0.78980,0.06387,0.00858
3995.00000,300.00000,2151.47952,6.69917,14.94606,27.60010,16.34129,0.50882,0.05861,0.00674
3996.00000,300.00000,2149.97360,4.21350,17.18312,16.96878,18.87764,0.75992,0.04388,0.01519
3997.00000,146.00000,2154.80800,4.71959,16.57770,26.84122,21.87050,0.73536,0.05180,0.00676
3998.00000,229.00000,2145.35223,3.02896,18.16799,18.82114,14.72991,0.61622,0.05358,0.04345
3999.00000,153.00000,2138.21646,3.36650,17.88976,29.48747,10.72870,0.50000,0.04510,0.00072
4000.00000,300.00000,2142.32555,4.06995,17.25608,20.38234,15.69887,0.50000,0.04564,0.01541
